/*--------------------------------*- C++ -*----------------------------------*\
| =========                 |                                                 |
| \\      /  F ield         | OpenFOAM: The Open Source CFD Toolbox           |
|  \\    /   O peration     | Version:  2212                                  |
|   \\  /    A nd           | Website:  www.openfoam.com                      |
|    \\/     M anipulation  |                                                 |
\*---------------------------------------------------------------------------*/
FoamFile
{
    version     2.0;
    format      ascii;
    arch        "LSB;label=32;scalar=64";
    note        "nPoints:2878  nCells:1340  nFaces:5458  nInternalFaces:2582";
    class       labelList;
    location    "constant/polyMesh";
    object      neighbour;
}
// * * * * * * * * * * * * * * * * * * * * * * * * * * * * * * * * * * * * * //


2582
(
1
5
2
6
3
7
4
8
9
6
11
7
12
8
13
9
14
10
15
16
12
18
13
19
14
20
15
21
16
22
17
23
24
19
26
20
27
21
28
22
29
23
30
24
31
25
32
33
27
35
28
36
29
37
30
38
31
39
32
40
33
41
34
42
43
36
45
37
46
38
47
39
48
40
49
41
50
42
51
43
52
44
53
54
46
55
47
56
48
57
49
58
50
59
51
60
52
61
53
62
54
63
64
56
66
57
67
58
68
59
69
60
70
61
71
62
72
63
73
64
74
65
75
76
67
77
68
78
69
79
70
80
71
81
72
82
73
83
74
84
75
85
76
86
87
78
89
79
90
80
91
81
92
82
93
83
94
84
95
85
96
86
97
87
98
88
99
100
90
101
91
102
92
103
93
104
94
105
95
106
96
107
97
108
98
109
99
110
100
111
112
102
113
103
114
104
115
105
116
106
117
107
118
108
119
109
120
110
121
111
122
112
123
124
114
126
115
127
116
128
117
129
118
130
119
131
120
132
121
133
122
134
123
135
124
136
125
137
138
127
139
128
140
129
141
130
142
131
143
132
144
133
145
134
146
135
147
136
148
137
149
138
150
151
140
153
141
154
142
155
143
156
144
157
145
158
146
159
147
160
148
161
149
162
150
163
151
164
152
165
166
154
167
155
168
156
169
157
170
158
171
159
172
160
173
161
174
162
175
163
176
164
177
165
178
166
179
180
168
181
169
182
170
183
171
184
172
185
173
186
174
187
175
188
176
189
177
190
178
191
179
192
180
193
194
182
196
183
197
184
198
185
199
186
200
187
201
188
202
189
203
190
204
191
205
192
206
193
207
194
208
195
209
210
197
211
198
212
199
213
200
214
201
215
202
216
203
217
204
218
205
219
206
220
207
221
208
222
209
223
210
224
225
212
226
213
227
214
228
215
229
216
230
217
231
218
232
219
233
220
234
221
235
222
236
223
237
224
238
225
239
240
227
242
228
243
229
244
230
245
231
246
232
247
233
248
234
249
235
250
236
251
237
252
238
253
239
254
240
255
241
256
257
243
244
258
245
259
246
260
247
261
248
262
249
263
250
264
251
265
252
266
253
267
254
268
255
269
256
270
257
271
272
259
274
260
275
261
276
262
277
263
278
264
279
265
280
266
281
267
282
268
283
269
284
270
285
271
286
272
287
273
288
289
275
290
276
291
277
292
278
293
279
294
280
295
281
296
282
297
283
298
284
299
285
300
286
301
287
302
288
303
289
304
305
291
306
292
307
293
308
294
309
295
310
296
311
297
312
298
313
299
314
300
315
301
316
302
317
303
318
304
319
305
320
321
307
323
308
324
309
325
310
326
311
327
312
328
313
329
314
330
315
331
316
332
317
333
318
334
319
335
320
336
321
337
322
338
339
324
340
325
341
326
342
327
343
328
344
329
345
330
346
331
347
332
348
333
349
334
350
335
351
336
352
337
353
338
354
339
355
356
341
357
342
358
343
359
344
360
345
361
346
362
347
363
348
364
349
365
350
366
351
367
352
368
353
369
354
370
355
371
356
372
373
358
375
359
376
360
377
361
378
362
379
363
380
364
381
365
382
366
383
367
384
368
385
369
386
370
387
371
388
372
389
373
390
374
391
392
376
393
377
394
378
395
379
396
380
397
381
398
382
399
383
400
384
401
385
402
386
403
387
404
388
405
389
406
390
407
391
408
392
409
410
394
411
395
412
396
413
397
414
398
415
399
416
400
417
401
418
402
419
403
420
404
421
405
422
406
423
407
424
408
425
409
426
410
427
428
412
430
413
431
414
432
415
433
416
434
417
435
418
436
419
437
420
438
421
439
422
440
423
441
424
442
425
443
426
444
427
445
428
446
429
447
448
431
449
432
450
433
451
434
452
435
453
436
454
437
455
438
456
439
457
440
458
441
459
442
460
443
461
444
462
445
463
446
464
447
465
448
466
467
450
468
451
469
452
470
453
471
454
472
455
473
456
474
457
475
458
476
459
477
460
478
461
479
462
480
463
481
464
482
465
483
466
484
467
485
486
469
488
470
489
471
490
472
491
473
492
474
493
475
494
476
495
477
496
478
497
479
498
480
499
481
500
482
501
483
502
484
503
485
504
486
505
487
506
507
489
508
490
509
491
510
492
511
493
512
494
513
495
514
496
515
497
516
498
517
499
518
500
519
501
520
502
521
503
522
504
523
505
524
506
525
507
526
527
509
528
510
529
511
530
512
531
513
532
514
533
515
534
516
535
517
536
518
537
519
538
520
539
521
540
522
541
523
542
524
543
525
544
526
545
527
546
547
529
549
530
550
531
551
532
552
533
553
534
554
535
555
536
556
537
557
538
558
539
559
540
560
541
561
542
562
543
563
544
564
545
565
546
566
547
567
548
568
569
550
570
551
571
552
572
553
573
554
574
555
575
556
576
557
577
558
578
559
579
560
580
561
581
562
582
563
583
564
584
565
585
566
586
567
587
568
588
569
589
590
571
591
572
592
573
593
574
594
575
595
576
596
577
597
578
598
579
599
580
600
581
601
582
602
583
603
584
604
585
605
586
606
587
607
588
608
589
609
590
610
611
592
612
593
613
594
614
595
615
596
616
597
617
598
618
599
619
600
620
601
621
602
622
603
623
604
624
605
625
606
626
607
627
608
628
609
629
610
630
611
631
632
613
634
614
635
615
636
616
637
617
638
618
639
619
640
620
641
621
642
622
643
623
644
624
645
625
646
626
647
627
648
628
649
629
650
630
651
631
652
632
653
633
654
655
635
656
636
657
637
658
638
659
639
660
640
661
641
662
642
663
643
664
644
665
645
666
646
667
647
668
648
669
649
670
650
671
651
672
652
673
653
674
654
675
655
676
677
657
678
658
679
659
680
660
681
661
682
662
683
663
684
664
685
665
686
666
687
667
688
668
689
669
690
670
691
671
692
672
693
673
694
674
695
675
696
676
697
677
698
699
679
700
680
701
681
702
682
703
683
704
684
705
685
706
686
707
687
708
688
709
689
710
690
711
691
712
692
713
693
714
694
715
695
716
696
717
697
718
698
719
699
720
721
701
723
702
724
703
725
704
726
705
727
706
728
707
729
708
730
709
731
710
732
711
733
712
734
713
735
714
736
715
737
716
738
717
739
718
740
719
741
720
742
721
743
722
744
745
724
746
725
747
726
748
727
749
728
750
729
751
730
752
731
753
732
754
733
755
734
756
735
757
736
758
737
759
738
760
739
761
740
762
741
763
742
764
743
765
744
766
745
767
768
747
769
748
770
749
771
750
772
751
773
752
774
753
775
754
776
755
777
756
778
757
779
758
780
759
781
760
782
761
783
762
784
763
785
764
786
765
787
766
788
767
789
768
790
791
770
792
771
793
772
794
773
795
774
796
775
797
776
798
777
799
778
800
779
801
780
802
781
803
782
804
783
805
784
806
785
807
786
808
787
809
788
810
789
811
790
812
791
813
814
793
815
794
816
795
817
796
818
797
819
798
820
799
821
800
822
801
823
802
824
803
825
804
826
805
827
806
828
807
829
808
830
809
831
810
832
811
833
812
834
813
835
814
836
837
816
839
817
840
818
841
819
842
820
843
821
844
822
845
823
846
824
847
825
848
826
849
827
850
828
851
829
852
830
853
831
854
832
855
833
856
834
857
835
858
836
859
837
860
838
861
862
840
863
841
864
842
865
843
866
844
867
845
868
846
869
847
870
848
871
849
872
850
873
851
874
852
875
853
876
854
877
855
878
856
879
857
880
858
881
859
882
860
883
861
884
862
885
886
864
887
865
888
866
889
867
890
868
891
869
892
870
893
871
894
872
895
873
896
874
897
875
898
876
899
877
900
878
901
879
902
880
903
881
904
882
905
883
906
884
907
885
908
886
909
910
888
911
889
912
890
913
891
914
892
915
893
916
894
917
895
918
896
919
897
920
898
921
899
922
900
923
901
924
902
925
903
926
904
927
905
928
906
929
907
930
908
931
909
932
910
933
934
912
935
913
936
914
937
915
938
916
939
917
940
918
941
919
942
920
943
921
944
922
945
923
946
924
947
925
948
926
949
927
950
928
951
929
952
930
953
931
954
932
955
933
956
934
957
958
936
959
937
960
938
961
939
962
940
963
941
964
942
965
943
966
944
967
945
968
946
969
947
970
948
971
949
972
950
973
951
974
952
975
953
976
954
977
955
978
956
979
957
980
958
981
982
960
984
961
985
962
986
963
987
964
988
965
989
966
990
967
991
968
992
969
993
970
994
971
995
972
996
973
997
974
998
975
999
976
1000
977
1001
978
1002
979
1003
980
1004
981
1005
982
1006
983
1007
1008
985
1009
986
1010
987
1011
988
1012
989
1013
990
1014
991
1015
992
1016
993
1017
994
1018
995
1019
996
1020
997
1021
998
1022
999
1023
1000
1024
1001
1025
1002
1026
1003
1027
1004
1028
1005
1029
1006
1030
1007
1031
1008
1032
1033
1010
1034
1011
1035
1012
1036
1013
1037
1014
1038
1015
1039
1016
1040
1017
1041
1018
1042
1019
1043
1020
1044
1021
1045
1022
1046
1023
1047
1024
1048
1025
1049
1026
1050
1027
1051
1028
1052
1029
1053
1030
1054
1031
1055
1032
1056
1033
1057
1058
1035
1059
1036
1060
1037
1061
1038
1062
1039
1063
1040
1064
1041
1065
1042
1066
1043
1067
1044
1068
1045
1069
1046
1070
1047
1071
1048
1072
1049
1073
1050
1074
1051
1075
1052
1076
1053
1077
1054
1078
1055
1079
1056
1080
1057
1081
1058
1082
1083
1060
1084
1061
1085
1062
1086
1063
1087
1064
1088
1065
1089
1066
1090
1067
1091
1068
1092
1069
1093
1070
1094
1071
1095
1072
1096
1073
1097
1074
1098
1075
1099
1076
1100
1077
1101
1078
1102
1079
1103
1080
1104
1081
1105
1082
1106
1083
1107
1108
1085
1109
1086
1110
1087
1111
1088
1112
1089
1113
1090
1114
1091
1115
1092
1116
1093
1117
1094
1118
1095
1119
1096
1120
1097
1121
1098
1122
1099
1123
1100
1124
1101
1125
1102
1126
1103
1127
1104
1128
1105
1129
1106
1130
1107
1131
1108
1132
1133
1110
1134
1111
1135
1112
1136
1113
1137
1114
1138
1115
1139
1116
1140
1117
1141
1118
1142
1119
1143
1120
1144
1121
1145
1122
1146
1123
1147
1124
1148
1125
1149
1126
1150
1127
1151
1128
1152
1129
1153
1130
1154
1131
1155
1132
1156
1133
1157
1158
1135
1159
1136
1160
1137
1161
1138
1162
1139
1163
1140
1164
1141
1165
1142
1166
1143
1167
1144
1168
1145
1169
1146
1170
1147
1171
1148
1172
1149
1173
1150
1174
1151
1175
1152
1176
1153
1177
1154
1178
1155
1179
1156
1180
1157
1181
1158
1182
1183
1160
1184
1161
1185
1162
1186
1163
1187
1164
1188
1165
1189
1166
1190
1167
1191
1168
1192
1169
1193
1170
1194
1171
1195
1172
1196
1173
1197
1174
1198
1175
1199
1176
1200
1177
1201
1178
1202
1179
1203
1180
1204
1181
1205
1182
1206
1183
1207
1208
1185
1210
1186
1211
1187
1212
1188
1213
1189
1214
1190
1215
1191
1216
1192
1217
1193
1218
1194
1219
1195
1220
1196
1221
1197
1222
1198
1223
1199
1224
1200
1225
1201
1226
1202
1227
1203
1228
1204
1229
1205
1230
1206
1231
1207
1232
1208
1233
1209
1234
1235
1211
1236
1212
1237
1213
1238
1214
1239
1215
1240
1216
1241
1217
1242
1218
1243
1219
1244
1220
1245
1221
1246
1222
1247
1223
1248
1224
1249
1225
1250
1226
1251
1227
1252
1228
1253
1229
1254
1230
1255
1231
1256
1232
1257
1233
1258
1234
1259
1235
1260
1261
1237
1262
1238
1263
1239
1264
1240
1265
1241
1266
1242
1267
1243
1268
1244
1269
1245
1270
1246
1271
1247
1272
1248
1273
1249
1274
1250
1275
1251
1276
1252
1277
1253
1278
1254
1279
1255
1280
1256
1281
1257
1282
1258
1283
1259
1284
1260
1285
1261
1286
1287
1263
1288
1264
1289
1265
1290
1266
1291
1267
1292
1268
1293
1269
1294
1270
1295
1271
1296
1272
1297
1273
1298
1274
1299
1275
1300
1276
1301
1277
1302
1278
1303
1279
1304
1280
1305
1281
1306
1282
1307
1283
1308
1284
1309
1285
1310
1286
1311
1287
1312
1313
1289
1314
1290
1315
1291
1316
1292
1317
1293
1318
1294
1319
1295
1320
1296
1321
1297
1322
1298
1323
1299
1324
1300
1325
1301
1326
1302
1327
1303
1328
1304
1329
1305
1330
1306
1331
1307
1332
1308
1333
1309
1334
1310
1335
1311
1336
1312
1337
1313
1338
1339
1315
1316
1317
1318
1319
1320
1321
1322
1323
1324
1325
1326
1327
1328
1329
1330
1331
1332
1333
1334
1335
1336
1337
1338
1339
)


// ************************************************************************* //
