/*--------------------------------*- C++ -*----------------------------------*\
| =========                 |                                                 |
| \\      /  F ield         | OpenFOAM: The Open Source CFD Toolbox           |
|  \\    /   O peration     | Version:  2212                                  |
|   \\  /    A nd           | Website:  www.openfoam.com                      |
|    \\/     M anipulation  |                                                 |
\*---------------------------------------------------------------------------*/
FoamFile
{
    version     2.0;
    format      ascii;
    arch        "LSB;label=32;scalar=64";
    class       vectorField;
    location    "constant/polyMesh";
    object      points;
}
// * * * * * * * * * * * * * * * * * * * * * * * * * * * * * * * * * * * * * //


2878
(
(-19.5352 0.250471 0)
(-19.5313 0.499891 0)
(-19.5177 0.00617531 0)
(-19.4818 -0.246675 0)
(-19.4093 -0.548535 0)
(-19.3037 -0.850203 0)
(-19.5352 0.250471 0.05)
(-19.5313 0.499891 0.05)
(-19.5177 0.00617531 0.05)
(-19.4818 -0.246675 0.05)
(-19.4093 -0.548535 0.05)
(-19.3037 -0.850203 0.05)
(-19.8208 0.242415 0)
(-19.8167 0.514568 0)
(-19.8019 -0.0240984 0)
(-19.7627 -0.299223 0)
(-19.6834 -0.629279 0)
(-19.5683 -0.958069 0)
(-19.4116 -1.29223 0)
(-19.8208 0.242415 0.05)
(-19.8167 0.514568 0.05)
(-19.8019 -0.0240984 0.05)
(-19.7627 -0.299223 0.05)
(-19.6834 -0.629279 0.05)
(-19.5683 -0.958069 0.05)
(-19.4116 -1.29223 0.05)
(-20.1222 0.233915 0)
(-20.1178 0.530053 0)
(-20.1017 -0.0560371 0)
(-20.0591 -0.354662 0)
(-19.9726 -0.714464 0)
(-19.8475 -1.07187 0)
(-19.6774 -1.43453 0)
(-19.4535 -1.80239 0)
(-20.1222 0.233915 0.05)
(-20.1178 0.530053 0.05)
(-20.1017 -0.0560371 0.05)
(-20.0591 -0.354662 0.05)
(-19.9726 -0.714464 0.05)
(-19.8475 -1.07187 0.05)
(-19.6774 -1.43453 0.05)
(-19.4535 -1.80239 0.05)
(-20.4401 0.224948 0)
(-20.4355 0.546389 0)
(-20.418 -0.0897325 0)
(-20.3717 -0.413149 0)
(-20.2777 -0.804334 0)
(-20.142 -1.19192 0)
(-19.9578 -1.58465 0)
(-19.7156 -1.98266 0)
(-19.4223 -2.36174 0)
(-20.4401 0.224948 0.05)
(-20.4355 0.546389 0.05)
(-20.418 -0.0897325 0.05)
(-20.3717 -0.413149 0.05)
(-20.2777 -0.804334 0.05)
(-20.142 -1.19192 0.05)
(-19.9578 -1.58465 0.05)
(-19.7156 -1.98266 0.05)
(-19.4223 -2.36174 0.05)
(-20.7756 0.215488 0)
(-20.7706 0.563623 0)
(-20.7516 -0.125281 0)
(-20.7016 -0.474854 0)
(-20.5996 -0.899147 0)
(-20.4528 -1.31859 0)
(-20.2536 -1.74303 0)
(-19.992 -2.17286 0)
(-19.6761 -2.5813 0)
(-19.3276 -2.94418 0)
(-20.7756 0.215488 0.05)
(-20.7706 0.563623 0.05)
(-20.7516 -0.125281 0.05)
(-20.7016 -0.474854 0.05)
(-20.5996 -0.899147 0.05)
(-20.4528 -1.31859 0.05)
(-20.2536 -1.74303 0.05)
(-19.992 -2.17286 0.05)
(-19.6761 -2.5813 0.05)
(-19.3276 -2.94418 0.05)
(-21.1295 0.205507 0)
(-21.1241 0.581806 0)
(-21.1037 -0.162785 0)
(-21.0495 -0.539952 0)
(-20.9392 -0.999175 0)
(-20.7806 -1.45221 0)
(-20.5657 -1.91013 0)
(-20.2837 -2.37351 0)
(-19.9438 -2.81294 0)
(-19.5705 -3.20178 0)
(-19.1739 -3.54217 0)
(-21.1295 0.205507 0.05)
(-21.1241 0.581806 0.05)
(-21.1037 -0.162785 0.05)
(-21.0495 -0.539952 0.05)
(-20.9392 -0.999175 0.05)
(-20.7806 -1.45221 0.05)
(-20.5657 -1.91013 0.05)
(-20.2837 -2.37351 0.05)
(-19.9438 -2.81294 0.05)
(-19.5705 -3.20178 0.05)
(-19.1739 -3.54217 0.05)
(-21.5028 0.194978 0)
(-21.4971 0.600989 0)
(-21.4751 -0.202351 0)
(-21.4167 -0.60863 0)
(-21.2975 -1.1047 0)
(-21.1265 -1.59319 0)
(-20.895 -2.08641 0)
(-20.5914 -2.5852 0)
(-20.2263 -3.05731 0)
(-19.8267 -3.47353 0)
(-19.4041 -3.83633 0)
(-21.5028 0.194978 0.05)
(-21.4971 0.600989 0.05)
(-21.4751 -0.202351 0.05)
(-21.4167 -0.60863 0.05)
(-21.2975 -1.1047 0.05)
(-21.1265 -1.59319 0.05)
(-20.895 -2.08641 0.05)
(-20.5914 -2.5852 0.05)
(-20.2263 -3.05731 0.05)
(-19.8267 -3.47353 0.05)
(-19.4041 -3.83633 0.05)
(-21.8967 0.183869 0)
(-21.8907 0.621226 0)
(-21.8669 -0.244094 0)
(-21.804 -0.681086 0)
(-21.6755 -1.21604 0)
(-21.4914 -1.74192 0)
(-21.2424 -2.27239 0)
(-20.916 -2.80854 0)
(-20.5243 -3.31513 0)
(-20.097 -3.76024 0)
(-19.6469 -4.14668 0)
(-19.1787 -4.48168 0)
(-21.8967 0.183869 0.05)
(-21.8907 0.621226 0.05)
(-21.8669 -0.244094 0.05)
(-21.804 -0.681086 0.05)
(-21.6755 -1.21604 0.05)
(-21.4914 -1.74192 0.05)
(-21.2424 -2.27239 0.05)
(-20.916 -2.80854 0.05)
(-20.5243 -3.31513 0.05)
(-20.097 -3.76024 0.05)
(-19.6469 -4.14668 0.05)
(-19.1787 -4.48168 0.05)
(-22.3122 0.17215 0)
(-22.3058 0.642577 0)
(-22.2802 -0.288133 0)
(-22.2126 -0.757527 0)
(-22.0743 -1.33349 0)
(-21.8763 -1.89883 0)
(-21.6089 -2.4686 0)
(-21.2585 -3.04415 0)
(-20.8386 -3.58713 0)
(-20.3822 -4.06272 0)
(-19.903 -4.4741 0)
(-19.4066 -4.82934 0)
(-22.3122 0.17215 0.05)
(-22.3058 0.642577 0.05)
(-22.2802 -0.288133 0.05)
(-22.2126 -0.757527 0.05)
(-22.0743 -1.33349 0.05)
(-21.8763 -1.89883 0.05)
(-21.6089 -2.4686 0.05)
(-21.2585 -3.04415 0.05)
(-20.8386 -3.58713 0.05)
(-20.3822 -4.06272 0.05)
(-19.903 -4.4741 0.05)
(-19.4066 -4.82934 0.05)
(-22.7506 0.159786 0)
(-22.7438 0.665102 0)
(-22.7163 -0.334593 0)
(-22.6437 -0.838172 0)
(-22.495 -1.45741 0)
(-22.2824 -2.06437 0)
(-21.9955 -2.6756 0)
(-21.6198 -3.29273 0)
(-21.1703 -3.87408 0)
(-20.683 -4.38183 0)
(-20.1732 -4.81952 0)
(-19.647 -5.19613 0)
(-19.1274 -5.50982 0)
(-22.7506 0.159786 0.05)
(-22.7438 0.665102 0.05)
(-22.7163 -0.334593 0.05)
(-22.6437 -0.838172 0.05)
(-22.495 -1.45741 0.05)
(-22.2824 -2.06437 0.05)
(-21.9955 -2.6756 0.05)
(-21.6198 -3.29273 0.05)
(-21.1703 -3.87408 0.05)
(-20.683 -4.38183 0.05)
(-20.1732 -4.81952 0.05)
(-19.647 -5.19613 0.05)
(-19.1274 -5.50982 0.05)
(-23.2131 0.146742 0)
(-23.2059 0.688866 0)
(-23.1764 -0.383609 0)
(-23.0985 -0.923253 0)
(-22.9388 -1.58814 0)
(-22.7109 -2.23901 0)
(-22.4034 -2.89398 0)
(-22.001 -3.55498 0)
(-21.5202 -4.17682 0)
(-21.0004 -4.71849 0)
(-20.4583 -5.18394 0)
(-19.9007 -5.58308 0)
(-19.3527 -5.91397 0)
(-23.2131 0.146742 0.05)
(-23.2059 0.688866 0.05)
(-23.1764 -0.383609 0.05)
(-23.0985 -0.923253 0.05)
(-22.9388 -1.58814 0.05)
(-22.7109 -2.23901 0.05)
(-22.4034 -2.89398 0.05)
(-22.001 -3.55498 0.05)
(-21.5202 -4.17682 0.05)
(-21.0004 -4.71849 0.05)
(-20.4583 -5.18394 0.05)
(-19.9007 -5.58308 0.05)
(-19.3527 -5.91397 0.05)
(-23.7011 0.13298 0)
(-23.6934 0.713937 0)
(-23.6618 -0.435321 0)
(-23.5783 -1.01301 0)
(-23.407 -1.72607 0)
(-23.1629 -2.42326 0)
(-22.8338 -3.12438 0)
(-22.4032 -3.83165 0)
(-21.8894 -4.49621 0)
(-21.3353 -5.07367 0)
(-20.7591 -5.56841 0)
(-20.1683 -5.99132 0)
(-19.5903 -6.34036 0)
(-23.7011 0.13298 0.05)
(-23.6934 0.713937 0.05)
(-23.6618 -0.435321 0.05)
(-23.5783 -1.01301 0.05)
(-23.407 -1.72607 0.05)
(-23.1629 -2.42326 0.05)
(-22.8338 -3.12438 0.05)
(-22.4032 -3.83165 0.05)
(-21.8894 -4.49621 0.05)
(-21.3353 -5.07367 0.05)
(-20.7591 -5.56841 0.05)
(-20.1683 -5.99132 0.05)
(-19.5903 -6.34036 0.05)
(-24.2158 0.118462 0)
(-24.2077 0.740387 0)
(-24.1739 -0.489877 0)
(-24.0845 -1.10771 0)
(-23.901 -1.87158 0)
(-23.6398 -2.61765 0)
(-23.2878 -3.36744 0)
(-22.8275 -4.12354 0)
(-22.2788 -4.83317 0)
(-21.6885 -5.44838 0)
(-21.0764 -5.97402 0)
(-20.4507 -6.42201 0)
(-19.841 -6.7902 0)
(-19.2544 -7.09357 0)
(-24.2158 0.118462 0.05)
(-24.2077 0.740387 0.05)
(-24.1739 -0.489877 0.05)
(-24.0845 -1.10771 0.05)
(-23.901 -1.87158 0.05)
(-23.6398 -2.61765 0.05)
(-23.2878 -3.36744 0.05)
(-22.8275 -4.12354 0.05)
(-22.2788 -4.83317 0.05)
(-21.6885 -5.44838 0.05)
(-21.0764 -5.97402 0.05)
(-20.4507 -6.42201 0.05)
(-19.841 -6.7902 0.05)
(-19.2544 -7.09357 0.05)
(-24.7589 0.103145 0)
(-24.7503 0.768291 0)
(-24.7142 -0.547434 0)
(-24.6186 -1.20761 0)
(-24.4222 -2.02509 0)
(-24.143 -2.82272 0)
(-23.7668 -3.62388 0)
(-23.2751 -4.43148 0)
(-22.6897 -5.18866 0)
(-22.0612 -5.8437 0)
(-21.4112 -6.40194 0)
(-20.7485 -6.87639 0)
(-20.1055 -7.26477 0)
(-19.4897 -7.58328 0)
(-24.7589 0.103145 0.05)
(-24.7503 0.768291 0.05)
(-24.7142 -0.547434 0.05)
(-24.6186 -1.20761 0.05)
(-24.4222 -2.02509 0.05)
(-24.143 -2.82272 0.05)
(-23.7668 -3.62388 0.05)
(-23.2751 -4.43148 0.05)
(-22.6897 -5.18866 0.05)
(-22.0612 -5.8437 0.05)
(-21.4112 -6.40194 0.05)
(-20.7485 -6.87639 0.05)
(-20.1055 -7.26477 0.05)
(-19.4897 -7.58328 0.05)
(-25.3319 0.0869855 0)
(-25.3227 0.79773 0)
(-25.2841 -0.608156 0)
(-25.182 -1.31301 0)
(-24.9721 -2.18704 0)
(-24.6738 -3.03908 0)
(-24.2721 -3.89442 0)
(-23.7473 -4.75636 0)
(-23.1231 -5.5637 0)
(-22.4545 -6.26077 0)
(-21.7644 -6.8534 0)
(-21.0628 -7.35576 0)
(-20.3846 -7.76545 0)
(-19.738 -8.09992 0)
(-19.1124 -8.3802 0)
(-25.3319 0.0869855 0.05)
(-25.3227 0.79773 0.05)
(-25.2841 -0.608156 0.05)
(-25.182 -1.31301 0.05)
(-24.9721 -2.18704 0.05)
(-24.6738 -3.03908 0.05)
(-24.2721 -3.89442 0.05)
(-23.7473 -4.75636 0.05)
(-23.1231 -5.5637 0.05)
(-22.4545 -6.26077 0.05)
(-21.7644 -6.8534 0.05)
(-21.0628 -7.35576 0.05)
(-20.3846 -7.76545 0.05)
(-19.738 -8.09992 0.05)
(-19.1124 -8.3802 0.05)
(-25.9364 0.0699374 0)
(-25.9266 0.828789 0)
(-25.8855 -0.672218 0)
(-25.7764 -1.42421 0)
(-25.5521 -2.3579 0)
(-25.2337 -3.26733 0)
(-24.8052 -4.17984 0)
(-24.2455 -5.0991 0)
(-23.5805 -5.95937 0)
(-22.8693 -6.70077 0)
(-22.137 -7.32968 0)
(-21.3943 -7.8615 0)
(-20.679 -8.29367 0)
(-19.9999 -8.64498 0)
(-19.3458 -8.93808 0)
(-25.9364 0.0699374 0.05)
(-25.9266 0.828789 0.05)
(-25.8855 -0.672218 0.05)
(-25.7764 -1.42421 0.05)
(-25.5521 -2.3579 0.05)
(-25.2337 -3.26733 0.05)
(-24.8052 -4.17984 0.05)
(-24.2455 -5.0991 0.05)
(-23.5805 -5.95937 0.05)
(-22.8693 -6.70077 0.05)
(-22.137 -7.32968 0.05)
(-21.3943 -7.8615 0.05)
(-20.679 -8.29367 0.05)
(-19.9999 -8.64498 0.05)
(-19.3458 -8.93808 0.05)
(-26.5741 0.0519516 0)
(-26.5638 0.861555 0)
(-26.5198 -0.739803 0)
(-26.4035 -1.54152 0)
(-26.1641 -2.53816 0)
(-25.8245 -3.50814 0)
(-25.3677 -4.48096 0)
(-24.7711 -5.4607 0)
(-24.0629 -6.3768 0)
(-23.3069 -7.16497 0)
(-22.5301 -7.83216 0)
(-21.7441 -8.39505 0)
(-20.9896 -8.85094 0)
(-20.2762 -9.22001 0)
(-19.592 -9.52664 0)
(-26.5741 0.0519516 0.05)
(-26.5638 0.861555 0.05)
(-26.5198 -0.739803 0.05)
(-26.4035 -1.54152 0.05)
(-26.1641 -2.53816 0.05)
(-25.8245 -3.50814 0.05)
(-25.3677 -4.48096 0.05)
(-24.7711 -5.4607 0.05)
(-24.0629 -6.3768 0.05)
(-23.3069 -7.16497 0.05)
(-22.5301 -7.83216 0.05)
(-21.7441 -8.39505 0.05)
(-20.9896 -8.85094 0.05)
(-20.2762 -9.22001 0.05)
(-19.592 -9.52664 0.05)
(-27.2469 0.0329766 0)
(-27.236 0.896124 0)
(-27.1891 -0.811105 0)
(-27.0651 -1.66529 0)
(-26.8098 -2.72834 0)
(-26.4478 -3.76219 0)
(-25.9611 -4.79864 0)
(-25.3257 -5.84219 0)
(-24.5719 -6.81718 0)
(-23.7686 -7.65471 0)
(-22.9448 -8.36228 0)
(-22.1131 -8.95795 0)
(-21.3173 -9.43885 0)
(-20.5677 -9.82668 0)
(-19.8517 -10.1476 0)
(-19.1708 -10.4145 0)
(-27.2469 0.0329766 0.05)
(-27.236 0.896124 0.05)
(-27.1891 -0.811105 0.05)
(-27.0651 -1.66529 0.05)
(-26.8098 -2.72834 0.05)
(-26.4478 -3.76219 0.05)
(-25.9611 -4.79864 0.05)
(-25.3257 -5.84219 0.05)
(-24.5719 -6.81718 0.05)
(-23.7686 -7.65471 0.05)
(-22.9448 -8.36228 0.05)
(-22.1131 -8.95795 0.05)
(-21.3173 -9.43885 0.05)
(-20.5677 -9.82668 0.05)
(-19.8517 -10.1476 0.05)
(-19.1708 -10.4145 0.05)
(-27.9567 0.012958 0)
(-27.9451 0.932594 0)
(-27.8952 -0.886329 0)
(-27.7631 -1.79586 0)
(-27.4909 -2.92897 0)
(-27.1054 -4.03022 0)
(-26.5871 -5.13379 0)
(-25.9107 -6.24465 0)
(-25.1089 -7.28179 0)
(-24.2557 -8.17138 0)
(-23.3823 -8.92156 0)
(-22.5024 -9.5518 0)
(-21.663 -10.0591 0)
(-20.8753 -10.4667 0)
(-20.1258 -10.8027 0)
(-19.4162 -11.0808 0)
(-27.9567 0.012958 0.05)
(-27.9451 0.932594 0.05)
(-27.8952 -0.886329 0.05)
(-27.7631 -1.79586 0.05)
(-27.4909 -2.92897 0.05)
(-27.1054 -4.03022 0.05)
(-26.5871 -5.13379 0.05)
(-25.9107 -6.24465 0.05)
(-25.1089 -7.28179 0.05)
(-24.2557 -8.17138 0.05)
(-23.3823 -8.92156 0.05)
(-22.5024 -9.5518 0.05)
(-21.663 -10.0591 0.05)
(-20.8753 -10.4667 0.05)
(-20.1258 -10.8027 0.05)
(-19.4162 -11.0808 0.05)
(-28.7056 -0.00816159 0)
(-28.6933 0.97107 0)
(-28.6401 -0.965691 0)
(-28.4994 -1.93361 0)
(-28.2095 -3.14064 0)
(-27.7991 -4.31298 0)
(-27.2475 -5.48737 0)
(-26.5279 -6.66926 0)
(-25.6754 -7.77196 0)
(-24.7696 -8.71647 0)
(-23.8439 -9.51159 0)
(-22.9131 -10.1783 0)
(-22.0277 -10.7135 0)
(-21.1997 -11.1419 0)
(-20.4149 -11.4938 0)
(-19.6751 -11.7838 0)
(-28.7056 -0.00816159 0.05)
(-28.6933 0.97107 0.05)
(-28.6401 -0.965691 0.05)
(-28.4994 -1.93361 0.05)
(-28.2095 -3.14064 0.05)
(-27.7991 -4.31298 0.05)
(-27.2475 -5.48737 0.05)
(-26.5279 -6.66926 0.05)
(-25.6754 -7.77196 0.05)
(-24.7696 -8.71647 0.05)
(-23.8439 -9.51159 0.05)
(-22.9131 -10.1783 0.05)
(-22.0277 -10.7135 0.05)
(-21.1997 -11.1419 0.05)
(-20.4149 -11.4938 0.05)
(-19.6751 -11.7838 0.05)
(-29.4956 -0.0304428 0)
(-29.4826 1.01166 0)
(-29.426 -1.04942 0)
(-29.2763 -2.07894 0)
(-28.9677 -3.36395 0)
(-28.531 -4.6113 0)
(-27.9443 -5.8604 0)
(-27.179 -7.11721 0)
(-26.2731 -8.28908 0)
(-25.3118 -9.29153 0)
(-24.3309 -10.1341 0)
(-23.3464 -10.8393 0)
(-22.4125 -11.4038 0)
(-21.542 -11.8543 0)
(-20.7198 -12.2229 0)
(-19.9482 -12.5255 0)
(-19.2152 -12.7799 0)
(-29.4956 -0.0304428 0.05)
(-29.4826 1.01166 0.05)
(-29.426 -1.04942 0.05)
(-29.2763 -2.07894 0.05)
(-28.9677 -3.36395 0.05)
(-28.531 -4.6113 0.05)
(-27.9443 -5.8604 0.05)
(-27.179 -7.11721 0.05)
(-26.2731 -8.28908 0.05)
(-25.3118 -9.29153 0.05)
(-24.3309 -10.1341 0.05)
(-23.3464 -10.8393 0.05)
(-22.4125 -11.4038 0.05)
(-21.542 -11.8543 0.05)
(-20.7198 -12.2229 0.05)
(-19.9482 -12.5255 0.05)
(-19.2152 -12.7799 0.05)
(-30.3291 -0.0539495 0)
(-30.3153 1.05449 0)
(-30.2552 -1.13775 0)
(-30.0959 -2.23227 0)
(-29.7675 -3.59954 0)
(-29.3031 -4.92603 0)
(-28.6794 -6.25395 0)
(-27.8659 -7.58981 0)
(-26.9037 -8.83464 0)
(-25.8838 -9.89823 0)
(-24.8447 -10.7908 0)
(-23.8036 -11.5366 0)
(-22.8184 -12.1322 0)
(-21.9032 -12.6059 0)
(-21.0416 -12.9921 0)
(-20.2363 -13.3079 0)
(-19.4747 -13.5723 0)
(-30.3291 -0.0539495 0.05)
(-30.3153 1.05449 0.05)
(-30.2552 -1.13775 0.05)
(-30.0959 -2.23227 0.05)
(-29.7675 -3.59954 0.05)
(-29.3031 -4.92603 0.05)
(-28.6794 -6.25395 0.05)
(-27.8659 -7.58981 0.05)
(-26.9037 -8.83464 0.05)
(-25.8838 -9.89823 0.05)
(-24.8447 -10.7908 0.05)
(-23.8036 -11.5366 0.05)
(-22.8184 -12.1322 0.05)
(-21.9032 -12.6059 0.05)
(-21.0416 -12.9921 0.05)
(-20.2363 -13.3079 0.05)
(-19.4747 -13.5723 0.05)
(-31.2084 -0.078749 0)
(-31.1938 1.09967 0)
(-31.1299 -1.23094 0)
(-30.9606 -2.39402 0)
(-30.6113 -3.84809 0)
(-30.1177 -5.25806 0)
(-29.4549 -6.66914 0)
(-28.5907 -8.08839 0)
(-27.5689 -9.41021 0)
(-26.4872 -10.5383 0)
(-25.3867 -11.4836 0)
(-24.2859 -12.2723 0)
(-23.2467 -12.9005 0)
(-22.2842 -13.3987 0)
(-21.3811 -13.8037 0)
(-20.5403 -14.1334 0)
(-19.7485 -14.4083 0)
(-18.9837 -14.6451 0)
(-31.2084 -0.078749 0.05)
(-31.1938 1.09967 0.05)
(-31.1299 -1.23094 0.05)
(-30.9606 -2.39402 0.05)
(-30.6113 -3.84809 0.05)
(-30.1177 -5.25806 0.05)
(-29.4549 -6.66914 0.05)
(-28.5907 -8.08839 0.05)
(-27.5689 -9.41021 0.05)
(-26.4872 -10.5383 0.05)
(-25.3867 -11.4836 0.05)
(-24.2859 -12.2723 0.05)
(-23.2467 -12.9005 0.05)
(-22.2842 -13.3987 0.05)
(-21.3811 -13.8037 0.05)
(-20.5403 -14.1334 0.05)
(-19.7485 -14.4083 0.05)
(-18.9837 -14.6451 0.05)
(-32.1361 -0.104913 0)
(-32.0527 -1.32925 0)
(-31.8728 -2.56468 0)
(-31.5016 -4.11031 0)
(-30.9771 -5.60836 0)
(-30.2731 -7.10717 0)
(-29.3553 -8.6144 0)
(-28.2707 -10.0174 0)
(-27.1239 -11.2136 0)
(-25.9586 -12.2146 0)
(-24.7947 -13.0485 0)
(-23.6985 -13.7112 0)
(-22.6861 -14.2352 0)
(-21.7392 -14.6598 0)
(-20.861 -15.0043 0)
(-20.0373 -15.2902 0)
(-19.2451 -15.5356 0)
(-32.1361 -0.104913 0.05)
(-32.0527 -1.32925 0.05)
(-31.8728 -2.56468 0.05)
(-31.5016 -4.11031 0.05)
(-30.9771 -5.60836 0.05)
(-30.2731 -7.10717 0.05)
(-29.3553 -8.6144 0.05)
(-28.2707 -10.0174 0.05)
(-27.1239 -11.2136 0.05)
(-25.9586 -12.2146 0.05)
(-24.7947 -13.0485 0.05)
(-23.6985 -13.7112 0.05)
(-22.6861 -14.2352 0.05)
(-21.7392 -14.6598 0.05)
(-20.861 -15.0043 0.05)
(-20.0373 -15.2902 0.05)
(-19.2451 -15.5356 0.05)
(-33.1148 -0.132515 0)
(-33.0263 -1.43297 0)
(-32.8352 -2.74471 0)
(-32.4408 -4.38695 0)
(-31.8838 -5.97793 0)
(-31.1363 -7.5693 0)
(-30.1619 -9.16934 0)
(-29.0112 -10.6581 0)
(-27.7955 -11.926 0)
(-26.5618 -12.9857 0)
(-25.3314 -13.8673 0)
(-24.1751 -14.5664 0)
(-23.1102 -15.1177 0)
(-22.117 -15.5631 0)
(-21.1993 -15.9231 0)
(-20.3421 -16.2207 0)
(-19.5207 -16.4751 0)
(-33.1148 -0.132515 0.05)
(-33.0263 -1.43297 0.05)
(-32.8352 -2.74471 0.05)
(-32.4408 -4.38695 0.05)
(-31.8838 -5.97793 0.05)
(-31.1363 -7.5693 0.05)
(-30.1619 -9.16934 0.05)
(-29.0112 -10.6581 0.05)
(-27.7955 -11.926 0.05)
(-26.5618 -12.9857 0.05)
(-25.3314 -13.8673 0.05)
(-24.1751 -14.5664 0.05)
(-23.1102 -15.1177 0.05)
(-22.117 -15.5631 0.05)
(-21.1993 -15.9231 0.05)
(-20.3421 -16.2207 0.05)
(-19.5207 -16.4751 0.05)
(-34.1473 -0.161636 0)
(-34.0534 -1.5424 0)
(-33.8505 -2.93465 0)
(-33.4316 -4.6788 0)
(-32.8403 -6.36782 0)
(-32.0469 -8.05683 0)
(-31.0129 -9.7548 0)
(-29.7923 -11.3339 0)
(-28.5041 -12.6776 0)
(-27.1983 -13.7993 0)
(-25.8978 -14.7312 0)
(-24.678 -15.4687 0)
(-23.5576 -16.0488 0)
(-22.5157 -16.516 0)
(-21.5563 -16.8924 0)
(-20.6636 -17.2023 0)
(-19.8116 -17.4663 0)
(-18.9872 -17.6959 0)
(-34.1473 -0.161636 0.05)
(-34.0534 -1.5424 0.05)
(-33.8505 -2.93465 0.05)
(-33.4316 -4.6788 0.05)
(-32.8403 -6.36782 0.05)
(-32.0469 -8.05683 0.05)
(-31.0129 -9.7548 0.05)
(-29.7923 -11.3339 0.05)
(-28.5041 -12.6776 0.05)
(-27.1983 -13.7993 0.05)
(-25.8978 -14.7312 0.05)
(-24.678 -15.4687 0.05)
(-23.5576 -16.0488 0.05)
(-22.5157 -16.516 0.05)
(-21.5563 -16.8924 0.05)
(-20.6636 -17.2023 0.05)
(-19.8116 -17.4663 0.05)
(-18.9872 -17.6959 0.05)
(-35.2367 -0.192358 0)
(-35.1371 -1.65785 0)
(-34.9217 -3.13504 0)
(-34.477 -4.98671 0)
(-33.8495 -6.77915 0)
(-33.0077 -8.57118 0)
(-31.9107 -10.3725 0)
(-30.6164 -12.0469 0)
(-29.2516 -13.4705 0)
(-27.8698 -14.6576 0)
(-26.4952 -15.6425 0)
(-25.2086 -16.4206 0)
(-24.0296 -17.031 0)
(-22.9362 -17.5214 0)
(-21.9328 -17.915 0)
(-21.0028 -18.238 0)
(-20.1185 -18.5119 0)
(-19.2661 -18.7494 0)
(-35.2367 -0.192358 0.05)
(-35.1371 -1.65785 0.05)
(-34.9217 -3.13504 0.05)
(-34.477 -4.98671 0.05)
(-33.8495 -6.77915 0.05)
(-33.0077 -8.57118 0.05)
(-31.9107 -10.3725 0.05)
(-30.6164 -12.0469 0.05)
(-29.2516 -13.4705 0.05)
(-27.8698 -14.6576 0.05)
(-26.4952 -15.6425 0.05)
(-25.2086 -16.4206 0.05)
(-24.0296 -17.031 0.05)
(-22.9362 -17.5214 0.05)
(-21.9328 -17.915 0.05)
(-21.0028 -18.238 0.05)
(-20.1185 -18.5119 0.05)
(-19.2661 -18.7494 0.05)
(-36.3859 -0.22477 0)
(-36.2803 -1.77964 0)
(-36.0518 -3.34645 0)
(-35.5798 -5.31156 0)
(-34.9141 -7.21311 0)
(-34.0212 -9.11383 0)
(-32.8579 -11.0241 0)
(-31.4859 -12.7992 0)
(-30.0403 -14.307 0)
(-28.5782 -15.5631 0)
(-27.1255 -16.604 0)
(-25.7683 -17.4248 0)
(-24.5275 -18.0673 0)
(-23.3799 -18.582 0)
(-22.3301 -18.9939 0)
(-21.3606 -19.3306 0)
(-20.4422 -19.6151 0)
(-19.5603 -19.8608 0)
(-36.3859 -0.22477 0.05)
(-36.2803 -1.77964 0.05)
(-36.0518 -3.34645 0.05)
(-35.5798 -5.31156 0.05)
(-34.9141 -7.21311 0.05)
(-34.0212 -9.11383 0.05)
(-32.8579 -11.0241 0.05)
(-31.4859 -12.7992 0.05)
(-30.0403 -14.307 0.05)
(-28.5782 -15.5631 0.05)
(-27.1255 -16.604 0.05)
(-25.7683 -17.4248 0.05)
(-24.5275 -18.0673 0.05)
(-23.3799 -18.582 0.05)
(-22.3301 -18.9939 0.05)
(-21.3606 -19.3306 0.05)
(-20.4422 -19.6151 0.05)
(-19.5603 -19.8608 0.05)
(-37.5983 -0.258965 0)
(-37.4864 -1.90814 0)
(-37.244 -3.56949 0)
(-36.7433 -5.65427 0)
(-36.0373 -7.67094 0)
(-35.0906 -9.68631 0)
(-33.8572 -11.7116 0)
(-32.4031 -13.5928 0)
(-30.8724 -15.1896 0)
(-29.3256 -16.5185 0)
(-27.7905 -17.6184 0)
(-26.3588 -18.4843 0)
(-25.0528 -19.1605 0)
(-23.8479 -19.701 0)
(-22.7492 -20.1321 0)
(-21.7381 -20.4832 0)
(-20.7837 -20.779 0)
(-19.8707 -21.0333 0)
(-18.9753 -21.2589 0)
(-37.5983 -0.258965 0.05)
(-37.4864 -1.90814 0.05)
(-37.244 -3.56949 0.05)
(-36.7433 -5.65427 0.05)
(-36.0373 -7.67094 0.05)
(-35.0906 -9.68631 0.05)
(-33.8572 -11.7116 0.05)
(-32.4031 -13.5928 0.05)
(-30.8724 -15.1896 0.05)
(-29.3256 -16.5185 0.05)
(-27.7905 -17.6184 0.05)
(-26.3588 -18.4843 0.05)
(-25.0528 -19.1605 0.05)
(-23.8479 -19.701 0.05)
(-22.7492 -20.1321 0.05)
(-21.7381 -20.4832 0.05)
(-20.7837 -20.779 0.05)
(-19.8707 -21.0333 0.05)
(-18.9753 -21.2589 0.05)
(-38.8775 -0.29504 0)
(-38.7588 -2.0437 0)
(-38.5019 -3.80479 0)
(-37.9708 -6.01583 0)
(-37.2223 -8.15394 0)
(-36.2187 -10.2903 0)
(-34.9115 -12.4369 0)
(-33.3708 -14.4301 0)
(-31.7502 -16.1207 0)
(-30.114 -17.5263 0)
(-28.4921 -18.6886 0)
(-26.9818 -19.6021 0)
(-25.6071 -20.3139 0)
(-24.3417 -20.8815 0)
(-23.1914 -21.3329 0)
(-22.1364 -21.6993 0)
(-21.144 -22.0068 0)
(-20.1982 -22.2704 0)
(-19.2738 -22.5032 0)
(-38.8775 -0.29504 0.05)
(-38.7588 -2.0437 0.05)
(-38.5019 -3.80479 0.05)
(-37.9708 -6.01583 0.05)
(-37.2223 -8.15394 0.05)
(-36.2187 -10.2903 0.05)
(-34.9115 -12.4369 0.05)
(-33.3708 -14.4301 0.05)
(-31.7502 -16.1207 0.05)
(-30.114 -17.5263 0.05)
(-28.4921 -18.6886 0.05)
(-26.9818 -19.6021 0.05)
(-25.6071 -20.3139 0.05)
(-24.3417 -20.8815 0.05)
(-23.1914 -21.3329 0.05)
(-22.1364 -21.6993 0.05)
(-21.144 -22.0068 0.05)
(-20.1982 -22.2704 0.05)
(-19.2738 -22.5032 0.05)
(-40.227 -0.333099 0)
(-40.1013 -2.18671 0)
(-39.8289 -4.05303 0)
(-39.2659 -6.39727 0)
(-38.4725 -8.66351 0)
(-37.4089 -10.9275 0)
(-36.0237 -13.202 0)
(-34.3918 -15.3134 0)
(-32.6763 -17.103 0)
(-30.9459 -18.5896 0)
(-29.2322 -19.8177 0)
(-27.639 -20.7813 0)
(-26.1918 -21.5308 0)
(-24.8627 -22.127 0)
(-23.6579 -22.5998 0)
(-22.5566 -22.9823 0)
(-21.5242 -23.3022 0)
(-20.5437 -23.5754 0)
(-19.5887 -23.816 0)
(-40.227 -0.333099 0.05)
(-40.1013 -2.18671 0.05)
(-39.8289 -4.05303 0.05)
(-39.2659 -6.39727 0.05)
(-38.4725 -8.66351 0.05)
(-37.4089 -10.9275 0.05)
(-36.0237 -13.202 0.05)
(-34.3918 -15.3134 0.05)
(-32.6763 -17.103 0.05)
(-30.9459 -18.5896 0.05)
(-29.2322 -19.8177 0.05)
(-27.639 -20.7813 0.05)
(-26.1918 -21.5308 0.05)
(-24.8627 -22.127 0.05)
(-23.6579 -22.5998 0.05)
(-22.5566 -22.9823 0.05)
(-21.5242 -23.3022 0.05)
(-20.5437 -23.5754 0.05)
(-19.5887 -23.816 0.05)
(-41.6507 -0.373252 0)
(-41.5175 -2.33759 0)
(-41.2289 -4.31493 0)
(-40.6321 -6.7997 0)
(-39.7914 -9.20111 0)
(-38.6645 -11.5997 0)
(-37.1971 -14.0093 0)
(-35.4689 -16.2453 0)
(-33.6533 -18.1393 0)
(-31.8235 -19.7114 0)
(-30.0131 -21.0088 0)
(-28.3324 -22.0254 0)
(-26.8087 -22.8145 0)
(-25.4123 -23.4409 0)
(-24.1501 -23.9363 0)
(-22.9999 -24.3358 0)
(-21.9252 -24.6689 0)
(-20.9082 -24.9523 0)
(-19.921 -25.201 0)
(-18.936 -25.4261 0)
(-41.6507 -0.373252 0.05)
(-41.5175 -2.33759 0.05)
(-41.2289 -4.31493 0.05)
(-40.6321 -6.7997 0.05)
(-39.7914 -9.20111 0.05)
(-38.6645 -11.5997 0.05)
(-37.1971 -14.0093 0.05)
(-35.4689 -16.2453 0.05)
(-33.6533 -18.1393 0.05)
(-31.8235 -19.7114 0.05)
(-30.0131 -21.0088 0.05)
(-28.3324 -22.0254 0.05)
(-26.8087 -22.8145 0.05)
(-25.4123 -23.4409 0.05)
(-24.1501 -23.9363 0.05)
(-22.9999 -24.3358 0.05)
(-21.9252 -24.6689 0.05)
(-20.9082 -24.9523 0.05)
(-19.921 -25.201 0.05)
(-18.936 -25.4261 0.05)
(-43.1527 -0.415613 0)
(-43.0117 -2.49678 0)
(-42.7058 -4.59123 0)
(-42.0735 -7.22425 0)
(-41.1828 -9.76828 0)
(-39.9892 -12.3089 0)
(-38.4351 -14.8609 0)
(-36.6052 -17.2285 0)
(-34.6841 -19.2326 0)
(-32.7493 -20.8949 0)
(-30.8369 -22.2655 0)
(-29.0639 -23.3379 0)
(-27.4595 -24.1689 0)
(-25.9922 -24.8271 0)
(-24.6693 -25.3463 0)
(-23.4676 -25.7638 0)
(-22.3483 -26.1107 0)
(-21.2928 -26.4048 0)
(-20.2715 -26.6621 0)
(-19.2555 -26.8944 0)
(-43.1527 -0.415613 0.05)
(-43.0117 -2.49678 0.05)
(-42.7058 -4.59123 0.05)
(-42.0735 -7.22425 0.05)
(-41.1828 -9.76828 0.05)
(-39.9892 -12.3089 0.05)
(-38.4351 -14.8609 0.05)
(-36.6052 -17.2285 0.05)
(-34.6841 -19.2326 0.05)
(-32.7493 -20.8949 0.05)
(-30.8369 -22.2655 0.05)
(-29.0639 -23.3379 0.05)
(-27.4595 -24.1689 0.05)
(-25.9922 -24.8271 0.05)
(-24.6693 -25.3463 0.05)
(-23.4676 -25.7638 0.05)
(-22.3483 -26.1107 0.05)
(-21.2928 -26.4048 0.05)
(-20.2715 -26.6621 0.05)
(-19.2555 -26.8944 0.05)
(-44.7373 -0.460304 0)
(-44.588 -2.66471 0)
(-44.2641 -4.88273 0)
(-43.5941 -7.67216 0)
(-42.6508 -10.3666 0)
(-41.3868 -13.0571 0)
(-39.7411 -15.7594 0)
(-37.804 -18.2657 0)
(-35.7715 -20.3861 0)
(-33.7261 -22.1434 0)
(-31.706 -23.5912 0)
(-29.8357 -24.7226 0)
(-28.146 -25.5977 0)
(-26.6039 -26.2896 0)
(-25.2171 -26.8339 0)
(-23.961 -27.2703 0)
(-22.7947 -27.6318 0)
(-21.6985 -27.9373 0)
(-20.6413 -28.2036 0)
(-19.5926 -28.4433 0)
(-44.7373 -0.460304 0.05)
(-44.588 -2.66471 0.05)
(-44.2641 -4.88273 0.05)
(-43.5941 -7.67216 0.05)
(-42.6508 -10.3666 0.05)
(-41.3868 -13.0571 0.05)
(-39.7411 -15.7594 0.05)
(-37.804 -18.2657 0.05)
(-35.7715 -20.3861 0.05)
(-33.7261 -22.1434 0.05)
(-31.706 -23.5912 0.05)
(-29.8357 -24.7226 0.05)
(-28.146 -25.5977 0.05)
(-26.6039 -26.2896 0.05)
(-25.2171 -26.8339 0.05)
(-23.961 -27.2703 0.05)
(-22.7947 -27.6318 0.05)
(-21.6985 -27.9373 0.05)
(-20.6413 -28.2036 0.05)
(-19.5926 -28.4433 0.05)
(-46.4091 -0.507453 0)
(-46.251 -2.84188 0)
(-45.908 -5.19026 0)
(-45.1984 -8.1447 0)
(-44.1995 -10.9979 0)
(-42.8612 -13.8465 0)
(-41.1189 -16.7074 0)
(-39.0688 -19.36 0)
(-36.9188 -21.6029 0)
(-34.7566 -23.4607 0)
(-32.6229 -24.9899 0)
(-30.6499 -26.1835 0)
(-28.8704 -27.1051 0)
(-27.2493 -27.8325 0)
(-25.795 -28.4033 0)
(-24.4815 -28.8597 0)
(-23.2656 -29.2366 0)
(-22.1265 -29.554 0)
(-21.0315 -29.8299 0)
(-19.9483 -30.0775 0)
(-18.8447 -30.3061 0)
(-46.4091 -0.507453 0.05)
(-46.251 -2.84188 0.05)
(-45.908 -5.19026 0.05)
(-45.1984 -8.1447 0.05)
(-44.1995 -10.9979 0.05)
(-42.8612 -13.8465 0.05)
(-41.1189 -16.7074 0.05)
(-39.0688 -19.36 0.05)
(-36.9188 -21.6029 0.05)
(-34.7566 -23.4607 0.05)
(-32.6229 -24.9899 0.05)
(-30.6499 -26.1835 0.05)
(-28.8704 -27.1051 0.05)
(-27.2493 -27.8325 0.05)
(-25.795 -28.4033 0.05)
(-24.4815 -28.8597 0.05)
(-23.2656 -29.2366 0.05)
(-22.1265 -29.554 0.05)
(-21.0315 -29.8299 0.05)
(-19.9483 -30.0775 0.05)
(-18.8447 -30.3061 0.05)
(-48.1728 -0.557196 0)
(-48.0055 -3.0288 0)
(-47.6423 -5.51471 0)
(-46.891 -8.64324 0)
(-45.8335 -11.6639 0)
(-44.4168 -14.6793 0)
(-42.5726 -17.7074 0)
(-40.4031 -20.5144 0)
(-38.1292 -22.8868 0)
(-35.8438 -24.8504 0)
(-33.5903 -26.4655 0)
(-31.5089 -27.7247 0)
(-29.6346 -28.6955 0)
(-27.9302 -29.4602 0)
(-26.4047 -30.0591 0)
(-25.0307 -30.5364 0)
(-23.7624 -30.9296 0)
(-22.5781 -31.2597 0)
(-21.4431 -31.5457 0)
(-20.3235 -31.8016 0)
(-19.1855 -32.0373 0)
(-48.1728 -0.557196 0.05)
(-48.0055 -3.0288 0.05)
(-47.6423 -5.51471 0.05)
(-46.891 -8.64324 0.05)
(-45.8335 -11.6639 0.05)
(-44.4168 -14.6793 0.05)
(-42.5726 -17.7074 0.05)
(-40.4031 -20.5144 0.05)
(-38.1292 -22.8868 0.05)
(-35.8438 -24.8504 0.05)
(-33.5903 -26.4655 0.05)
(-31.5089 -27.7247 0.05)
(-29.6346 -28.6955 0.05)
(-27.9302 -29.4602 0.05)
(-26.4047 -30.0591 0.05)
(-25.0307 -30.5364 0.05)
(-23.7624 -30.9296 0.05)
(-22.5781 -31.2597 0.05)
(-21.4431 -31.5457 0.05)
(-20.3235 -31.8016 0.05)
(-19.1855 -32.0373 0.05)
(-50.0335 -0.609674 0)
(-49.8565 -3.226 0)
(-49.472 -5.857 0)
(-48.6766 -9.16919 0)
(-47.5572 -12.3665 0)
(-46.0578 -15.5579 0)
(-44.1062 -18.7625 0)
(-41.8108 -21.7324 0)
(-39.4061 -24.2412 0)
(-36.9908 -26.3165 0)
(-34.6108 -28.0223 0)
(-32.4152 -29.3506 0)
(-30.4408 -30.3733 0)
(-28.6486 -31.1775 0)
(-27.048 -31.8059 0)
(-25.6101 -32.3054 0)
(-24.2865 -32.7157 0)
(-23.0545 -33.0592 0)
(-21.8773 -33.3558 0)
(-20.7194 -33.6205 0)
(-19.545 -33.8637 0)
(-50.0335 -0.609674 0.05)
(-49.8565 -3.226 0.05)
(-49.472 -5.857 0.05)
(-48.6766 -9.16919 0.05)
(-47.5572 -12.3665 0.05)
(-46.0578 -15.5579 0.05)
(-44.1062 -18.7625 0.05)
(-41.8108 -21.7324 0.05)
(-39.4061 -24.2412 0.05)
(-36.9908 -26.3165 0.05)
(-34.6108 -28.0223 0.05)
(-32.4152 -29.3506 0.05)
(-30.4408 -30.3733 0.05)
(-28.6486 -31.1775 0.05)
(-27.048 -31.8059 0.05)
(-25.6101 -32.3054 0.05)
(-24.2865 -32.7157 0.05)
(-23.0545 -33.0592 0.05)
(-21.8773 -33.3558 0.05)
(-20.7194 -33.6205 0.05)
(-19.545 -33.8637 0.05)
(-51.9966 -0.665038 0)
(-51.8093 -3.43404 0)
(-51.4024 -6.21811 0)
(-50.5604 -9.72407 0)
(-49.3758 -13.1078 0)
(-47.7892 -16.4848 0)
(-45.7241 -19.8755 0)
(-43.2959 -23.0173 0)
(-40.7533 -25.6701 0)
(-38.2008 -27.8632 0)
(-35.6875 -29.6647 0)
(-33.3712 -31.066 0)
(-31.2914 -32.1434 0)
(-29.4064 -32.9892 0)
(-27.7266 -33.6488 0)
(-26.2213 -34.1717 0)
(-24.8395 -34.6001 0)
(-23.5571 -34.9576 0)
(-22.3355 -35.2654 0)
(-21.137 -35.5394 0)
(-19.9242 -35.7906 0)
(-18.6613 -36.0263 0)
(-51.9966 -0.665038 0.05)
(-51.8093 -3.43404 0.05)
(-51.4024 -6.21811 0.05)
(-50.5604 -9.72407 0.05)
(-49.3758 -13.1078 0.05)
(-47.7892 -16.4848 0.05)
(-45.7241 -19.8755 0.05)
(-43.2959 -23.0173 0.05)
(-40.7533 -25.6701 0.05)
(-38.2008 -27.8632 0.05)
(-35.6875 -29.6647 0.05)
(-33.3712 -31.066 0.05)
(-31.2914 -32.1434 0.05)
(-29.4064 -32.9892 0.05)
(-27.7266 -33.6488 0.05)
(-26.2213 -34.1717 0.05)
(-24.8395 -34.6001 0.05)
(-23.5571 -34.9576 0.05)
(-22.3355 -35.2654 0.05)
(-21.137 -35.5394 0.05)
(-19.9242 -35.7906 0.05)
(-18.6613 -36.0263 0.05)
(-54.0676 -0.723447 0)
(-53.8695 -3.65353 0)
(-53.4389 -6.59909 0)
(-52.5478 -10.3095 0)
(-51.2944 -13.8898 0)
(-49.6157 -17.4627 0)
(-47.4311 -21.0498 0)
(-44.8627 -24.3729 0)
(-42.1745 -27.1776 0)
(-39.4774 -29.495 0)
(-36.8234 -31.3974 0)
(-34.3799 -32.8758 0)
(-32.1887 -34.0108 0)
(-30.2059 -34.9006 0)
(-28.4425 -35.593 0)
(-26.8662 -36.1407 0)
(-25.4229 -36.5881 0)
(-24.0873 -36.9605 0)
(-22.8188 -37.2801 0)
(-21.5777 -37.5639 0)
(-20.3243 -37.8234 0)
(-19.0213 -38.0666 0)
(-54.0676 -0.723447 0.05)
(-53.8695 -3.65353 0.05)
(-53.4389 -6.59909 0.05)
(-52.5478 -10.3095 0.05)
(-51.2944 -13.8898 0.05)
(-49.6157 -17.4627 0.05)
(-47.4311 -21.0498 0.05)
(-44.8627 -24.3729 0.05)
(-42.1745 -27.1776 0.05)
(-39.4774 -29.495 0.05)
(-36.8234 -31.3974 0.05)
(-34.3799 -32.8758 0.05)
(-32.1887 -34.0108 0.05)
(-30.2059 -34.9006 0.05)
(-28.4425 -35.593 0.05)
(-26.8662 -36.1407 0.05)
(-25.4229 -36.5881 0.05)
(-24.0873 -36.9605 0.05)
(-22.8188 -37.2801 0.05)
(-21.5777 -37.5639 0.05)
(-20.3243 -37.8234 0.05)
(-19.0213 -38.0666 0.05)
(-56.2525 -0.785069 0)
(-56.043 -3.88508 0)
(-55.5875 -7.00102 0)
(-54.6446 -10.9271 0)
(-53.3185 -14.7148 0)
(-51.5428 -18.4944 0)
(-49.2319 -22.2887 0)
(-46.5157 -25.8031 0)
(-43.674 -28.7681 0)
(-40.8243 -31.2166 0)
(-38.0217 -33.2254 0)
(-35.444 -34.7851 0)
(-33.1354 -35.981 0)
(-31.0494 -36.9171 0)
(-29.1978 -37.6441 0)
(-27.5465 -38.2179 0)
(-26.0384 -38.6855 0)
(-24.6467 -39.0735 0)
(-23.3287 -39.4056 0)
(-22.0425 -39.6997 0)
(-20.7464 -39.9681 0)
(-19.4011 -40.2192 0)
(-56.2525 -0.785069 0.05)
(-56.043 -3.88508 0.05)
(-55.5875 -7.00102 0.05)
(-54.6446 -10.9271 0.05)
(-53.3185 -14.7148 0.05)
(-51.5428 -18.4944 0.05)
(-49.2319 -22.2887 0.05)
(-46.5157 -25.8031 0.05)
(-43.674 -28.7681 0.05)
(-40.8243 -31.2166 0.05)
(-38.0217 -33.2254 0.05)
(-35.444 -34.7851 0.05)
(-33.1354 -35.981 0.05)
(-31.0494 -36.9171 0.05)
(-29.1978 -37.6441 0.05)
(-27.5465 -38.2179 0.05)
(-26.0384 -38.6855 0.05)
(-24.6467 -39.0735 0.05)
(-23.3287 -39.4056 0.05)
(-22.0425 -39.6997 0.05)
(-20.7464 -39.9681 0.05)
(-19.4011 -40.2192 0.05)
(-58.5577 -0.85008 0)
(-58.3361 -4.12938 0)
(-57.8542 -7.42506 0)
(-56.8566 -11.5786 0)
(-55.454 -15.5853 0)
(-53.5758 -19.5828 0)
(-51.1317 -23.5958 0)
(-48.2596 -27.312 0)
(-45.2559 -30.446 0)
(-42.2452 -33.0329 0)
(-39.286 -35.154 0)
(-36.5667 -36.7994 0)
(-34.1342 -38.0595 0)
(-31.9393 -39.0445 0)
(-29.9947 -39.8081 0)
(-28.2642 -40.4094 0)
(-26.6877 -40.8982 0)
(-25.2369 -41.3027 0)
(-23.8667 -41.648 0)
(-22.5329 -41.9529 0)
(-21.1918 -42.2307 0)
(-19.8017 -42.4902 0)
(-58.5577 -0.85008 0.05)
(-58.3361 -4.12938 0.05)
(-57.8542 -7.42506 0.05)
(-56.8566 -11.5786 0.05)
(-55.454 -15.5853 0.05)
(-53.5758 -19.5828 0.05)
(-51.1317 -23.5958 0.05)
(-48.2596 -27.312 0.05)
(-45.2559 -30.446 0.05)
(-42.2452 -33.0329 0.05)
(-39.286 -35.154 0.05)
(-36.5667 -36.7994 0.05)
(-34.1342 -38.0595 0.05)
(-31.9393 -39.0445 0.05)
(-29.9947 -39.8081 0.05)
(-28.2642 -40.4094 0.05)
(-26.6877 -40.8982 0.05)
(-25.2369 -41.3027 0.05)
(-23.8667 -41.648 0.05)
(-22.5329 -41.9529 0.05)
(-21.1918 -42.2307 0.05)
(-19.8017 -42.4902 0.05)
(-60.9896 -0.918667 0)
(-60.7552 -4.38711 0)
(-60.2455 -7.87242 0)
(-59.1904 -12.266 0)
(-57.7069 -16.5036 0)
(-55.7206 -20.731 0)
(-53.1361 -24.9747 0)
(-50.0994 -28.9038 0)
(-46.9248 -32.2162 0)
(-43.7442 -34.949 0)
(-40.6198 -37.1886 0)
(-37.7511 -38.9244 0)
(-35.1879 -40.2524 0)
(-32.8782 -41.2889 0)
(-30.8354 -42.0911 0)
(-29.0215 -42.7214 0)
(-27.3727 -43.2327 0)
(-25.8595 -43.6545 0)
(-24.4342 -44.0138 0)
(-23.0503 -44.3302 0)
(-21.6616 -44.6178 0)
(-20.2244 -44.886 0)
(-18.6818 -45.142 0)
(-60.9896 -0.918667 0.05)
(-60.7552 -4.38711 0.05)
(-60.2455 -7.87242 0.05)
(-59.1904 -12.266 0.05)
(-57.7069 -16.5036 0.05)
(-55.7206 -20.731 0.05)
(-53.1361 -24.9747 0.05)
(-50.0994 -28.9038 0.05)
(-46.9248 -32.2162 0.05)
(-43.7442 -34.949 0.05)
(-40.6198 -37.1886 0.05)
(-37.7511 -38.9244 0.05)
(-35.1879 -40.2524 0.05)
(-32.8782 -41.2889 0.05)
(-30.8354 -42.0911 0.05)
(-29.0215 -42.7214 0.05)
(-27.3727 -43.2327 0.05)
(-25.8595 -43.6545 0.05)
(-24.4342 -44.0138 0.05)
(-23.0503 -44.3302 0.05)
(-21.6616 -44.6178 0.05)
(-20.2244 -44.886 0.05)
(-18.6818 -45.142 0.05)
(-63.5552 -0.991026 0)
(-63.3075 -4.65901 0)
(-62.7685 -8.34438 0)
(-61.6525 -12.9912 0)
(-60.0837 -17.4724 0)
(-57.9834 -21.9425 0)
(-55.2507 -26.4294 0)
(-52.0404 -30.5832 0)
(-48.6855 -34.0837 0)
(-45.3257 -36.9706 0)
(-42.027 -39.3352 0)
(-39.0007 -41.1664 0)
(-36.2996 -42.5658 0)
(-33.8687 -43.6568 0)
(-31.7223 -44.4997 0)
(-29.8203 -45.1606 0)
(-28.0954 -45.6955 0)
(-26.5164 -46.1357 0)
(-25.033 -46.5096 0)
(-23.5961 -46.8381 0)
(-22.1573 -47.1361 0)
(-20.6704 -47.4137 0)
(-19.0754 -47.6783 0)
(-63.5552 -0.991026 0.05)
(-63.3075 -4.65901 0.05)
(-62.7685 -8.34438 0.05)
(-61.6525 -12.9912 0.05)
(-60.0837 -17.4724 0.05)
(-57.9834 -21.9425 0.05)
(-55.2507 -26.4294 0.05)
(-52.0404 -30.5832 0.05)
(-48.6855 -34.0837 0.05)
(-45.3257 -36.9706 0.05)
(-42.027 -39.3352 0.05)
(-39.0007 -41.1664 0.05)
(-36.2996 -42.5658 0.05)
(-33.8687 -43.6568 0.05)
(-31.7223 -44.4997 0.05)
(-29.8203 -45.1606 0.05)
(-28.0954 -45.6955 0.05)
(-26.5164 -46.1357 0.05)
(-25.033 -46.5096 0.05)
(-23.5961 -46.8381 0.05)
(-22.1573 -47.1361 0.05)
(-20.6704 -47.4137 0.05)
(-19.0754 -47.6783 0.05)
(-66.262 -1.06736 0)
(-66 -4.94587 0)
(-65.4301 -8.8423 0)
(-64.25 -13.7563 0)
(-62.5912 -18.4944 0)
(-60.3706 -23.2205 0)
(-57.4815 -27.9642 0)
(-54.0882 -32.3549 0)
(-50.543 -36.054 0)
(-46.9942 -39.1033 0)
(-43.5116 -41.5998 0)
(-40.319 -43.5317 0)
(-37.4724 -45.0065 0)
(-34.9136 -46.1549 0)
(-32.658 -47.0407 0)
(-30.6631 -47.7339 0)
(-28.8579 -48.2938 0)
(-27.2094 -48.7534 0)
(-25.6646 -49.1427 0)
(-24.172 -49.484 0)
(-22.6802 -49.793 0)
(-21.1408 -50.0803 0)
(-19.4907 -50.3541 0)
(-66.262 -1.06736 0.05)
(-66 -4.94587 0.05)
(-65.4301 -8.8423 0.05)
(-64.25 -13.7563 0.05)
(-62.5912 -18.4944 0.05)
(-60.3706 -23.2205 0.05)
(-57.4815 -27.9642 0.05)
(-54.0882 -32.3549 0.05)
(-50.543 -36.054 0.05)
(-46.9942 -39.1033 0.05)
(-43.5116 -41.5998 0.05)
(-40.319 -43.5317 0.05)
(-37.4724 -45.0065 0.05)
(-34.9136 -46.1549 0.05)
(-32.658 -47.0407 0.05)
(-30.6631 -47.7339 0.05)
(-28.8579 -48.2938 0.05)
(-27.2094 -48.7534 0.05)
(-25.6646 -49.1427 0.05)
(-24.172 -49.484 0.05)
(-22.6802 -49.793 0.05)
(-21.1408 -50.0803 0.05)
(-19.4907 -50.3541 0.05)
(-69.1176 -1.1479 0)
(-68.8407 -5.2485 0)
(-68.2382 -9.36761 0)
(-66.9903 -14.5635 0)
(-65.2366 -19.5727 0)
(-62.8892 -24.5689 0)
(-59.8351 -29.5834 0)
(-56.2486 -34.2241 0)
(-52.5027 -38.1326 0)
(-48.7545 -41.3533 0)
(-45.0778 -43.9889 0)
(-41.7098 -46.027 0)
(-38.7097 -47.5814 0)
(-36.016 -48.7903 0)
(-33.6452 -49.7215 0)
(-31.5523 -50.4488 0)
(-29.6623 -51.0349 0)
(-27.9405 -51.515 0)
(-26.3311 -51.9207 0)
(-24.7795 -52.2754 0)
(-23.2319 -52.596 0)
(-21.6372 -52.8936 0)
(-19.9288 -53.1771 0)
(-69.1176 -1.1479 0.05)
(-68.8407 -5.2485 0.05)
(-68.2382 -9.36761 0.05)
(-66.9903 -14.5635 0.05)
(-65.2366 -19.5727 0.05)
(-62.8892 -24.5689 0.05)
(-59.8351 -29.5834 0.05)
(-56.2486 -34.2241 0.05)
(-52.5027 -38.1326 0.05)
(-48.7545 -41.3533 0.05)
(-45.0778 -43.9889 0.05)
(-41.7098 -46.027 0.05)
(-38.7097 -47.5814 0.05)
(-36.016 -48.7903 0.05)
(-33.6452 -49.7215 0.05)
(-31.5523 -50.4488 0.05)
(-29.6623 -51.0349 0.05)
(-27.9405 -51.515 0.05)
(-26.3311 -51.9207 0.05)
(-24.7795 -52.2754 0.05)
(-23.2319 -52.596 0.05)
(-21.6372 -52.8936 0.05)
(-19.9288 -53.1771 0.05)
(-72.1303 -1.23287 0)
(-71.8377 -5.56778 0)
(-71.2007 -9.92181 0)
(-69.8814 -15.4151 0)
(-68.0276 -20.7103 0)
(-65.5462 -25.9914 0)
(-62.3182 -31.2916 0)
(-58.5278 -36.1961 0)
(-54.5702 -40.3256 0)
(-50.6115 -43.7271 0)
(-46.7302 -46.5095 0)
(-43.1771 -48.6596 0)
(-40.015 -50.2979 0)
(-37.1791 -51.5708 0)
(-34.6866 -52.5497 0)
(-32.4904 -53.313 0)
(-30.5109 -53.9269 0)
(-28.7119 -54.4285 0)
(-27.0342 -54.8514 0)
(-25.4205 -55.2204 0)
(-23.8139 -55.5531 0)
(-22.1608 -55.8617 0)
(-20.3911 -56.1553 0)
(-18.419 -56.4388 0)
(-72.1303 -1.23287 0.05)
(-71.8377 -5.56778 0.05)
(-71.2007 -9.92181 0.05)
(-69.8814 -15.4151 0.05)
(-68.0276 -20.7103 0.05)
(-65.5462 -25.9914 0.05)
(-62.3182 -31.2916 0.05)
(-58.5278 -36.1961 0.05)
(-54.5702 -40.3256 0.05)
(-50.6115 -43.7271 0.05)
(-46.7302 -46.5095 0.05)
(-43.1771 -48.6596 0.05)
(-40.015 -50.2979 0.05)
(-37.1791 -51.5708 0.05)
(-34.6866 -52.5497 0.05)
(-32.4904 -53.313 0.05)
(-30.5109 -53.9269 0.05)
(-28.7119 -54.4285 0.05)
(-27.0342 -54.8514 0.05)
(-25.4205 -55.2204 0.05)
(-23.8139 -55.5531 0.05)
(-22.1608 -55.8617 0.05)
(-20.3911 -56.1553 0.05)
(-18.419 -56.4388 0.05)
(-75.3087 -1.32251 0)
(-74.9994 -5.90463 0)
(-74.3261 -10.5065 0)
(-72.9315 -16.3135 0)
(-70.972 -21.9105 0)
(-68.3494 -27.4922 0)
(-64.9378 -33.0938 0)
(-60.9323 -38.2765 0)
(-56.7513 -42.6391 0)
(-52.5707 -46.2315 0)
(-48.4734 -49.1687 0)
(-44.7251 -51.437 0)
(-41.3922 -53.1639 0)
(-38.4061 -54.5041 0)
(-35.7854 -55.5335 0)
(-33.48 -56.3347 0)
(-31.4062 -56.9779 0)
(-29.5256 -57.5023 0)
(-27.7759 -57.9433 0)
(-26.0967 -58.3273 0)
(-24.4279 -58.6729 0)
(-22.7133 -58.993 0)
(-20.8787 -59.2974 0)
(-18.8341 -59.5912 0)
(-75.3087 -1.32251 0.05)
(-74.9994 -5.90463 0.05)
(-74.3261 -10.5065 0.05)
(-72.9315 -16.3135 0.05)
(-70.972 -21.9105 0.05)
(-68.3494 -27.4922 0.05)
(-64.9378 -33.0938 0.05)
(-60.9323 -38.2765 0.05)
(-56.7513 -42.6391 0.05)
(-52.5707 -46.2315 0.05)
(-48.4734 -49.1687 0.05)
(-44.7251 -51.437 0.05)
(-41.3922 -53.1639 0.05)
(-38.4061 -54.5041 0.05)
(-35.7854 -55.5335 0.05)
(-33.48 -56.3347 0.05)
(-31.4062 -56.9779 0.05)
(-29.5256 -57.5023 0.05)
(-27.7759 -57.9433 0.05)
(-26.0967 -58.3273 0.05)
(-24.4279 -58.6729 0.05)
(-22.7133 -58.993 0.05)
(-20.8787 -59.2974 0.05)
(-18.8341 -59.5912 0.05)
(-78.6619 -1.41708 0)
(-78.3351 -6.25999 0)
(-77.6234 -11.1233 0)
(-76.1493 -17.2613 0)
(-74.0784 -23.1767 0)
(-71.3068 -29.0755 0)
(-67.7015 -34.9951 0)
(-63.4691 -40.4714 0)
(-59.0525 -45.0799 0)
(-54.6377 -48.8735 0)
(-50.3125 -51.9741 0)
(-46.3582 -54.3672 0)
(-42.8451 -56.1874 0)
(-39.7006 -57.5988 0)
(-36.9445 -58.6814 0)
(-34.5241 -59.5226 0)
(-32.3508 -60.1967 0)
(-30.3841 -60.7451 0)
(-28.5585 -61.2053 0)
(-26.8101 -61.6051 0)
(-25.0758 -61.9643 0)
(-23.2961 -62.2965 0)
(-21.3932 -62.6122 0)
(-19.272 -62.9171 0)
(-78.6619 -1.41708 0.05)
(-78.3351 -6.25999 0.05)
(-77.6234 -11.1233 0.05)
(-76.1493 -17.2613 0.05)
(-74.0784 -23.1767 0.05)
(-71.3068 -29.0755 0.05)
(-67.7015 -34.9951 0.05)
(-63.4691 -40.4714 0.05)
(-59.0525 -45.0799 0.05)
(-54.6377 -48.8735 0.05)
(-50.3125 -51.9741 0.05)
(-46.3582 -54.3672 0.05)
(-42.8451 -56.1874 0.05)
(-39.7006 -57.5988 0.05)
(-36.9445 -58.6814 0.05)
(-34.5241 -59.5226 0.05)
(-32.3508 -60.1967 0.05)
(-30.3841 -60.7451 0.05)
(-28.5585 -61.2053 0.05)
(-26.8101 -61.6051 0.05)
(-25.0758 -61.9643 0.05)
(-23.2961 -62.2965 0.05)
(-21.3932 -62.6122 0.05)
(-19.272 -62.9171 0.05)
(-82.1995 -1.51685 0)
(-81.8542 -6.63491 0)
(-81.1021 -11.7741 0)
(-79.5442 -18.2612 0)
(-77.3557 -24.5125 0)
(-74.4268 -30.7458 0)
(-70.6171 -37.001 0)
(-66.1455 -42.787 0)
(-61.4802 -47.655 0)
(-56.8183 -51.6609 0)
(-52.2528 -54.9339 0)
(-48.0811 -57.4585 0)
(-44.3779 -59.3773 0)
(-41.0663 -60.8637 0)
(-38.1675 -62.0024 0)
(-35.6256 -62.8859 0)
(-33.3473 -63.5925 0)
(-31.2899 -64.1663 0)
(-29.3841 -64.6467 0)
(-27.5627 -65.0632 0)
(-25.7592 -65.4367 0)
(-23.911 -65.7817 0)
(-21.936 -66.1094 0)
(-19.7339 -66.4258 0)
(-82.1995 -1.51685 0.05)
(-81.8542 -6.63491 0.05)
(-81.1021 -11.7741 0.05)
(-79.5442 -18.2612 0.05)
(-77.3557 -24.5125 0.05)
(-74.4268 -30.7458 0.05)
(-70.6171 -37.001 0.05)
(-66.1455 -42.787 0.05)
(-61.4802 -47.655 0.05)
(-56.8183 -51.6609 0.05)
(-52.2528 -54.9339 0.05)
(-48.0811 -57.4585 0.05)
(-44.3779 -59.3773 0.05)
(-41.0663 -60.8637 0.05)
(-38.1675 -62.0024 0.05)
(-35.6256 -62.8859 0.05)
(-33.3473 -63.5925 0.05)
(-31.2899 -64.1663 0.05)
(-29.3841 -64.6467 0.05)
(-27.5627 -65.0632 0.05)
(-25.7592 -65.4367 0.05)
(-23.911 -65.7817 0.05)
(-21.936 -66.1094 0.05)
(-19.7339 -66.4258 0.05)
(-85.9317 -1.62211 0)
(-85.5669 -7.03044 0)
(-84.7721 -12.4606 0)
(-83.1257 -19.3162 0)
(-80.8132 -25.9218 0)
(-77.7185 -32.5081 0)
(-73.6932 -39.1172 0)
(-68.969 -45.2299 0)
(-64.0415 -50.3717 0)
(-59.1189 -54.6016 0)
(-54.2998 -58.0564 0)
(-49.8988 -60.7198 0)
(-45.995 -62.7426 0)
(-42.5072 -64.3082 0)
(-39.4577 -65.5061 0)
(-36.7877 -66.4341 0)
(-34.3986 -67.1751 0)
(-32.2454 -67.7756 0)
(-30.2551 -68.2774 0)
(-28.3567 -68.7114 0)
(-26.4802 -69.1001 0)
(-24.5597 -69.4586 0)
(-22.5086 -69.7989 0)
(-20.2213 -70.1275 0)
(-85.9317 -1.62211 0.05)
(-85.5669 -7.03044 0.05)
(-84.7721 -12.4606 0.05)
(-83.1257 -19.3162 0.05)
(-80.8132 -25.9218 0.05)
(-77.7185 -32.5081 0.05)
(-73.6932 -39.1172 0.05)
(-68.969 -45.2299 0.05)
(-64.0415 -50.3717 0.05)
(-59.1189 -54.6016 0.05)
(-54.2998 -58.0564 0.05)
(-49.8988 -60.7198 0.05)
(-45.995 -62.7426 0.05)
(-42.5072 -64.3082 0.05)
(-39.4577 -65.5061 0.05)
(-36.7877 -66.4341 0.05)
(-34.3986 -67.1751 0.05)
(-32.2454 -67.7756 0.05)
(-30.2551 -68.2774 0.05)
(-28.3567 -68.7114 0.05)
(-26.4802 -69.1001 0.05)
(-24.5597 -69.4586 0.05)
(-22.5086 -69.7989 0.05)
(-20.2213 -70.1275 0.05)
(-89.8691 -1.73316 0)
(-89.4837 -7.44773 0)
(-88.644 -13.185 0)
(-86.9042 -20.4291 0)
(-84.4608 -27.4086 0)
(-81.1911 -34.3672 0)
(-76.9384 -41.3497 0)
(-71.9479 -47.8072 0)
(-66.7436 -53.2378 0)
(-61.546 -57.7041 0)
(-56.4593 -61.3507 0)
(-51.8165 -64.1605 0)
(-47.701 -66.293 0)
(-44.0272 -67.9421 0)
(-40.8188 -69.2025 0)
(-38.0137 -70.1775 0)
(-35.5077 -70.9548 0)
(-33.2535 -71.5834 0)
(-31.174 -72.1077 0)
(-29.1944 -72.5603 0)
(-27.2409 -72.965 0)
(-25.2441 -73.3377 0)
(-23.1128 -73.6913 0)
(-20.7355 -74.0329 0)
(-18.0942 -74.3466 0)
(-89.8691 -1.73316 0.05)
(-89.4837 -7.44773 0.05)
(-88.644 -13.185 0.05)
(-86.9042 -20.4291 0.05)
(-84.4608 -27.4086 0.05)
(-81.1911 -34.3672 0.05)
(-76.9384 -41.3497 0.05)
(-71.9479 -47.8072 0.05)
(-66.7436 -53.2378 0.05)
(-61.546 -57.7041 0.05)
(-56.4593 -61.3507 0.05)
(-51.8165 -64.1605 0.05)
(-47.701 -66.293 0.05)
(-44.0272 -67.9421 0.05)
(-40.8188 -69.2025 0.05)
(-38.0137 -70.1775 0.05)
(-35.5077 -70.9548 0.05)
(-33.2535 -71.5834 0.05)
(-31.174 -72.1077 0.05)
(-29.1944 -72.5603 0.05)
(-27.2409 -72.965 0.05)
(-25.2441 -73.3377 0.05)
(-23.1128 -73.6913 0.05)
(-20.7355 -74.0329 0.05)
(-18.0942 -74.3466 0.05)
(-94.0232 -1.85031 0)
(-93.616 -7.88796 0)
(-92.7288 -13.9491 0)
(-90.8906 -21.6033 0)
(-88.3091 -28.9772 0)
(-84.8548 -36.3287 0)
(-80.3621 -43.7051 0)
(-75.0905 -50.5263 0)
(-69.5943 -56.2615 0)
(-64.1066 -60.9771 0)
(-58.7377 -64.8261 0)
(-53.8397 -67.7904 0)
(-49.5009 -70.0387 0)
(-45.6309 -71.7759 0)
(-42.2548 -73.1021 0)
(-39.3072 -74.1267 0)
(-36.6779 -74.9423 0)
(-34.3171 -75.6007 0)
(-32.1434 -76.1487 0)
(-30.0782 -76.621 0)
(-28.0434 -77.0424 0)
(-25.9661 -77.4302 0)
(-23.7501 -77.7978 0)
(-21.278 -78.153 0)
(-18.5309 -78.4793 0)
(-94.0232 -1.85031 0.05)
(-93.616 -7.88796 0.05)
(-92.7288 -13.9491 0.05)
(-90.8906 -21.6033 0.05)
(-88.3091 -28.9772 0.05)
(-84.8548 -36.3287 0.05)
(-80.3621 -43.7051 0.05)
(-75.0905 -50.5263 0.05)
(-69.5943 -56.2615 0.05)
(-64.1066 -60.9771 0.05)
(-58.7377 -64.8261 0.05)
(-53.8397 -67.7904 0.05)
(-49.5009 -70.0387 0.05)
(-45.6309 -71.7759 0.05)
(-42.2548 -73.1021 0.05)
(-39.3072 -74.1267 0.05)
(-36.6779 -74.9423 0.05)
(-34.3171 -75.6007 0.05)
(-32.1434 -76.1487 0.05)
(-30.0782 -76.621 0.05)
(-28.0434 -77.0424 0.05)
(-25.9661 -77.4302 0.05)
(-23.7501 -77.7978 0.05)
(-21.278 -78.153 0.05)
(-18.5309 -78.4793 0.05)
(-98.4057 -1.97391 0)
(-97.9756 -8.35241 0)
(-97.0383 -14.7553 0)
(-95.0962 -22.8421 0)
(-92.369 -30.632 0)
(-88.72 -38.398 0)
(-83.9741 -46.1901 0)
(-78.406 -53.3949 0)
(-72.6018 -59.4516 0)
(-66.808 -64.4302 0)
(-61.1413 -68.4927 0)
(-55.9741 -71.62 0)
(-51.3998 -73.9904 0)
(-47.3228 -75.8205 0)
(-43.7698 -77.2163 0)
(-40.6717 -78.2932 0)
(-37.9124 -79.1492 0)
(-35.4391 -79.8389 0)
(-33.1662 -80.412 0)
(-31.0106 -80.9049 0)
(-28.8901 -81.3442 0)
(-26.7279 -81.7477 0)
(-24.4225 -82.1302 0)
(-21.8503 -82.4997 0)
(-18.9917 -82.8392 0)
(-98.4057 -1.97391 0.05)
(-97.9756 -8.35241 0.05)
(-97.0383 -14.7553 0.05)
(-95.0962 -22.8421 0.05)
(-92.369 -30.632 0.05)
(-88.72 -38.398 0.05)
(-83.9741 -46.1901 0.05)
(-78.406 -53.3949 0.05)
(-72.6018 -59.4516 0.05)
(-66.808 -64.4302 0.05)
(-61.1413 -68.4927 0.05)
(-55.9741 -71.62 0.05)
(-51.3998 -73.9904 0.05)
(-47.3228 -75.8205 0.05)
(-43.7698 -77.2163 0.05)
(-40.6717 -78.2932 0.05)
(-37.9124 -79.1492 0.05)
(-35.4391 -79.8389 0.05)
(-33.1662 -80.412 0.05)
(-31.0106 -80.9049 0.05)
(-28.8901 -81.3442 0.05)
(-26.7279 -81.7477 0.05)
(-24.4225 -82.1302 0.05)
(-21.8503 -82.4997 0.05)
(-18.9917 -82.8392 0.05)
(-103.029 -2.10431 0)
(-102.575 -8.84241 0)
(-101.585 -15.6058 0)
(-99.5331 -24.1489 0)
(-96.6522 -32.3779 0)
(-92.7977 -40.5811 0)
(-87.7848 -48.8117 0)
(-81.9039 -56.4213 0)
(-75.7748 -62.8171 0)
(-69.658 -68.0732 0)
(-63.6772 -72.361 0)
(-58.2259 -75.6602 0)
(-53.4031 -78.1594 0)
(-49.1077 -80.0876 0)
(-45.3681 -81.5567 0)
(-42.1114 -82.6888 0)
(-39.2147 -83.5874 0)
(-36.6229 -84.3103 0)
(-34.2452 -84.9098 0)
(-31.9942 -85.4245 0)
(-29.7833 -85.8825 0)
(-27.5315 -86.3027 0)
(-25.1319 -86.7008 0)
(-22.454 -87.0855 0)
(-19.4778 -87.439 0)
(-103.029 -2.10431 0.05)
(-102.575 -8.84241 0.05)
(-101.585 -15.6058 0.05)
(-99.5331 -24.1489 0.05)
(-96.6522 -32.3779 0.05)
(-92.7977 -40.5811 0.05)
(-87.7848 -48.8117 0.05)
(-81.9039 -56.4213 0.05)
(-75.7748 -62.8171 0.05)
(-69.658 -68.0732 0.05)
(-63.6772 -72.361 0.05)
(-58.2259 -75.6602 0.05)
(-53.4031 -78.1594 0.05)
(-49.1077 -80.0876 0.05)
(-45.3681 -81.5567 0.05)
(-42.1114 -82.6888 0.05)
(-39.2147 -83.5874 0.05)
(-36.6229 -84.3103 0.05)
(-34.2452 -84.9098 0.05)
(-31.9942 -85.4245 0.05)
(-29.7833 -85.8825 0.05)
(-27.5315 -86.3027 0.05)
(-25.1319 -86.7008 0.05)
(-22.454 -87.0855 0.05)
(-19.4778 -87.439 0.05)
(-107.907 -2.24188 0)
(-107.427 -9.35936 0)
(-106.381 -16.5031 0)
(-104.214 -25.5277 0)
(-101.171 -34.2198 0)
(-97.0997 -42.8843 0)
(-91.8051 -51.5774 0)
(-85.5941 -59.6141 0)
(-79.1222 -66.3677 0)
(-72.6648 -71.9166 0)
(-66.3525 -76.442 0)
(-60.6016 -79.9227 0)
(-55.5166 -82.5577 0)
(-50.9908 -84.5894 0)
(-47.0543 -86.1359 0)
(-43.6302 -87.3262 0)
(-40.5888 -88.2697 0)
(-37.8717 -89.0275 0)
(-35.3835 -89.6549 0)
(-33.032 -90.1926 0)
(-30.7257 -90.6704 0)
(-28.3793 -91.1083 0)
(-25.8803 -91.5229 0)
(-23.091 -91.9235 0)
(-19.9906 -92.2917 0)
(-107.907 -2.24188 0.05)
(-107.427 -9.35936 0.05)
(-106.381 -16.5031 0.05)
(-104.214 -25.5277 0.05)
(-101.171 -34.2198 0.05)
(-97.0997 -42.8843 0.05)
(-91.8051 -51.5774 0.05)
(-85.5941 -59.6141 0.05)
(-79.1222 -66.3677 0.05)
(-72.6648 -71.9166 0.05)
(-66.3525 -76.442 0.05)
(-60.6016 -79.9227 0.05)
(-55.5166 -82.5577 0.05)
(-50.9908 -84.5894 0.05)
(-47.0543 -86.1359 0.05)
(-43.6302 -87.3262 0.05)
(-40.5888 -88.2697 0.05)
(-37.8717 -89.0275 0.05)
(-35.3835 -89.6549 0.05)
(-33.032 -90.1926 0.05)
(-30.7257 -90.6704 0.05)
(-28.3793 -91.1083 0.05)
(-25.8803 -91.5229 0.05)
(-23.091 -91.9235 0.05)
(-19.9906 -92.2917 0.05)
(-113.053 -2.38702 0)
(-112.546 -9.90473 0)
(-111.442 -17.4498 0)
(-109.152 -26.9823 0)
(-105.938 -36.163 0)
(-101.638 -45.3141 0)
(-96.0465 -54.4953 0)
(-89.4874 -62.9825 0)
(-82.6538 -70.1135 0)
(-75.8369 -75.9714 0)
(-69.175 -80.7475 0)
(-63.1079 -84.4195 0)
(-57.7463 -87.198 0)
(-52.9775 -89.3388 0)
(-48.8333 -90.9669 0)
(-45.2325 -92.2186 0)
(-42.0384 -93.2096 0)
(-39.1893 -94.0042 0)
(-36.5845 -94.661 0)
(-34.1268 -95.223 0)
(-31.7199 -95.7216 0)
(-29.2738 -96.1781 0)
(-26.6699 -96.6101 0)
(-23.763 -97.0276 0)
(-20.5316 -97.4114 0)
(-113.053 -2.38702 0.05)
(-112.546 -9.90473 0.05)
(-111.442 -17.4498 0.05)
(-109.152 -26.9823 0.05)
(-105.938 -36.163 0.05)
(-101.638 -45.3141 0.05)
(-96.0465 -54.4953 0.05)
(-89.4874 -62.9825 0.05)
(-82.6538 -70.1135 0.05)
(-75.8369 -75.9714 0.05)
(-69.175 -80.7475 0.05)
(-63.1079 -84.4195 0.05)
(-57.7463 -87.198 0.05)
(-52.9775 -89.3388 0.05)
(-48.8333 -90.9669 0.05)
(-45.2325 -92.2186 0.05)
(-42.0384 -93.2096 0.05)
(-39.1893 -94.0042 0.05)
(-36.5845 -94.661 0.05)
(-34.1268 -95.223 0.05)
(-31.7199 -95.7216 0.05)
(-29.2738 -96.1781 0.05)
(-26.6699 -96.6101 0.05)
(-23.763 -97.0276 0.05)
(-20.5316 -97.4114 0.05)
(-118.482 -2.54013 0)
(-117.947 -10.4801 0)
(-116.78 -18.4485 0)
(-114.362 -28.5169 0)
(-110.968 -38.2131 0)
(-106.427 -47.8776 0)
(-100.521 -57.5737 0)
(-93.5947 -66.5362 0)
(-86.3795 -74.0654 0)
(-79.1835 -80.2491 0)
(-72.1527 -85.2898 0)
(-65.7521 -89.1637 0)
(-60.0987 -92.0934 0)
(-55.0734 -94.3494 0)
(-50.7101 -96.0637 0)
(-46.923 -97.3801 0)
(-43.5677 -98.4211 0)
(-40.5793 -99.2546 0)
(-37.8515 -99.9425 0)
(-35.2819 -100.53 0)
(-32.7688 -101.051 0)
(-30.2175 -101.527 0)
(-27.5029 -101.977 0)
(-24.472 -102.412 0)
(-21.1024 -102.813 0)
(-17.6131 -103.135 0)
(-118.482 -2.54013 0.05)
(-117.947 -10.4801 0.05)
(-116.78 -18.4485 0.05)
(-114.362 -28.5169 0.05)
(-110.968 -38.2131 0.05)
(-106.427 -47.8776 0.05)
(-100.521 -57.5737 0.05)
(-93.5947 -66.5362 0.05)
(-86.3795 -74.0654 0.05)
(-79.1835 -80.2491 0.05)
(-72.1527 -85.2898 0.05)
(-65.7521 -89.1637 0.05)
(-60.0987 -92.0934 0.05)
(-55.0734 -94.3494 0.05)
(-50.7101 -96.0637 0.05)
(-46.923 -97.3801 0.05)
(-43.5677 -98.4211 0.05)
(-40.5793 -99.2546 0.05)
(-37.8515 -99.9425 0.05)
(-35.2819 -100.53 0.05)
(-32.7688 -101.051 0.05)
(-30.2175 -101.527 0.05)
(-27.5029 -101.977 0.05)
(-24.472 -102.412 0.05)
(-21.1024 -102.813 0.05)
(-17.6131 -103.135 0.05)
(-124.21 -2.70167 0)
(-123.645 -11.0871 0)
(-122.413 -19.5021 0)
(-119.859 -30.1359 0)
(-116.274 -40.3759 0)
(-111.478 -50.5821 0)
(-105.242 -60.8214 0)
(-97.9279 -70.2854 0)
(-90.3102 -78.2347 0)
(-82.7142 -84.7622 0)
(-75.2942 -90.0819 0)
(-68.5417 -94.1688 0)
(-62.5804 -97.2581 0)
(-57.2846 -99.6356 0)
(-52.6901 -101.441 0)
(-48.7065 -102.826 0)
(-45.1811 -103.919 0)
(-42.0457 -104.794 0)
(-39.1882 -105.514 0)
(-36.5005 -106.129 0)
(-33.8753 -106.673 0)
(-31.213 -107.17 0)
(-28.3817 -107.639 0)
(-25.22 -108.093 0)
(-21.7046 -108.511 0)
(-18.0674 -108.847 0)
(-124.21 -2.70167 0.05)
(-123.645 -11.0871 0.05)
(-122.413 -19.5021 0.05)
(-119.859 -30.1359 0.05)
(-116.274 -40.3759 0.05)
(-111.478 -50.5821 0.05)
(-105.242 -60.8214 0.05)
(-97.9279 -70.2854 0.05)
(-90.3102 -78.2347 0.05)
(-82.7142 -84.7622 0.05)
(-75.2942 -90.0819 0.05)
(-68.5417 -94.1688 0.05)
(-62.5804 -97.2581 0.05)
(-57.2846 -99.6356 0.05)
(-52.6901 -101.441 0.05)
(-48.7065 -102.826 0.05)
(-45.1811 -103.919 0.05)
(-42.0457 -104.794 0.05)
(-39.1882 -105.514 0.05)
(-36.5005 -106.129 0.05)
(-33.8753 -106.673 0.05)
(-31.213 -107.17 0.05)
(-28.3817 -107.639 0.05)
(-25.22 -108.093 0.05)
(-21.7046 -108.511 0.05)
(-18.0674 -108.847 0.05)
(-130.253 -2.8721 0)
(-129.656 -11.7275 0)
(-128.355 -20.6137 0)
(-125.658 -31.844 0)
(-121.872 -42.6577 0)
(-116.808 -53.4354 0)
(-110.222 -64.2478 0)
(-102.5 -74.2408 0)
(-94.4571 -82.6333 0)
(-86.439 -89.5234 0)
(-78.6084 -95.1375 0)
(-71.4848 -99.4492 0)
(-65.1986 -102.707 0)
(-59.6174 -105.212 0)
(-54.7791 -107.113 0)
(-50.588 -108.57 0)
(-46.8833 -109.72 0)
(-43.5928 -110.638 0)
(-40.5985 -111.393 0)
(-37.7861 -112.036 0)
(-35.0428 -112.604 0)
(-32.2633 -113.123 0)
(-29.3088 -113.613 0)
(-26.0091 -114.087 0)
(-22.3399 -114.523 0)
(-18.5467 -114.874 0)
(-130.253 -2.8721 0.05)
(-129.656 -11.7275 0.05)
(-128.355 -20.6137 0.05)
(-125.658 -31.844 0.05)
(-121.872 -42.6577 0.05)
(-116.808 -53.4354 0.05)
(-110.222 -64.2478 0.05)
(-102.5 -74.2408 0.05)
(-94.4571 -82.6333 0.05)
(-86.439 -89.5234 0.05)
(-78.6084 -95.1375 0.05)
(-71.4848 -99.4492 0.05)
(-65.1986 -102.707 0.05)
(-59.6174 -105.212 0.05)
(-54.7791 -107.113 0.05)
(-50.588 -108.57 0.05)
(-46.8833 -109.72 0.05)
(-43.5928 -110.638 0.05)
(-40.5985 -111.393 0.05)
(-37.7861 -112.036 0.05)
(-35.0428 -112.604 0.05)
(-32.2633 -113.123 0.05)
(-29.3088 -113.613 0.05)
(-26.0091 -114.087 0.05)
(-22.3399 -114.523 0.05)
(-18.5467 -114.874 0.05)
(-134.626 -2.99544 0)
(-134.054 -12.1956 0)
(-132.806 -21.4441 0)
(-130.219 -33.1791 0)
(-126.587 -44.5585 0)
(-121.729 -56.0244 0)
(-115.412 -67.7259 0)
(-108.005 -78.831 0)
(-100.29 -88.3429 0)
(-90.873 -94.9521 0)
(-82.1527 -100.337 0)
(-74.385 -104.473 0)
(-67.6243 -107.598 0)
(-61.6783 -110.001 0)
(-56.5588 -111.825 0)
(-52.147 -113.222 0)
(-48.2629 -114.325 0)
(-44.8248 -115.205 0)
(-41.7051 -115.93 0)
(-38.7824 -116.547 0)
(-35.9376 -117.092 0)
(-33.0603 -117.589 0)
(-30.0055 -118.059 0)
(-26.5965 -118.514 0)
(-22.8086 -118.932 0)
(-18.8977 -119.268 0)
(-134.626 -2.99544 0.05)
(-134.054 -12.1956 0.05)
(-132.806 -21.4441 0.05)
(-130.219 -33.1791 0.05)
(-126.587 -44.5585 0.05)
(-121.729 -56.0244 0.05)
(-115.412 -67.7259 0.05)
(-108.005 -78.831 0.05)
(-100.29 -88.3429 0.05)
(-90.873 -94.9521 0.05)
(-82.1527 -100.337 0.05)
(-74.385 -104.473 0.05)
(-67.6243 -107.598 0.05)
(-61.6783 -110.001 0.05)
(-56.5588 -111.825 0.05)
(-52.147 -113.222 0.05)
(-48.2629 -114.325 0.05)
(-44.8248 -115.205 0.05)
(-41.7051 -115.93 0.05)
(-38.7824 -116.547 0.05)
(-35.9376 -117.092 0.05)
(-33.0603 -117.589 0.05)
(-30.0055 -118.059 0.05)
(-26.5965 -118.514 0.05)
(-22.8086 -118.932 0.05)
(-18.8977 -119.268 0.05)
(-139.437 -3.13111 0)
(-138.891 -12.7105 0)
(-137.701 -22.3576 0)
(-135.235 -34.6477 0)
(-131.774 -46.6494 0)
(-127.143 -58.8723 0)
(-121.122 -71.5518 0)
(-114.06 -83.8802 0)
(-106.707 -94.6236 0)
(-95.7505 -100.924 0)
(-86.0513 -106.057 0)
(-77.5752 -110 0)
(-70.2926 -112.978 0)
(-63.9452 -115.269 0)
(-58.5165 -117.007 0)
(-53.8619 -118.34 0)
(-49.7804 -119.391 0)
(-46.1799 -120.23 0)
(-42.9225 -120.92 0)
(-39.8784 -121.508 0)
(-36.9219 -122.028 0)
(-33.9369 -122.502 0)
(-30.7719 -122.95 0)
(-27.2427 -123.384 0)
(-23.3242 -123.782 0)
(-19.2838 -124.103 0)
(-139.437 -3.13111 0.05)
(-138.891 -12.7105 0.05)
(-137.701 -22.3576 0.05)
(-135.235 -34.6477 0.05)
(-131.774 -46.6494 0.05)
(-127.143 -58.8723 0.05)
(-121.122 -71.5518 0.05)
(-114.06 -83.8802 0.05)
(-106.707 -94.6236 0.05)
(-95.7505 -100.924 0.05)
(-86.0513 -106.057 0.05)
(-77.5752 -110 0.05)
(-70.2926 -112.978 0.05)
(-63.9452 -115.269 0.05)
(-58.5165 -117.007 0.05)
(-53.8619 -118.34 0.05)
(-49.7804 -119.391 0.05)
(-46.1799 -120.23 0.05)
(-42.9225 -120.92 0.05)
(-39.8784 -121.508 0.05)
(-36.9219 -122.028 0.05)
(-33.9369 -122.502 0.05)
(-30.7719 -122.95 0.05)
(-27.2427 -123.384 0.05)
(-23.3242 -123.782 0.05)
(-19.2838 -124.103 0.05)
(-144.729 -3.28035 0)
(-144.213 -13.2769 0)
(-143.087 -23.3624 0)
(-140.754 -36.2632 0)
(-137.479 -48.9494 0)
(-133.098 -62.005 0)
(-127.402 -75.7603 0)
(-120.721 -89.4343 0)
(-113.765 -101.532 0)
(-101.116 -107.492 0)
(-90.3398 -112.349 0)
(-81.0844 -116.078 0)
(-73.2277 -118.896 0)
(-66.4389 -121.064 0)
(-60.67 -122.708 0)
(-55.7483 -123.969 0)
(-51.4497 -124.963 0)
(-47.6706 -125.757 0)
(-44.2616 -126.41 0)
(-41.0841 -126.966 0)
(-38.0047 -127.458 0)
(-34.9012 -127.907 0)
(-31.615 -128.33 0)
(-27.9534 -128.74 0)
(-23.8914 -129.117 0)
(-19.7085 -129.421 0)
(-144.729 -3.28035 0.05)
(-144.213 -13.2769 0.05)
(-143.087 -23.3624 0.05)
(-140.754 -36.2632 0.05)
(-137.479 -48.9494 0.05)
(-133.098 -62.005 0.05)
(-127.402 -75.7603 0.05)
(-120.721 -89.4343 0.05)
(-113.765 -101.532 0.05)
(-101.116 -107.492 0.05)
(-90.3398 -112.349 0.05)
(-81.0844 -116.078 0.05)
(-73.2277 -118.896 0.05)
(-66.4389 -121.064 0.05)
(-60.67 -122.708 0.05)
(-55.7483 -123.969 0.05)
(-51.4497 -124.963 0.05)
(-47.6706 -125.757 0.05)
(-44.2616 -126.41 0.05)
(-41.0841 -126.966 0.05)
(-38.0047 -127.458 0.05)
(-34.9012 -127.907 0.05)
(-31.615 -128.33 0.05)
(-27.9534 -128.74 0.05)
(-23.8914 -129.117 0.05)
(-19.7085 -129.421 0.05)
(-150.55 -3.44451 0)
(-150.066 -13.8999 0)
(-149.011 -24.4677 0)
(-146.824 -38.0402 0)
(-143.755 -51.4793 0)
(-139.649 -65.451 0)
(-134.31 -80.3896 0)
(-128.049 -95.5439 0)
(-121.528 -109.132 0)
(-107.017 -114.718 0)
(-95.0572 -119.27 0)
(-84.9445 -122.765 0)
(-76.4563 -125.406 0)
(-69.1819 -127.438 0)
(-63.0389 -128.979 0)
(-57.8233 -130.16 0)
(-53.2859 -131.092 0)
(-49.3103 -131.836 0)
(-45.7346 -132.449 0)
(-42.4102 -132.97 0)
(-39.1957 -133.431 0)
(-35.962 -133.851 0)
(-32.5423 -134.249 0)
(-28.7353 -134.633 0)
(-24.5153 -134.986 0)
(-20.1757 -135.271 0)
(-150.55 -3.44451 0.05)
(-150.066 -13.8999 0.05)
(-149.011 -24.4677 0.05)
(-146.824 -38.0402 0.05)
(-143.755 -51.4793 0.05)
(-139.649 -65.451 0.05)
(-134.31 -80.3896 0.05)
(-128.049 -95.5439 0.05)
(-121.528 -109.132 0.05)
(-107.017 -114.718 0.05)
(-95.0572 -119.27 0.05)
(-84.9445 -122.765 0.05)
(-76.4563 -125.406 0.05)
(-69.1819 -127.438 0.05)
(-63.0389 -128.979 0.05)
(-57.8233 -130.16 0.05)
(-53.2859 -131.092 0.05)
(-49.3103 -131.836 0.05)
(-45.7346 -132.449 0.05)
(-42.4102 -132.97 0.05)
(-39.1957 -133.431 0.05)
(-35.962 -133.851 0.05)
(-32.5423 -134.249 0.05)
(-28.7353 -134.633 0.05)
(-24.5153 -134.986 0.05)
(-20.1757 -135.271 0.05)
(-156.953 -3.62509 0)
(-156.505 -14.5852 0)
(-155.527 -25.6835 0)
(-153.502 -39.9949 0)
(-150.658 -54.2623 0)
(-146.855 -69.2416 0)
(-141.909 -85.4819 0)
(-136.109 -102.264 0)
(-130.069 -117.491 0)
(-113.509 -122.666 0)
(-100.246 -126.883 0)
(-89.1907 -130.121 0)
(-80.0078 -132.568 0)
(-72.1992 -134.449 0)
(-65.6446 -135.877 0)
(-60.1058 -136.971 0)
(-55.3058 -137.835 0)
(-51.114 -138.524 0)
(-47.3548 -139.091 0)
(-43.8691 -139.574 0)
(-40.5058 -140.001 0)
(-37.1288 -140.39 0)
(-33.5624 -140.759 0)
(-29.5953 -141.114 0)
(-25.2015 -141.442 0)
(-20.6897 -141.705 0)
(-156.953 -3.62509 0.05)
(-156.505 -14.5852 0.05)
(-155.527 -25.6835 0.05)
(-153.502 -39.9949 0.05)
(-150.658 -54.2623 0.05)
(-146.855 -69.2416 0.05)
(-141.909 -85.4819 0.05)
(-136.109 -102.264 0.05)
(-130.069 -117.491 0.05)
(-113.509 -122.666 0.05)
(-100.246 -126.883 0.05)
(-89.1907 -130.121 0.05)
(-80.0078 -132.568 0.05)
(-72.1992 -134.449 0.05)
(-65.6446 -135.877 0.05)
(-60.1058 -136.971 0.05)
(-55.3058 -137.835 0.05)
(-51.114 -138.524 0.05)
(-47.3548 -139.091 0.05)
(-43.8691 -139.574 0.05)
(-40.5058 -140.001 0.05)
(-37.1288 -140.39 0.05)
(-33.5624 -140.759 0.05)
(-29.5953 -141.114 0.05)
(-25.2015 -141.442 0.05)
(-20.6897 -141.705 0.05)
(-163.996 -3.82373 0)
(-163.587 -15.3391 0)
(-162.695 -27.0208 0)
(-160.847 -42.1451 0)
(-158.252 -57.3236 0)
(-154.781 -73.4112 0)
(-150.268 -91.0835 0)
(-144.975 -109.657 0)
(-139.463 -126.687 0)
(-120.65 -131.409 0)
(-105.954 -135.257 0)
(-93.8615 -138.212 0)
(-83.9144 -140.445 0)
(-75.5182 -142.162 0)
(-68.5109 -143.465 0)
(-62.6165 -144.463 0)
(-57.5276 -145.251 0)
(-53.098 -145.88 0)
(-49.1372 -146.398 0)
(-45.4737 -146.839 0)
(-41.947 -147.228 0)
(-38.4123 -147.584 0)
(-34.6844 -147.919 0)
(-30.5413 -148.244 0)
(-25.9564 -148.543 0)
(-21.255 -148.783 0)
(-163.996 -3.82373 0.05)
(-163.587 -15.3391 0.05)
(-162.695 -27.0208 0.05)
(-160.847 -42.1451 0.05)
(-158.252 -57.3236 0.05)
(-154.781 -73.4112 0.05)
(-150.268 -91.0835 0.05)
(-144.975 -109.657 0.05)
(-139.463 -126.687 0.05)
(-120.65 -131.409 0.05)
(-105.954 -135.257 0.05)
(-93.8615 -138.212 0.05)
(-83.9144 -140.445 0.05)
(-75.5182 -142.162 0.05)
(-68.5109 -143.465 0.05)
(-62.6165 -144.463 0.05)
(-57.5276 -145.251 0.05)
(-53.098 -145.88 0.05)
(-49.1372 -146.398 0.05)
(-45.4737 -146.839 0.05)
(-41.947 -147.228 0.05)
(-38.4123 -147.584 0.05)
(-34.6844 -147.919 0.05)
(-30.5413 -148.244 0.05)
(-25.9564 -148.543 0.05)
(-21.255 -148.783 0.05)
(-171.744 -4.04223 0)
(-171.378 -16.1683 0)
(-170.58 -28.492 0)
(-168.926 -44.5103 0)
(-166.605 -60.691 0)
(-163.5 -77.9979 0)
(-159.463 -97.2451 0)
(-154.728 -117.789 0)
(-149.797 -136.802 0)
(-128.505 -141.026 0)
(-112.233 -144.469 0)
(-98.9993 -147.112 0)
(-88.2117 -149.11 0)
(-79.1692 -150.646 0)
(-71.6638 -151.811 0)
(-65.3784 -152.705 0)
(-59.9716 -153.409 0)
(-55.2805 -153.972 0)
(-51.0977 -154.435 0)
(-47.2389 -154.829 0)
(-43.5322 -155.178 0)
(-39.8242 -155.496 0)
(-35.9187 -155.796 0)
(-31.5819 -156.087 0)
(-26.7868 -156.354 0)
(-21.8769 -156.569 0)
(-17.0536 -156.724 0)
(-171.744 -4.04223 0.05)
(-171.378 -16.1683 0.05)
(-170.58 -28.492 0.05)
(-168.926 -44.5103 0.05)
(-166.605 -60.691 0.05)
(-163.5 -77.9979 0.05)
(-159.463 -97.2451 0.05)
(-154.728 -117.789 0.05)
(-149.797 -136.802 0.05)
(-128.505 -141.026 0.05)
(-112.233 -144.469 0.05)
(-98.9993 -147.112 0.05)
(-88.2117 -149.11 0.05)
(-79.1692 -150.646 0.05)
(-71.6638 -151.811 0.05)
(-65.3784 -152.705 0.05)
(-59.9716 -153.409 0.05)
(-55.2805 -153.972 0.05)
(-51.0977 -154.435 0.05)
(-47.2389 -154.829 0.05)
(-43.5322 -155.178 0.05)
(-39.8242 -155.496 0.05)
(-35.9187 -155.796 0.05)
(-31.5819 -156.087 0.05)
(-26.7868 -156.354 0.05)
(-21.8769 -156.569 0.05)
(-17.0536 -156.724 0.05)
(-180.266 -4.28258 0)
(-179.948 -17.0805 0)
(-179.253 -30.1102 0)
(-177.814 -47.1121 0)
(-175.794 -64.3952 0)
(-173.091 -83.0431 0)
(-169.577 -104.023 0)
(-165.455 -126.734 0)
(-161.164 -147.928 0)
(-137.146 -151.605 0)
(-119.14 -154.602 0)
(-104.651 -156.902 0)
(-92.9387 -158.641 0)
(-83.1852 -159.978 0)
(-75.132 -160.993 0)
(-68.4164 -161.77 0)
(-62.66 -162.384 0)
(-57.6812 -162.873 0)
(-53.2543 -163.276 0)
(-49.1805 -163.62 0)
(-45.276 -163.923 0)
(-41.3772 -164.2 0)
(-37.2764 -164.461 0)
(-32.7266 -164.714 0)
(-27.7002 -164.947 0)
(-22.5609 -165.134 0)
(-17.5211 -165.269 0)
(-180.266 -4.28258 0.05)
(-179.948 -17.0805 0.05)
(-179.253 -30.1102 0.05)
(-177.814 -47.1121 0.05)
(-175.794 -64.3952 0.05)
(-173.091 -83.0431 0.05)
(-169.577 -104.023 0.05)
(-165.455 -126.734 0.05)
(-161.164 -147.928 0.05)
(-137.146 -151.605 0.05)
(-119.14 -154.602 0.05)
(-104.651 -156.902 0.05)
(-92.9387 -158.641 0.05)
(-83.1852 -159.978 0.05)
(-75.132 -160.993 0.05)
(-68.4164 -161.77 0.05)
(-62.66 -162.384 0.05)
(-57.6812 -162.873 0.05)
(-53.2543 -163.276 0.05)
(-49.1805 -163.62 0.05)
(-45.276 -163.923 0.05)
(-41.3772 -164.2 0.05)
(-37.2764 -164.461 0.05)
(-32.7266 -164.714 0.05)
(-27.7002 -164.947 0.05)
(-22.5609 -165.134 0.05)
(-17.5211 -165.269 0.05)
(-189.641 -4.54697 0)
(-189.375 -18.0839 0)
(-188.794 -31.8902 0)
(-187.591 -49.974 0)
(-185.901 -68.4697 0)
(-183.641 -88.5929 0)
(-180.702 -111.479 0)
(-177.256 -136.573 0)
(-173.667 -160.168 0)
(-146.651 -163.242 0)
(-126.737 -165.748 0)
(-110.868 -167.672 0)
(-98.1385 -169.125 0)
(-87.6029 -170.244 0)
(-78.9471 -171.092 0)
(-71.7583 -171.742 0)
(-65.6173 -172.255 0)
(-60.322 -172.665 0)
(-55.6266 -173.002 0)
(-51.3164 -173.289 0)
(-47.1942 -173.542 0)
(-43.0855 -173.774 0)
(-38.7699 -173.992 0)
(-33.9858 -174.204 0)
(-28.705 -174.398 0)
(-23.3133 -174.555 0)
(-18.0353 -174.668 0)
(-189.641 -4.54697 0.05)
(-189.375 -18.0839 0.05)
(-188.794 -31.8902 0.05)
(-187.591 -49.974 0.05)
(-185.901 -68.4697 0.05)
(-183.641 -88.5929 0.05)
(-180.702 -111.479 0.05)
(-177.256 -136.573 0.05)
(-173.667 -160.168 0.05)
(-146.651 -163.242 0.05)
(-126.737 -165.748 0.05)
(-110.868 -167.672 0.05)
(-98.1385 -169.125 0.05)
(-87.6029 -170.244 0.05)
(-78.9471 -171.092 0.05)
(-71.7583 -171.742 0.05)
(-65.6173 -172.255 0.05)
(-60.322 -172.665 0.05)
(-55.6266 -173.002 0.05)
(-51.3164 -173.289 0.05)
(-47.1942 -173.542 0.05)
(-43.0855 -173.774 0.05)
(-38.7699 -173.992 0.05)
(-33.9858 -174.204 0.05)
(-28.705 -174.398 0.05)
(-23.3133 -174.555 0.05)
(-18.0353 -174.668 0.05)
(-199.953 -4.8378 0)
(-199.744 -19.1876 0)
(-199.289 -33.8483 0)
(-198.345 -53.1221 0)
(-197.019 -72.9517 0)
(-195.246 -94.6977 0)
(-192.941 -119.68 0)
(-190.237 -147.397 0)
(-187.421 -173.631 0)
(-157.106 -176.043 0)
(-135.094 -178.008 0)
(-117.706 -179.518 0)
(-103.858 -180.658 0)
(-92.4623 -181.536 0)
(-83.1436 -182.201 0)
(-75.4343 -182.711 0)
(-68.8703 -183.114 0)
(-63.2268 -183.435 0)
(-58.2361 -183.699 0)
(-53.6658 -183.925 0)
(-49.3042 -184.123 0)
(-44.9647 -184.305 0)
(-40.4128 -184.477 0)
(-35.3709 -184.643 0)
(-29.8103 -184.795 0)
(-24.141 -184.918 0)
(-18.601 -185.006 0)
(-199.953 -4.8378 0.05)
(-199.744 -19.1876 0.05)
(-199.289 -33.8483 0.05)
(-198.345 -53.1221 0.05)
(-197.019 -72.9517 0.05)
(-195.246 -94.6977 0.05)
(-192.941 -119.68 0.05)
(-190.237 -147.397 0.05)
(-187.421 -173.631 0.05)
(-157.106 -176.043 0.05)
(-135.094 -178.008 0.05)
(-117.706 -179.518 0.05)
(-103.858 -180.658 0.05)
(-92.4623 -181.536 0.05)
(-83.1436 -182.201 0.05)
(-75.4343 -182.711 0.05)
(-68.8703 -183.114 0.05)
(-63.2268 -183.435 0.05)
(-58.2361 -183.699 0.05)
(-53.6658 -183.925 0.05)
(-49.3042 -184.123 0.05)
(-44.9647 -184.305 0.05)
(-40.4128 -184.477 0.05)
(-35.3709 -184.643 0.05)
(-29.8103 -184.795 0.05)
(-24.141 -184.918 0.05)
(-18.601 -185.006 0.05)
(-211.297 -5.1577 0)
(-211.151 -20.4017 0)
(-210.833 -36.0022 0)
(-210.174 -56.585 0)
(-209.249 -77.882 0)
(-208.012 -101.413 0)
(-206.403 -128.701 0)
(-204.516 -159.303 0)
(-202.551 -188.44 0)
(-168.607 -190.124 0)
(-144.287 -191.495 0)
(-125.229 -192.549 0)
(-110.15 -193.345 0)
(-97.8076 -193.957 0)
(-87.7598 -194.421 0)
(-79.4779 -194.777 0)
(-72.4486 -195.058 0)
(-66.4222 -195.282 0)
(-61.1065 -195.467 0)
(-56.2501 -195.624 0)
(-51.6252 -195.763 0)
(-47.0318 -195.89 0)
(-42.2199 -196.009 0)
(-36.8944 -196.125 0)
(-31.026 -196.232 0)
(-25.0515 -196.317 0)
(-19.2233 -196.379 0)
(-211.297 -5.1577 0.05)
(-211.151 -20.4017 0.05)
(-210.833 -36.0022 0.05)
(-210.174 -56.585 0.05)
(-209.249 -77.882 0.05)
(-208.012 -101.413 0.05)
(-206.403 -128.701 0.05)
(-204.516 -159.303 0.05)
(-202.551 -188.44 0.05)
(-168.607 -190.124 0.05)
(-144.287 -191.495 0.05)
(-125.229 -192.549 0.05)
(-110.15 -193.345 0.05)
(-97.8076 -193.957 0.05)
(-87.7598 -194.421 0.05)
(-79.4779 -194.777 0.05)
(-72.4486 -195.058 0.05)
(-66.4222 -195.282 0.05)
(-61.1065 -195.467 0.05)
(-56.2501 -195.624 0.05)
(-51.6252 -195.763 0.05)
(-47.0318 -195.89 0.05)
(-42.2199 -196.009 0.05)
(-36.8944 -196.125 0.05)
(-31.026 -196.232 0.05)
(-25.0515 -196.317 0.05)
(-19.2233 -196.379 0.05)
(-223.774 -5.5096 0)
(-223.698 -21.7372 0)
(-223.532 -38.3714 0)
(-223.186 -60.3942 0)
(-222.702 -83.3052 0)
(-222.054 -108.8 0)
(-221.211 -138.625 0)
(-220.223 -172.399 0)
(-219.193 -204.731 0)
(-181.258 -205.612 0)
(-154.399 -206.331 0)
(-133.503 -206.883 0)
(-117.071 -207.3 0)
(-103.687 -207.62 0)
(-92.8376 -207.864 0)
(-83.9259 -208.05 0)
(-76.3847 -208.197 0)
(-69.937 -208.315 0)
(-64.264 -208.411 0)
(-59.0929 -208.494 0)
(-54.1783 -208.566 0)
(-49.3056 -208.633 0)
(-44.2077 -208.695 0)
(-38.5704 -208.756 0)
(-32.3634 -208.812 0)
(-26.053 -208.857 0)
(-19.9078 -208.889 0)
(-223.774 -5.5096 0.05)
(-223.698 -21.7372 0.05)
(-223.532 -38.3714 0.05)
(-223.186 -60.3942 0.05)
(-222.702 -83.3052 0.05)
(-222.054 -108.8 0.05)
(-221.211 -138.625 0.05)
(-220.223 -172.399 0.05)
(-219.193 -204.731 0.05)
(-181.258 -205.612 0.05)
(-154.399 -206.331 0.05)
(-133.503 -206.883 0.05)
(-117.071 -207.3 0.05)
(-103.687 -207.62 0.05)
(-92.8376 -207.864 0.05)
(-83.9259 -208.05 0.05)
(-76.3847 -208.197 0.05)
(-69.937 -208.315 0.05)
(-64.264 -208.411 0.05)
(-59.0929 -208.494 0.05)
(-54.1783 -208.566 0.05)
(-49.3056 -208.633 0.05)
(-44.2077 -208.695 0.05)
(-38.5704 -208.756 0.05)
(-32.3634 -208.812 0.05)
(-26.053 -208.857 0.05)
(-19.9078 -208.889 0.05)
(-237.5 -5.89669 0)
(-237.5 -23.2063 0)
(-237.5 -40.9776 0)
(-237.5 -64.5844 0)
(-237.5 -89.2708 0)
(-237.5 -116.925 0)
(-237.5 -149.54 0)
(-237.5 -186.805 0)
(-237.5 -222.65 0)
(-195.174 -222.65 0)
(-165.522 -222.65 0)
(-142.605 -222.65 0)
(-124.684 -222.65 0)
(-110.155 -222.65 0)
(-98.4232 -222.65 0)
(-88.8186 -222.65 0)
(-80.7144 -222.65 0)
(-73.8034 -222.65 0)
(-67.7372 -222.65 0)
(-62.22 -222.65 0)
(-56.9866 -222.65 0)
(-51.8068 -222.65 0)
(-46.3943 -222.65 0)
(-40.4139 -222.65 0)
(-33.8344 -222.65 0)
(-27.1547 -222.65 0)
(-20.6607 -222.65 0)
(-237.5 -5.89669 0.05)
(-237.5 -23.2063 0.05)
(-237.5 -40.9776 0.05)
(-237.5 -64.5844 0.05)
(-237.5 -89.2708 0.05)
(-237.5 -116.925 0.05)
(-237.5 -149.54 0.05)
(-237.5 -186.805 0.05)
(-237.5 -222.65 0.05)
(-195.174 -222.65 0.05)
(-165.522 -222.65 0.05)
(-142.605 -222.65 0.05)
(-124.684 -222.65 0.05)
(-110.155 -222.65 0.05)
(-98.4232 -222.65 0.05)
(-88.8186 -222.65 0.05)
(-80.7144 -222.65 0.05)
(-73.8034 -222.65 0.05)
(-67.7372 -222.65 0.05)
(-62.22 -222.65 0.05)
(-56.9866 -222.65 0.05)
(-51.8068 -222.65 0.05)
(-46.3943 -222.65 0.05)
(-40.4139 -222.65 0.05)
(-33.8344 -222.65 0.05)
(-27.1547 -222.65 0.05)
(-20.6607 -222.65 0.05)
)


// ************************************************************************* //
