/*--------------------------------*- C++ -*----------------------------------*\
| =========                 |                                                 |
| \\      /  F ield         | OpenFOAM: The Open Source CFD Toolbox           |
|  \\    /   O peration     | Version:  2212                                  |
|   \\  /    A nd           | Website:  www.openfoam.com                      |
|    \\/     M anipulation  |                                                 |
\*---------------------------------------------------------------------------*/
FoamFile
{
    version     2.0;
    format      ascii;
    arch        "LSB;label=32;scalar=64";
    class       labelList;
    location    "constant/polyMesh";
    object      cellProcAddressing;
}
// * * * * * * * * * * * * * * * * * * * * * * * * * * * * * * * * * * * * * //


1340
(
0
1
2
3
4
5
6
7
8
9
10
11
12
13
14
15
16
17
18
19
20
21
22
23
24
25
26
27
28
29
30
31
32
33
34
39
40
41
42
43
44
45
78
79
80
81
82
83
84
85
86
87
88
89
90
91
92
93
94
95
96
97
98
99
100
101
102
103
104
105
106
107
108
109
110
111
112
117
118
119
120
121
122
156
157
158
159
160
161
162
163
164
165
166
167
168
169
170
171
172
173
174
175
176
177
178
179
180
181
182
183
184
185
186
187
188
189
190
195
196
197
198
199
200
234
235
236
237
238
239
240
241
242
243
244
245
246
247
248
249
250
251
252
253
254
255
256
257
258
259
260
261
262
263
264
265
266
267
268
273
274
275
276
277
312
313
314
315
316
317
318
319
320
321
322
323
324
325
326
327
328
329
330
331
332
333
334
335
336
337
338
339
340
341
342
343
344
345
346
351
352
353
354
355
390
391
392
393
394
395
396
397
398
399
400
401
402
403
404
405
406
407
408
409
410
411
412
413
414
415
416
417
418
419
420
421
422
423
424
429
430
431
432
468
469
470
471
472
473
474
475
476
477
478
479
480
481
482
483
484
485
486
487
488
489
490
491
492
493
494
495
496
497
498
499
500
501
502
507
508
509
510
546
547
548
549
550
551
552
553
554
555
556
557
558
559
560
561
562
563
564
565
566
567
568
569
570
571
572
573
574
575
576
577
578
579
580
585
586
587
588
624
625
626
627
628
629
630
631
632
633
634
635
636
637
638
639
640
641
642
643
644
645
646
647
648
649
650
651
652
653
654
655
656
657
658
663
664
665
706
707
708
709
710
711
712
713
714
715
716
717
718
719
720
721
722
723
724
725
726
727
728
729
730
731
732
733
734
735
736
786
787
788
789
790
791
792
793
794
795
796
797
798
799
800
801
802
803
804
805
806
807
808
809
810
811
812
813
814
866
867
868
869
870
871
872
873
874
875
876
877
878
879
880
881
882
883
884
885
886
887
888
889
890
891
892
945
946
947
948
949
950
951
952
953
954
955
956
957
958
959
960
961
962
963
964
965
966
967
968
969
970
1024
1025
1026
1027
1028
1029
1030
1031
1032
1033
1034
1035
1036
1037
1038
1039
1040
1041
1042
1043
1044
1045
1046
1047
1048
1102
1103
1104
1105
1106
1107
1108
1109
1110
1111
1112
1113
1114
1115
1116
1117
1118
1119
1120
1121
1122
1123
1124
1125
1126
1181
1182
1183
1184
1185
1186
1187
1188
1189
1190
1191
1192
1193
1194
1195
1196
1197
1198
1199
1200
1201
1202
1203
1204
1260
1261
1262
1263
1264
1265
1266
1267
1268
1269
1270
1271
1272
1273
1274
1275
1276
1277
1278
1279
1280
1281
1282
1338
1339
1340
1341
1342
1343
1344
1345
1346
1347
1348
1349
1350
1351
1352
1353
1354
1355
1356
1357
1358
1359
1360
1417
1418
1419
1420
1421
1422
1423
1424
1425
1426
1427
1428
1429
1430
1431
1432
1433
1434
1435
1436
1437
1438
1495
1496
1497
1498
1499
1500
1501
1502
1503
1504
1505
1506
1507
1508
1509
1510
1511
1512
1513
1514
1515
1516
1574
1575
1576
1577
1578
1579
1580
1581
1582
1583
1584
1585
1586
1587
1588
1589
1590
1591
1592
1593
1594
1652
1653
1654
1655
1656
1657
1658
1659
1660
1661
1662
1663
1664
1665
1666
1667
1668
1669
1670
1671
1672
1731
1732
1733
1734
1735
1736
1737
1738
1739
1740
1741
1742
1743
1744
1745
1746
1747
1748
1749
1750
1809
1810
1811
1812
1813
1814
1815
1816
1817
1818
1819
1820
1821
1822
1823
1824
1825
1826
1827
1828
1887
1888
1889
1890
1891
1892
1893
1894
1895
1896
1897
1898
1899
1900
1901
1902
1903
1904
1905
1906
1966
1967
1968
1969
1970
1971
1972
1973
1974
1975
1976
1977
1978
1979
1980
1981
1982
1983
1984
2044
2045
2046
2047
2048
2049
2050
2051
2052
2053
2054
2055
2056
2057
2058
2059
2060
2061
2062
2122
2123
2124
2125
2126
2127
2128
2129
2130
2131
2132
2133
2134
2135
2136
2137
2138
2139
2140
2201
2202
2203
2204
2205
2206
2207
2208
2209
2210
2211
2212
2213
2214
2215
2216
2217
2218
2279
2280
2281
2282
2283
2284
2285
2286
2287
2288
2289
2290
2291
2292
2293
2294
2295
2296
2357
2358
2359
2360
2361
2362
2363
2364
2365
2366
2367
2368
2369
2370
2371
2372
2373
2374
2436
2437
2438
2439
2440
2441
2442
2443
2444
2445
2446
2447
2448
2449
2450
2451
2452
2514
2515
2516
2517
2518
2519
2520
2521
2522
2523
2524
2525
2526
2527
2528
2529
2530
2592
2593
2594
2595
2596
2597
2598
2599
2600
2601
2602
2603
2604
2605
2606
2607
2671
2672
2673
2674
2675
2676
2677
2678
2679
2680
2681
2682
2683
2684
2685
2749
2750
2751
2752
2753
2754
2755
2756
2757
2758
2759
2760
2761
2762
2763
2827
2828
2829
2830
2831
2832
2833
2834
2835
2836
2837
2838
2839
2840
2841
2905
2906
2907
2908
2909
2910
2911
2912
2913
2914
2915
2916
2917
2918
2919
2983
2984
2985
2986
2987
2988
2989
2990
2991
2992
2993
2994
2995
2996
2997
3062
3063
3064
3065
3066
3067
3068
3069
3070
3071
3072
3073
3074
3075
3140
3141
3142
3143
3144
3145
3146
3147
3148
3149
3150
3151
3152
3153
3218
3219
3220
3221
3222
3223
3224
3225
3226
3227
3228
3229
3230
3231
3296
3297
3298
3299
3300
3301
3302
3303
3304
3305
3306
3307
3308
3309
3374
3375
3376
3377
3378
3379
3380
3381
3382
3383
3384
3385
3386
3387
3453
3454
3455
3456
3457
3458
3459
3460
3461
3462
3463
3464
3465
3531
3532
3533
3534
3535
3536
3537
3538
3539
3540
3541
3542
3609
3610
3611
3612
3613
3614
3615
3616
3617
3618
3619
3620
3687
3688
3689
3690
3691
3692
3693
3694
3695
3696
3697
3698
3765
3766
3767
3768
3769
3770
3771
3772
3773
3774
3775
3776
3844
3845
3846
3847
3848
3849
3850
3851
3852
3853
3854
3922
3923
3924
3925
3926
3927
3928
3929
3930
3931
3932
4000
4001
4002
4003
4004
4005
4006
4007
4008
4009
4010
4078
4079
4080
4081
4082
4083
4084
4085
4086
4087
4088
4156
4157
4158
4159
4160
4161
4162
4163
4164
4165
4166
4234
4235
4236
4237
4238
4239
4240
4241
4242
4243
4312
4313
4314
4315
4316
4317
4318
4319
4320
4321
4391
4392
4393
4394
4395
4396
4397
4398
4399
4469
4470
4471
4472
4473
4474
4475
4476
4477
4547
4548
4549
4550
4551
4552
4553
4554
4555
4625
4626
4627
4628
4629
4630
4631
4632
4633
4703
4704
4705
4706
4707
4708
4709
4710
4711
4781
4782
4783
4784
4785
4786
4787
4788
4859
4860
4861
4862
4863
4864
4865
4866
4937
4938
4939
4940
4941
4942
4943
4944
5016
5017
5018
5019
5020
5021
5022
5094
5095
5096
5097
5098
5099
5100
5172
5173
5174
5175
5176
5177
5178
5250
5251
5252
5253
5254
5255
5256
5328
5329
5330
5331
5332
5333
5406
5407
5408
5409
5410
5411
5484
5485
5486
5487
5488
5489
5562
5563
5564
5565
5566
5567
5640
5641
5642
5643
5644
5645
5718
5719
5720
5721
5722
5723
5797
5798
5799
5800
5801
5875
5876
5877
5878
5879
5953
5954
5955
5956
5957
6031
6032
6033
6034
6109
6110
6111
6112
6187
6188
6189
6190
)


// ************************************************************************* //
