/*--------------------------------*- C++ -*----------------------------------*\
| =========                 |                                                 |
| \\      /  F ield         | OpenFOAM: The Open Source CFD Toolbox           |
|  \\    /   O peration     | Version:  2212                                  |
|   \\  /    A nd           | Website:  www.openfoam.com                      |
|    \\/     M anipulation  |                                                 |
\*---------------------------------------------------------------------------*/
FoamFile
{
    version     2.0;
    format      ascii;
    arch        "LSB;label=32;scalar=64";
    note        "nPoints:2926  nCells:1340  nFaces:5482  nInternalFaces:2558";
    class       labelList;
    location    "constant/polyMesh";
    object      neighbour;
}
// * * * * * * * * * * * * * * * * * * * * * * * * * * * * * * * * * * * * * //


2558
(
35
1
42
2
43
3
44
4
45
5
46
6
47
7
48
8
49
9
50
10
51
11
52
12
53
13
54
14
55
15
56
16
57
17
58
18
59
19
60
20
61
21
62
22
63
23
64
24
65
25
66
26
67
27
68
28
69
29
70
30
71
31
72
32
73
33
74
34
75
76
36
77
37
78
38
79
39
80
40
81
41
82
77
43
83
44
84
45
85
46
86
47
87
48
88
49
89
50
90
51
91
52
92
53
93
54
94
55
95
56
96
57
97
58
98
59
99
60
100
61
101
62
102
63
103
64
104
65
105
66
106
67
107
68
108
69
109
70
110
71
111
72
112
73
113
74
114
75
115
76
116
117
78
118
79
119
80
120
81
121
82
122
123
118
84
124
85
125
86
126
87
127
88
128
89
129
90
130
91
131
92
132
93
133
94
134
95
135
96
136
97
137
98
138
99
139
100
140
101
141
102
142
103
143
104
144
105
145
106
146
107
147
108
148
109
149
110
150
111
151
112
152
113
153
114
154
115
155
116
156
117
157
158
119
159
120
160
121
161
122
162
123
163
159
125
164
126
165
127
166
128
167
129
168
130
169
131
170
132
171
133
172
134
173
135
174
136
175
137
176
138
177
139
178
140
179
141
180
142
181
143
182
144
183
145
184
146
185
147
186
148
187
149
188
150
189
151
190
152
191
153
192
154
193
155
194
156
195
157
196
158
197
198
160
199
161
200
162
201
163
202
203
199
165
204
166
205
167
206
168
207
169
208
170
209
171
210
172
211
173
212
174
213
175
214
176
215
177
216
178
217
179
218
180
219
181
220
182
221
183
222
184
223
185
224
186
225
187
226
188
227
189
228
190
229
191
230
192
231
193
232
194
233
195
234
196
235
197
236
198
237
238
200
239
201
240
202
241
203
242
239
205
243
206
244
207
245
208
246
209
247
210
248
211
249
212
250
213
251
214
252
215
253
216
254
217
255
218
256
219
257
220
258
221
259
222
260
223
261
224
262
225
263
226
264
227
265
228
266
229
267
230
268
231
269
232
270
233
271
234
272
235
273
236
274
237
275
238
276
277
240
278
241
279
242
280
281
278
244
282
245
283
246
284
247
285
248
286
249
287
250
288
251
289
252
290
253
291
254
292
255
293
256
294
257
295
258
296
259
297
260
298
261
299
262
300
263
301
264
302
265
303
266
304
267
305
268
306
269
307
270
308
271
309
272
310
273
311
274
312
275
313
276
314
277
315
316
279
317
280
318
281
319
320
317
283
321
284
322
285
323
286
324
287
325
288
326
289
327
290
328
291
329
292
330
293
331
294
332
295
333
296
334
297
335
298
336
299
337
300
338
301
339
302
340
303
341
304
342
305
343
306
344
307
345
308
346
309
347
310
348
311
349
312
350
313
351
314
352
315
353
316
354
355
318
356
319
357
320
358
356
322
323
324
325
326
359
327
360
328
361
329
362
330
363
331
364
332
365
333
366
334
367
335
368
336
369
337
370
338
371
339
372
340
373
341
374
342
375
343
376
344
377
345
378
346
379
347
380
348
381
349
382
350
383
351
384
352
385
353
386
354
387
355
388
389
357
358
360
361
362
390
363
391
364
392
365
393
366
394
367
395
368
396
369
397
370
398
371
399
372
400
373
401
374
402
375
403
376
404
377
405
378
406
379
407
380
408
381
409
382
410
383
411
384
412
385
413
386
414
387
415
388
416
389
417
418
391
392
393
419
394
420
395
421
396
422
397
423
398
424
399
425
400
426
401
427
402
428
403
429
404
430
405
431
406
432
407
433
408
434
409
435
410
436
411
437
412
438
413
439
414
440
415
441
416
442
417
443
418
444
445
420
421
446
422
447
423
448
424
449
425
450
426
451
427
452
428
453
429
454
430
455
431
456
432
457
433
458
434
459
435
460
436
461
437
462
438
463
439
464
440
465
441
466
442
467
443
468
444
469
445
470
471
447
448
472
449
473
450
474
451
475
452
476
453
477
454
478
455
479
456
480
457
481
458
482
459
483
460
484
461
485
462
486
463
487
464
488
465
489
466
490
467
491
468
492
469
493
470
494
471
495
496
473
497
474
498
475
499
476
500
477
501
478
502
479
503
480
504
481
505
482
506
483
507
484
508
485
509
486
510
487
511
488
512
489
513
490
514
491
515
492
516
493
517
494
518
495
519
496
520
521
498
499
522
500
523
501
524
502
525
503
526
504
527
505
528
506
529
507
530
508
531
509
532
510
533
511
534
512
535
513
536
514
537
515
538
516
539
517
540
518
541
519
542
520
543
521
544
545
523
524
546
525
547
526
548
527
549
528
550
529
551
530
552
531
553
532
554
533
555
534
556
535
557
536
558
537
559
538
560
539
561
540
562
541
563
542
564
543
565
544
566
545
567
568
547
569
548
570
549
571
550
572
551
573
552
574
553
575
554
576
555
577
556
578
557
579
558
580
559
581
560
582
561
583
562
584
563
585
564
586
565
587
566
588
567
589
568
590
591
570
571
592
572
593
573
594
574
595
575
596
576
597
577
598
578
599
579
600
580
601
581
602
582
603
583
604
584
605
585
606
586
607
587
608
588
609
589
610
590
611
591
612
613
593
614
594
615
595
616
596
617
597
618
598
619
599
620
600
621
601
622
602
623
603
624
604
625
605
626
606
627
607
628
608
629
609
630
610
631
611
632
612
633
613
634
635
615
616
636
617
637
618
638
619
639
620
640
621
641
622
642
623
643
624
644
625
645
626
646
627
647
628
648
629
649
630
650
631
651
632
652
633
653
634
654
635
655
656
637
657
638
658
639
659
640
660
641
661
642
662
643
663
644
664
645
665
646
666
647
667
648
668
649
669
650
670
651
671
652
672
653
673
654
674
655
675
656
676
677
658
659
678
660
679
661
680
662
681
663
682
664
683
665
684
666
685
667
686
668
687
669
688
670
689
671
690
672
691
673
692
674
693
675
694
676
695
677
696
697
679
698
680
699
681
700
682
701
683
702
684
703
685
704
686
705
687
706
688
707
689
708
690
709
691
710
692
711
693
712
694
713
695
714
696
715
697
716
717
699
718
700
719
701
720
702
721
703
722
704
723
705
724
706
725
707
726
708
727
709
728
710
729
711
730
712
731
713
732
714
733
715
734
716
735
717
736
737
719
720
738
721
739
722
740
723
741
724
742
725
743
726
744
727
745
728
746
729
747
730
748
731
749
732
750
733
751
734
752
735
753
736
754
737
755
756
739
757
740
758
741
759
742
760
743
761
744
762
745
763
746
764
747
765
748
766
749
767
750
768
751
769
752
770
753
771
754
772
755
773
756
774
775
758
776
759
777
760
778
761
779
762
780
763
781
764
782
765
783
766
784
767
785
768
786
769
787
770
788
771
789
772
790
773
791
774
792
775
793
794
777
778
795
779
796
780
797
781
798
782
799
783
800
784
801
785
802
786
803
787
804
788
805
789
806
790
807
791
808
792
809
793
810
794
811
812
796
813
797
814
798
815
799
816
800
817
801
818
802
819
803
820
804
821
805
822
806
823
807
824
808
825
809
826
810
827
811
828
812
829
830
814
831
815
832
816
833
817
834
818
835
819
836
820
837
821
838
822
839
823
840
824
841
825
842
826
843
827
844
828
845
829
846
830
847
848
832
833
849
834
850
835
851
836
852
837
853
838
854
839
855
840
856
841
857
842
858
843
859
844
860
845
861
846
862
847
863
848
864
865
850
866
851
867
852
868
853
869
854
870
855
871
856
872
857
873
858
874
859
875
860
876
861
877
862
878
863
879
864
880
865
881
882
867
883
868
884
869
885
870
886
871
887
872
888
873
889
874
890
875
891
876
892
877
893
878
894
879
895
880
896
881
897
882
898
884
885
899
886
900
887
901
888
902
889
903
890
904
891
905
892
906
893
907
894
908
895
909
896
910
897
911
898
912
913
900
914
901
915
902
916
903
917
904
918
905
919
906
920
907
921
908
922
909
923
910
924
911
925
912
926
913
927
928
915
929
916
930
917
931
918
932
919
933
920
934
921
935
922
936
923
937
924
938
925
939
926
940
927
941
928
942
943
930
944
931
945
932
946
933
947
934
948
935
949
936
950
937
951
938
952
939
953
940
954
941
955
942
956
943
957
958
945
959
946
960
947
961
948
962
949
963
950
964
951
965
952
966
953
967
954
968
955
969
956
970
957
971
958
972
973
960
961
974
962
975
963
976
964
977
965
978
966
979
967
980
968
981
969
982
970
983
971
984
972
985
973
986
987
975
988
976
989
977
990
978
991
979
992
980
993
981
994
982
995
983
996
984
997
985
998
986
999
987
1000
1001
989
1002
990
1003
991
1004
992
1005
993
1006
994
1007
995
1008
996
1009
997
1010
998
1011
999
1012
1000
1013
1001
1014
1015
1003
1016
1004
1017
1005
1018
1006
1019
1007
1020
1008
1021
1009
1022
1010
1023
1011
1024
1012
1025
1013
1026
1014
1027
1015
1028
1029
1017
1030
1018
1031
1019
1032
1020
1033
1021
1034
1022
1035
1023
1036
1024
1037
1025
1038
1026
1039
1027
1040
1028
1041
1029
1042
1043
1031
1032
1044
1033
1045
1034
1046
1035
1047
1036
1048
1037
1049
1038
1050
1039
1051
1040
1052
1041
1053
1042
1054
1043
1055
1056
1045
1057
1046
1058
1047
1059
1048
1060
1049
1061
1050
1062
1051
1063
1052
1064
1053
1065
1054
1066
1055
1067
1056
1068
1058
1069
1059
1070
1060
1071
1061
1072
1062
1073
1063
1074
1064
1075
1065
1076
1066
1077
1067
1078
1068
1079
1080
1070
1081
1071
1082
1072
1083
1073
1084
1074
1085
1075
1086
1076
1087
1077
1088
1078
1089
1079
1090
1080
1091
1092
1082
1093
1083
1094
1084
1095
1085
1096
1086
1097
1087
1098
1088
1099
1089
1100
1090
1101
1091
1102
1092
1103
1104
1094
1095
1105
1096
1106
1097
1107
1098
1108
1099
1109
1100
1110
1101
1111
1102
1112
1103
1113
1104
1114
1115
1106
1116
1107
1117
1108
1118
1109
1119
1110
1120
1111
1121
1112
1122
1113
1123
1114
1124
1115
1125
1126
1117
1127
1118
1128
1119
1129
1120
1130
1121
1131
1122
1132
1123
1133
1124
1134
1125
1135
1126
1136
1137
1128
1138
1129
1139
1130
1140
1131
1141
1132
1142
1133
1143
1134
1144
1135
1145
1136
1146
1137
1147
1148
1139
1149
1140
1150
1141
1151
1142
1152
1143
1153
1144
1154
1145
1155
1146
1156
1147
1157
1148
1158
1159
1150
1160
1151
1161
1152
1162
1153
1163
1154
1164
1155
1165
1156
1166
1157
1167
1158
1168
1159
1169
1161
1170
1162
1171
1163
1172
1164
1173
1165
1174
1166
1175
1167
1176
1168
1177
1169
1178
1179
1171
1172
1180
1173
1181
1174
1182
1175
1183
1176
1184
1177
1185
1178
1186
1179
1187
1188
1181
1189
1182
1190
1183
1191
1184
1192
1185
1193
1186
1194
1187
1195
1188
1196
1197
1190
1198
1191
1199
1192
1200
1193
1201
1194
1202
1195
1203
1196
1204
1197
1205
1206
1199
1207
1200
1208
1201
1209
1202
1210
1203
1211
1204
1212
1205
1213
1206
1214
1215
1208
1216
1209
1217
1210
1218
1211
1219
1212
1220
1213
1221
1214
1222
1215
1223
1224
1217
1225
1218
1226
1219
1227
1220
1228
1221
1229
1222
1230
1223
1231
1224
1232
1226
1233
1227
1234
1228
1235
1229
1236
1230
1237
1231
1238
1232
1239
1240
1234
1241
1235
1242
1236
1243
1237
1244
1238
1245
1239
1246
1240
1247
1248
1242
1243
1249
1244
1250
1245
1251
1246
1252
1247
1253
1248
1254
1255
1250
1256
1251
1257
1252
1258
1253
1259
1254
1260
1255
1261
1262
1257
1263
1258
1264
1259
1265
1260
1266
1261
1267
1262
1268
1269
1264
1270
1265
1271
1266
1272
1267
1273
1268
1274
1269
1275
1276
1271
1277
1272
1278
1273
1279
1274
1280
1275
1281
1276
1282
1278
1283
1279
1284
1280
1285
1281
1286
1282
1287
1288
1284
1289
1285
1290
1286
1291
1287
1292
1288
1293
1294
1290
1295
1291
1296
1292
1297
1293
1298
1294
1299
1300
1296
1301
1297
1302
1298
1303
1299
1304
1300
1305
1306
1302
1307
1303
1308
1304
1309
1305
1310
1306
1311
1312
1308
1309
1313
1310
1314
1311
1315
1312
1316
1317
1314
1318
1315
1319
1316
1320
1317
1321
1322
1319
1323
1320
1324
1321
1325
1322
1326
1327
1324
1328
1325
1329
1326
1330
1327
1331
1329
1332
1330
1333
1331
1334
1335
1333
1336
1334
1337
1335
1338
1339
1337
1338
1339
)


// ************************************************************************* //
