/*--------------------------------*- C++ -*----------------------------------*\
| =========                 |                                                 |
| \\      /  F ield         | OpenFOAM: The Open Source CFD Toolbox           |
|  \\    /   O peration     | Version:  2212                                  |
|   \\  /    A nd           | Website:  www.openfoam.com                      |
|    \\/     M anipulation  |                                                 |
\*---------------------------------------------------------------------------*/
FoamFile
{
    version     2.0;
    format      ascii;
    arch        "LSB;label=32;scalar=64";
    class       vectorField;
    location    "constant/polyMesh";
    object      points;
}
// * * * * * * * * * * * * * * * * * * * * * * * * * * * * * * * * * * * * * //


2926
(
(-17.5492 0.306481 0)
(-17.5472 0.397851 0)
(-17.5391 0.49775 0)
(-17.5189 0.60624 0)
(-17.4861 0.723342 0)
(-17.44 0.848679 0)
(-17.377 0.981445 0)
(-17.2959 1.12134 0)
(-17.1951 1.26784 0)
(-17.0722 1.42 0)
(-16.9255 1.57744 0)
(-16.7528 1.73942 0)
(-16.5519 1.90501 0)
(-16.3202 2.07341 0)
(-16.0549 2.24347 0)
(-15.753 2.41374 0)
(-15.4112 2.58276 0)
(-15.0259 2.74838 0)
(-14.5933 2.90861 0)
(-14.1092 3.06066 0)
(-13.5691 3.20201 0)
(-12.9684 3.32943 0)
(-12.3022 3.44054 0)
(-11.5649 3.53289 0)
(-10.7508 3.60555 0)
(-9.85332 3.65883 0)
(-8.86484 3.69086 0)
(-7.77697 3.69778 0)
(-6.58048 3.6759 0)
(-5.26526 3.62108 0)
(-3.82021 3.52882 0)
(-2.23308 3.39439 0)
(-0.490443 3.2127 0)
(1.42254 2.97825 0)
(3.5222 2.68501 0)
(5.82644 2.32599 0)
(-17.5422 0.216644 0)
(-17.529 0.118651 0)
(-17.5035 0.0128145 0)
(-17.4639 -0.100298 0)
(-17.4081 -0.21963 0)
(-17.3329 -0.343474 0)
(-17.2353 -0.469453 0)
(-17.5492 0.306481 0.05)
(-17.5472 0.397851 0.05)
(-17.5391 0.49775 0.05)
(-17.5189 0.60624 0.05)
(-17.4861 0.723342 0.05)
(-17.44 0.848679 0.05)
(-17.377 0.981445 0.05)
(-17.2959 1.12134 0.05)
(-17.1951 1.26784 0.05)
(-17.0722 1.42 0.05)
(-16.9255 1.57744 0.05)
(-16.7528 1.73942 0.05)
(-16.5519 1.90501 0.05)
(-16.3202 2.07341 0.05)
(-16.0549 2.24347 0.05)
(-15.753 2.41374 0.05)
(-15.4112 2.58276 0.05)
(-15.0259 2.74838 0.05)
(-14.5933 2.90861 0.05)
(-14.1092 3.06066 0.05)
(-13.5691 3.20201 0.05)
(-12.9684 3.32943 0.05)
(-12.3022 3.44054 0.05)
(-11.5649 3.53289 0.05)
(-10.7508 3.60555 0.05)
(-9.85332 3.65883 0.05)
(-8.86484 3.69086 0.05)
(-7.77697 3.69778 0.05)
(-6.58048 3.6759 0.05)
(-5.26526 3.62108 0.05)
(-3.82021 3.52882 0.05)
(-2.23308 3.39439 0.05)
(-0.490443 3.2127 0.05)
(1.42254 2.97825 0.05)
(3.5222 2.68501 0.05)
(5.82644 2.32599 0.05)
(-17.5422 0.216644 0.05)
(-17.529 0.118651 0.05)
(-17.5035 0.0128145 0.05)
(-17.4639 -0.100298 0.05)
(-17.4081 -0.21963 0.05)
(-17.3329 -0.343474 0.05)
(-17.2353 -0.469453 0.05)
(-17.7256 0.301505 0)
(-17.7235 0.406917 0)
(-17.7141 0.5211 0)
(-17.6908 0.646239 0)
(-17.6541 0.777639 0)
(-17.6027 0.917039 0)
(-17.5333 1.06359 0)
(-17.4451 1.2157 0)
(-17.3366 1.3734 0)
(-17.2055 1.5357 0)
(-17.0505 1.70203 0)
(-16.8694 1.87195 0)
(-16.6599 2.04458 0)
(-16.4197 2.21915 0)
(-16.1459 2.39469 0)
(-15.8355 2.56977 0)
(-15.4852 2.743 0)
(-15.0915 2.91227 0)
(-14.6504 3.07562 0)
(-14.158 3.23028 0)
(-13.6098 3.37376 0)
(-13.0013 3.50285 0)
(-12.3277 3.61519 0)
(-11.5837 3.70839 0)
(-10.7639 3.78157 0)
(-9.86141 3.83514 0)
(-8.86826 3.86733 0)
(-7.77592 3.87428 0)
(-6.57519 3.85232 0)
(-5.25597 3.79733 0)
(-3.80713 3.70484 0)
(-2.21648 3.57011 0)
(-0.470556 3.38807 0)
(1.44549 3.15325 0)
(3.54799 2.85962 0)
(5.85494 2.50017 0)
(-17.7177 0.197946 0)
(-17.7025 0.0861958 0)
(-17.6728 -0.0370555 0)
(-17.6273 -0.166919 0)
(-17.5637 -0.302936 0)
(-17.4783 -0.443513 0)
(-17.3687 -0.584937 0)
(-17.7256 0.301505 0.05)
(-17.7235 0.406917 0.05)
(-17.7141 0.5211 0.05)
(-17.6908 0.646239 0.05)
(-17.6541 0.777639 0.05)
(-17.6027 0.917039 0.05)
(-17.5333 1.06359 0.05)
(-17.4451 1.2157 0.05)
(-17.3366 1.3734 0.05)
(-17.2055 1.5357 0.05)
(-17.0505 1.70203 0.05)
(-16.8694 1.87195 0.05)
(-16.6599 2.04458 0.05)
(-16.4197 2.21915 0.05)
(-16.1459 2.39469 0.05)
(-15.8355 2.56977 0.05)
(-15.4852 2.743 0.05)
(-15.0915 2.91227 0.05)
(-14.6504 3.07562 0.05)
(-14.158 3.23028 0.05)
(-13.6098 3.37376 0.05)
(-13.0013 3.50285 0.05)
(-12.3277 3.61519 0.05)
(-11.5837 3.70839 0.05)
(-10.7639 3.78157 0.05)
(-9.86141 3.83514 0.05)
(-8.86826 3.86733 0.05)
(-7.77592 3.87428 0.05)
(-6.57519 3.85232 0.05)
(-5.25597 3.79733 0.05)
(-3.80713 3.70484 0.05)
(-2.21648 3.57011 0.05)
(-0.470556 3.38807 0.05)
(1.44549 3.15325 0.05)
(3.54799 2.85962 0.05)
(5.85494 2.50017 0.05)
(-17.7177 0.197946 0.05)
(-17.7025 0.0861958 0.05)
(-17.6728 -0.0370555 0.05)
(-17.6273 -0.166919 0.05)
(-17.5637 -0.302936 0.05)
(-17.4783 -0.443513 0.05)
(-17.3687 -0.584937 0.05)
(-17.9118 0.296255 0)
(-17.9094 0.41648 0)
(-17.8986 0.545734 0)
(-17.8721 0.688438 0)
(-17.8312 0.834923 0)
(-17.7744 0.989159 0)
(-17.6981 1.15026 0)
(-17.6024 1.31526 0)
(-17.4858 1.48477 0)
(-17.3461 1.65777 0)
(-17.1824 1.83348 0)
(-16.9924 2.01177 0)
(-16.7739 2.19181 0)
(-16.5247 2.37291 0)
(-16.2419 2.55423 0)
(-15.9226 2.73439 0)
(-15.5633 2.91205 0)
(-15.1606 3.08517 0)
(-14.7107 3.25181 0)
(-14.2094 3.40923 0)
(-13.6527 3.55496 0)
(-13.0359 3.68581 0)
(-12.3546 3.79945 0)
(-11.6036 3.89354 0)
(-10.7777 3.96726 0)
(-9.86994 4.02116 0)
(-8.87187 4.05351 0)
(-7.77481 4.06048 0)
(-6.56961 4.03845 0)
(-5.24616 3.98328 0)
(-3.79334 3.89054 0)
(-2.19897 3.75549 0)
(-0.449574 3.5731 0)
(1.46969 3.33788 0)
(3.57521 3.04383 0)
(5.885 2.68394 0)
(-17.9028 0.17822 0)
(-17.8855 0.0519554 0)
(-17.8514 -0.0896683 0)
(-17.7998 -0.237204 0)
(-17.7279 -0.390825 0)
(-17.6317 -0.549053 0)
(-17.9118 0.296255 0.05)
(-17.9094 0.41648 0.05)
(-17.8986 0.545734 0.05)
(-17.8721 0.688438 0.05)
(-17.8312 0.834923 0.05)
(-17.7744 0.989159 0.05)
(-17.6981 1.15026 0.05)
(-17.6024 1.31526 0.05)
(-17.4858 1.48477 0.05)
(-17.3461 1.65777 0.05)
(-17.1824 1.83348 0.05)
(-16.9924 2.01177 0.05)
(-16.7739 2.19181 0.05)
(-16.5247 2.37291 0.05)
(-16.2419 2.55423 0.05)
(-15.9226 2.73439 0.05)
(-15.5633 2.91205 0.05)
(-15.1606 3.08517 0.05)
(-14.7107 3.25181 0.05)
(-14.2094 3.40923 0.05)
(-13.6527 3.55496 0.05)
(-13.0359 3.68581 0.05)
(-12.3546 3.79945 0.05)
(-11.6036 3.89354 0.05)
(-10.7777 3.96726 0.05)
(-9.86994 4.02116 0.05)
(-8.87187 4.05351 0.05)
(-7.77481 4.06048 0.05)
(-6.56961 4.03845 0.05)
(-5.24616 3.98328 0.05)
(-3.79334 3.89054 0.05)
(-2.19897 3.75549 0.05)
(-0.449574 3.5731 0.05)
(1.46969 3.33788 0.05)
(3.57521 3.04383 0.05)
(5.885 2.68394 0.05)
(-17.9028 0.17822 0.05)
(-17.8855 0.0519554 0.05)
(-17.8514 -0.0896683 0.05)
(-17.7998 -0.237204 0.05)
(-17.7279 -0.390825 0.05)
(-17.6317 -0.549053 0.05)
(-18.1082 0.290717 0)
(-18.1056 0.42657 0)
(-18.0934 0.571723 0)
(-18.0635 0.732958 0)
(-18.0182 0.895357 0)
(-17.9555 1.06525 0)
(-17.872 1.24169 0)
(-17.7684 1.42029 0)
(-17.6433 1.60226 0)
(-17.4944 1.78655 0)
(-17.3215 1.97215 0)
(-17.1221 2.15928 0)
(-16.8942 2.34715 0)
(-16.6355 2.53513 0)
(-16.3433 2.72254 0)
(-16.0144 2.90805 0)
(-15.6457 3.0904 0)
(-15.2335 3.26758 0)
(-14.7743 3.4377 0)
(-14.2638 3.59802 0)
(-13.698 3.74612 0)
(-13.0725 3.87883 0)
(-12.3829 3.99384 0)
(-11.6245 4.08887 0)
(-10.7922 4.16317 0)
(-9.87894 4.2174 0)
(-8.87568 4.24992 0)
(-7.77364 4.25693 0)
(-6.56373 4.23481 0)
(-5.23581 4.17946 0)
(-3.77879 4.08645 0)
(-2.18049 3.95107 0)
(-0.427439 3.7683 0)
(1.49523 3.53266 0)
(3.60392 3.23817 0)
(5.91672 2.87781 0)
(-18.0982 0.157409 0)
(-18.0786 0.0158317 0)
(-18.0399 -0.145175 0)
(-17.9817 -0.311355 0)
(-17.9011 -0.483546 0)
(-17.7936 -0.660399 0)
(-18.1082 0.290717 0.05)
(-18.1056 0.42657 0.05)
(-18.0934 0.571723 0.05)
(-18.0635 0.732958 0.05)
(-18.0182 0.895357 0.05)
(-17.9555 1.06525 0.05)
(-17.872 1.24169 0.05)
(-17.7684 1.42029 0.05)
(-17.6433 1.60226 0.05)
(-17.4944 1.78655 0.05)
(-17.3215 1.97215 0.05)
(-17.1221 2.15928 0.05)
(-16.8942 2.34715 0.05)
(-16.6355 2.53513 0.05)
(-16.3433 2.72254 0.05)
(-16.0144 2.90805 0.05)
(-15.6457 3.0904 0.05)
(-15.2335 3.26758 0.05)
(-14.7743 3.4377 0.05)
(-14.2638 3.59802 0.05)
(-13.698 3.74612 0.05)
(-13.0725 3.87883 0.05)
(-12.3829 3.99384 0.05)
(-11.6245 4.08887 0.05)
(-10.7922 4.16317 0.05)
(-9.87894 4.2174 0.05)
(-8.87568 4.24992 0.05)
(-7.77364 4.25693 0.05)
(-6.56373 4.23481 0.05)
(-5.23581 4.17946 0.05)
(-3.77879 4.08645 0.05)
(-2.18049 3.95107 0.05)
(-0.427439 3.7683 0.05)
(1.49523 3.53266 0.05)
(3.60392 3.23817 0.05)
(5.91672 2.87781 0.05)
(-18.0982 0.157409 0.05)
(-18.0786 0.0158317 0.05)
(-18.0399 -0.145175 0.05)
(-17.9817 -0.311355 0.05)
(-17.9011 -0.483546 0.05)
(-17.7936 -0.660399 0.05)
(-18.3153 0.284874 0)
(-18.3126 0.437215 0)
(-18.2988 0.599141 0)
(-18.2653 0.779927 0)
(-18.2154 0.959115 0)
(-18.1466 1.14552 0)
(-18.0554 1.33815 0)
(-17.9436 1.5311 0)
(-17.8094 1.72622 0)
(-17.6509 1.92241 0)
(-17.4683 2.11845 0)
(-17.259 2.3149 0)
(-17.0211 2.51103 0)
(-16.7524 2.70627 0)
(-16.4501 2.90011 0)
(-16.1113 3.09127 0)
(-15.7326 3.27856 0)
(-15.3105 3.46003 0)
(-14.8413 3.6338 0)
(-14.3211 3.79719 0)
(-13.7457 3.9478 0)
(-13.111 4.08247 0)
(-12.4129 4.19892 0)
(-11.6466 4.29494 0)
(-10.8076 4.36986 0)
(-9.88844 4.42444 0)
(-8.87969 4.45714 0)
(-7.7724 4.46418 0)
(-6.55752 4.44197 0)
(-5.22489 4.38643 0)
(-3.76344 4.29313 0)
(-2.161 4.1574 0)
(-0.404086 3.97423 0)
(1.52217 3.73816 0)
(3.6342 3.4432 0)
(5.95018 3.08235 0)
(-18.3043 0.135453 0)
(-18.2823 -0.0222787 0)
(-18.2387 -0.203734 0)
(-18.1736 -0.389585 0)
(-18.0838 -0.581368 0)
(-18.3153 0.284874 0.05)
(-18.3126 0.437215 0.05)
(-18.2988 0.599141 0.05)
(-18.2653 0.779927 0.05)
(-18.2154 0.959115 0.05)
(-18.1466 1.14552 0.05)
(-18.0554 1.33815 0.05)
(-17.9436 1.5311 0.05)
(-17.8094 1.72622 0.05)
(-17.6509 1.92241 0.05)
(-17.4683 2.11845 0.05)
(-17.259 2.3149 0.05)
(-17.0211 2.51103 0.05)
(-16.7524 2.70627 0.05)
(-16.4501 2.90011 0.05)
(-16.1113 3.09127 0.05)
(-15.7326 3.27856 0.05)
(-15.3105 3.46003 0.05)
(-14.8413 3.6338 0.05)
(-14.3211 3.79719 0.05)
(-13.7457 3.9478 0.05)
(-13.111 4.08247 0.05)
(-12.4129 4.19892 0.05)
(-11.6466 4.29494 0.05)
(-10.8076 4.36986 0.05)
(-9.88844 4.42444 0.05)
(-8.87969 4.45714 0.05)
(-7.7724 4.46418 0.05)
(-6.55752 4.44197 0.05)
(-5.22489 4.38643 0.05)
(-3.76344 4.29313 0.05)
(-2.161 4.1574 0.05)
(-0.404086 3.97423 0.05)
(1.52217 3.73816 0.05)
(3.6342 3.4432 0.05)
(5.95018 3.08235 0.05)
(-18.3043 0.135453 0.05)
(-18.2823 -0.0222787 0.05)
(-18.2387 -0.203734 0.05)
(-18.1736 -0.389585 0.05)
(-18.0838 -0.581368 0.05)
(-18.5339 0.27871 0)
(-18.531 0.448445 0)
(-18.5155 0.628067 0)
(-18.4783 0.829479 0)
(-18.4234 1.02638 0)
(-18.3482 1.2302 0)
(-18.2489 1.43991 0)
(-18.1284 1.648 0)
(-17.9846 1.85699 0)
(-17.8161 2.06574 0)
(-17.6232 2.2728 0)
(-17.4034 2.47909 0)
(-17.1549 2.68392 0)
(-16.8758 2.88682 0)
(-16.5629 3.08745 0)
(-16.2135 3.28457 0)
(-15.8242 3.47707 0)
(-15.3916 3.66306 0)
(-14.9121 3.84069 0)
(-14.3815 4.00732 0)
(-13.7961 4.16057 0)
(-13.1517 4.29731 0)
(-12.4445 4.41528 0)
(-11.6699 4.51235 0)
(-10.8238 4.58791 0)
(-9.89846 4.64286 0)
(-8.88393 4.67575 0)
(-7.7711 4.68283 0)
(-6.55096 4.66053 0)
(-5.21337 4.60478 0)
(-3.74725 4.51119 0)
(-2.14043 4.37509 0)
(-0.379448 4.19149 0)
(1.55059 3.95496 0)
(3.66616 3.65951 0)
(5.98549 3.29813 0)
(-18.5217 0.112289 0)
(-18.4972 -0.0624852 0)
(-18.4484 -0.265514 0)
(-18.3761 -0.472117 0)
(-18.2766 -0.68457 0)
(-18.5339 0.27871 0.05)
(-18.531 0.448445 0.05)
(-18.5155 0.628067 0.05)
(-18.4783 0.829479 0.05)
(-18.4234 1.02638 0.05)
(-18.3482 1.2302 0.05)
(-18.2489 1.43991 0.05)
(-18.1284 1.648 0.05)
(-17.9846 1.85699 0.05)
(-17.8161 2.06574 0.05)
(-17.6232 2.2728 0.05)
(-17.4034 2.47909 0.05)
(-17.1549 2.68392 0.05)
(-16.8758 2.88682 0.05)
(-16.5629 3.08745 0.05)
(-16.2135 3.28457 0.05)
(-15.8242 3.47707 0.05)
(-15.3916 3.66306 0.05)
(-14.9121 3.84069 0.05)
(-14.3815 4.00732 0.05)
(-13.7961 4.16057 0.05)
(-13.1517 4.29731 0.05)
(-12.4445 4.41528 0.05)
(-11.6699 4.51235 0.05)
(-10.8238 4.58791 0.05)
(-9.89846 4.64286 0.05)
(-8.88393 4.67575 0.05)
(-7.7711 4.68283 0.05)
(-6.55096 4.66053 0.05)
(-5.21337 4.60478 0.05)
(-3.74725 4.51119 0.05)
(-2.14043 4.37509 0.05)
(-0.379448 4.19149 0.05)
(1.55059 3.95496 0.05)
(3.66616 3.65951 0.05)
(5.98549 3.29813 0.05)
(-18.5217 0.112289 0.05)
(-18.4972 -0.0624852 0.05)
(-18.4484 -0.265514 0.05)
(-18.3761 -0.472117 0.05)
(-18.2766 -0.68457 0.05)
(-18.7645 0.272207 0)
(-18.7613 0.460292 0)
(-18.7442 0.658584 0)
(-18.703 0.881756 0)
(-18.6429 1.09734 0)
(-18.5608 1.31955 0)
(-18.4531 1.54727 0)
(-18.3233 1.77133 0)
(-18.1695 1.99495 0)
(-17.9903 2.21696 0)
(-17.7866 2.43563 0)
(-17.5558 2.6523 0)
(-17.2961 2.86632 0)
(-17.0059 3.07731 0)
(-16.6819 3.28509 0)
(-16.3213 3.48849 0)
(-15.921 3.6865 0)
(-15.4773 3.87725 0)
(-14.9867 4.05896 0)
(-14.4453 4.22901 0)
(-13.8493 4.38504 0)
(-13.1946 4.52396 0)
(-12.4778 4.64355 0)
(-11.6945 4.74172 0)
(-10.8409 4.81796 0)
(-9.90904 4.8733 0)
(-8.8884 4.90639 0)
(-7.76972 4.91351 0)
(-6.54405 4.89111 0)
(-5.20121 4.83514 0)
(-3.73017 4.74123 0)
(-2.11874 4.60475 0)
(-0.353456 4.4207 0)
(1.58057 4.18368 0)
(3.69987 3.88771 0)
(6.02273 3.52579 0)
(-18.7511 0.0878517 0)
(-18.724 -0.104903 0)
(-18.6697 -0.330692 0)
(-18.5897 -0.559188 0)
(-18.7645 0.272207 0.05)
(-18.7613 0.460292 0.05)
(-18.7442 0.658584 0.05)
(-18.703 0.881756 0.05)
(-18.6429 1.09734 0.05)
(-18.5608 1.31955 0.05)
(-18.4531 1.54727 0.05)
(-18.3233 1.77133 0.05)
(-18.1695 1.99495 0.05)
(-17.9903 2.21696 0.05)
(-17.7866 2.43563 0.05)
(-17.5558 2.6523 0.05)
(-17.2961 2.86632 0.05)
(-17.0059 3.07731 0.05)
(-16.6819 3.28509 0.05)
(-16.3213 3.48849 0.05)
(-15.921 3.6865 0.05)
(-15.4773 3.87725 0.05)
(-14.9867 4.05896 0.05)
(-14.4453 4.22901 0.05)
(-13.8493 4.38504 0.05)
(-13.1946 4.52396 0.05)
(-12.4778 4.64355 0.05)
(-11.6945 4.74172 0.05)
(-10.8409 4.81796 0.05)
(-9.90904 4.8733 0.05)
(-8.8884 4.90639 0.05)
(-7.76972 4.91351 0.05)
(-6.54405 4.89111 0.05)
(-5.20121 4.83514 0.05)
(-3.73017 4.74123 0.05)
(-2.11874 4.60475 0.05)
(-0.353456 4.4207 0.05)
(1.58057 4.18368 0.05)
(3.69987 3.88771 0.05)
(6.02273 3.52579 0.05)
(-18.7511 0.0878517 0.05)
(-18.724 -0.104903 0.05)
(-18.6697 -0.330692 0.05)
(-18.5897 -0.559188 0.05)
(-19.0078 0.265346 0)
(-19.0044 0.472792 0)
(-18.9854 0.69078 0)
(-18.94 0.936908 0)
(-18.8745 1.17221 0)
(-18.7852 1.4138 0)
(-18.6685 1.66054 0)
(-18.529 1.90145 0)
(-18.3645 2.14051 0)
(-18.1741 2.37649 0)
(-17.959 2.60742 0)
(-17.7165 2.83504 0)
(-17.4451 3.05875 0)
(-17.1432 3.27826 0)
(-16.8074 3.4936 0)
(-16.4351 3.70363 0)
(-16.023 3.90744 0)
(-15.5676 4.10323 0)
(-15.0654 4.28924 0)
(-14.5126 4.46289 0)
(-13.9054 4.62186 0)
(-13.2399 4.76308 0)
(-12.5129 4.88436 0)
(-11.7205 4.9837 0)
(-10.8589 5.06066 0)
(-9.92019 5.11641 0)
(-8.89312 5.14971 0)
(-7.76827 5.15687 0)
(-6.53676 5.13436 0)
(-5.18839 5.07817 0)
(-3.71214 4.98393 0)
(-2.09585 4.84704 0)
(-0.326034 4.66252 0)
(1.61221 4.42499 0)
(3.73543 4.12846 0)
(6.06203 3.76596 0)
(-18.9931 0.0620702 0)
(-18.9632 -0.149654 0)
(-18.9032 -0.399455 0)
(-18.8151 -0.651048 0)
(-19.0078 0.265346 0.05)
(-19.0044 0.472792 0.05)
(-18.9854 0.69078 0.05)
(-18.94 0.936908 0.05)
(-18.8745 1.17221 0.05)
(-18.7852 1.4138 0.05)
(-18.6685 1.66054 0.05)
(-18.529 1.90145 0.05)
(-18.3645 2.14051 0.05)
(-18.1741 2.37649 0.05)
(-17.959 2.60742 0.05)
(-17.7165 2.83504 0.05)
(-17.4451 3.05875 0.05)
(-17.1432 3.27826 0.05)
(-16.8074 3.4936 0.05)
(-16.4351 3.70363 0.05)
(-16.023 3.90744 0.05)
(-15.5676 4.10323 0.05)
(-15.0654 4.28924 0.05)
(-14.5126 4.46289 0.05)
(-13.9054 4.62186 0.05)
(-13.2399 4.76308 0.05)
(-12.5129 4.88436 0.05)
(-11.7205 4.9837 0.05)
(-10.8589 5.06066 0.05)
(-9.92019 5.11641 0.05)
(-8.89312 5.14971 0.05)
(-7.76827 5.15687 0.05)
(-6.53676 5.13436 0.05)
(-5.18839 5.07817 0.05)
(-3.71214 4.98393 0.05)
(-2.09585 4.84704 0.05)
(-0.326034 4.66252 0.05)
(1.61221 4.42499 0.05)
(3.73543 4.12846 0.05)
(6.06203 3.76596 0.05)
(-18.9931 0.0620702 0.05)
(-18.9632 -0.149654 0.05)
(-18.9032 -0.399455 0.05)
(-18.8151 -0.651048 0.05)
(-19.2644 0.258107 0)
(-19.2608 0.485979 0)
(-19.2399 0.724746 0)
(-19.1901 0.995094 0)
(-19.1188 1.2512 0)
(-19.0219 1.51325 0)
(-18.8957 1.78004 0)
(-18.7459 2.03872 0)
(-18.5703 2.29406 0)
(-18.3679 2.5448 0)
(-18.1408 2.78866 0)
(-17.8861 3.02783 0)
(-17.6023 3.26177 0)
(-17.288 3.49028 0)
(-16.9398 3.71358 0)
(-16.5551 3.93061 0)
(-16.1306 4.14054 0)
(-15.6629 4.34163 0)
(-15.1485 4.53218 0)
(-14.5836 4.70963 0)
(-13.9645 4.87171 0)
(-13.2877 5.01535 0)
(-12.55 5.13842 0)
(-11.7479 5.23898 0)
(-10.8779 5.31671 0)
(-9.93196 5.37289 0)
(-8.89809 5.40641 0)
(-7.76674 5.41362 0)
(-6.52906 5.391 0)
(-5.17487 5.33456 0)
(-3.69313 5.23998 0)
(-2.0717 5.10265 0)
(-0.297104 4.91764 0)
(1.64558 4.67956 0)
(3.77296 4.38246 0)
(6.10348 4.01934 0)
(-19.2484 0.0348708 0)
(-19.2156 -0.196866 0)
(-19.1495 -0.472 0)
(-19.0528 -0.74796 0)
(-19.2644 0.258107 0.05)
(-19.2608 0.485979 0.05)
(-19.2399 0.724746 0.05)
(-19.1901 0.995094 0.05)
(-19.1188 1.2512 0.05)
(-19.0219 1.51325 0.05)
(-18.8957 1.78004 0.05)
(-18.7459 2.03872 0.05)
(-18.5703 2.29406 0.05)
(-18.3679 2.5448 0.05)
(-18.1408 2.78866 0.05)
(-17.8861 3.02783 0.05)
(-17.6023 3.26177 0.05)
(-17.288 3.49028 0.05)
(-16.9398 3.71358 0.05)
(-16.5551 3.93061 0.05)
(-16.1306 4.14054 0.05)
(-15.6629 4.34163 0.05)
(-15.1485 4.53218 0.05)
(-14.5836 4.70963 0.05)
(-13.9645 4.87171 0.05)
(-13.2877 5.01535 0.05)
(-12.55 5.13842 0.05)
(-11.7479 5.23898 0.05)
(-10.8779 5.31671 0.05)
(-9.93196 5.37289 0.05)
(-8.89809 5.40641 0.05)
(-7.76674 5.41362 0.05)
(-6.52906 5.391 0.05)
(-5.17487 5.33456 0.05)
(-3.69313 5.23998 0.05)
(-2.0717 5.10265 0.05)
(-0.297104 4.91764 0.05)
(1.64558 4.67956 0.05)
(3.77296 4.38246 0.05)
(6.10348 4.01934 0.05)
(-19.2484 0.0348708 0.05)
(-19.2156 -0.196866 0.05)
(-19.1495 -0.472 0.05)
(-19.0528 -0.74796 0.05)
(-19.5352 0.250471 0)
(-19.5313 0.499891 0)
(-19.5084 0.760581 0)
(-19.4539 1.05648 0)
(-19.3765 1.33452 0)
(-19.2717 1.61816 0)
(-19.1355 1.9061 0)
(-18.9749 2.18354 0)
(-18.7874 2.45607 0)
(-18.5725 2.72237 0)
(-18.3327 2.97987 0)
(-18.065 3.23122 0)
(-17.7681 3.47596 0)
(-17.4408 3.71395 0)
(-17.0795 3.94565 0)
(-16.6817 4.17007 0)
(-16.2442 4.38646 0)
(-15.7635 4.59315 0)
(-15.2362 4.78848 0)
(-14.6585 4.96995 0)
(-14.0269 5.13529 0)
(-13.3381 5.28149 0)
(-12.5891 5.40646 0)
(-11.7767 5.50832 0)
(-10.898 5.58683 0)
(-9.94437 5.64348 0)
(-8.90334 5.67724 0)
(-7.76512 5.68449 0)
(-6.52094 5.66175 0)
(-5.1606 5.60506 0)
(-3.67307 5.51011 0)
(-2.04622 5.37232 0)
(-0.266582 5.18679 0)
(1.68079 4.94814 0)
(3.81254 4.65043 0)
(6.14722 4.28666 0)
(-19.5177 0.00617531 0)
(-19.4818 -0.246675 0)
(-19.4093 -0.548535 0)
(-19.5352 0.250471 0.05)
(-19.5313 0.499891 0.05)
(-19.5084 0.760581 0.05)
(-19.4539 1.05648 0.05)
(-19.3765 1.33452 0.05)
(-19.2717 1.61816 0.05)
(-19.1355 1.9061 0.05)
(-18.9749 2.18354 0.05)
(-18.7874 2.45607 0.05)
(-18.5725 2.72237 0.05)
(-18.3327 2.97987 0.05)
(-18.065 3.23122 0.05)
(-17.7681 3.47596 0.05)
(-17.4408 3.71395 0.05)
(-17.0795 3.94565 0.05)
(-16.6817 4.17007 0.05)
(-16.2442 4.38646 0.05)
(-15.7635 4.59315 0.05)
(-15.2362 4.78848 0.05)
(-14.6585 4.96995 0.05)
(-14.0269 5.13529 0.05)
(-13.3381 5.28149 0.05)
(-12.5891 5.40646 0.05)
(-11.7767 5.50832 0.05)
(-10.898 5.58683 0.05)
(-9.94437 5.64348 0.05)
(-8.90334 5.67724 0.05)
(-7.76512 5.68449 0.05)
(-6.52094 5.66175 0.05)
(-5.1606 5.60506 0.05)
(-3.67307 5.51011 0.05)
(-2.04622 5.37232 0.05)
(-0.266582 5.18679 0.05)
(1.68079 4.94814 0.05)
(3.81254 4.65043 0.05)
(6.14722 4.28666 0.05)
(-19.5177 0.00617531 0.05)
(-19.4818 -0.246675 0.05)
(-19.4093 -0.548535 0.05)
(-19.6484 1.42244 0)
(-19.5351 1.72884 0)
(-19.3884 2.03911 0)
(-19.2164 2.33632 0)
(-19.0164 2.62698 0)
(-18.7883 2.9097 0)
(-18.5351 3.18159 0)
(-18.2537 3.4458 0)
(-17.9431 3.70192 0)
(-17.602 3.94992 0)
(-17.2268 4.19049 0)
(-16.8153 4.4227 0)
(-16.364 4.6459 0)
(-15.8696 4.85849 0)
(-15.3286 5.05888 0)
(-14.7375 5.24458 0)
(-14.0928 5.41337 0)
(-13.3912 5.56227 0)
(-12.6304 5.68923 0)
(-11.8072 5.79246 0)
(-10.9192 5.87182 0)
(-9.95747 5.92896 0)
(-8.90888 5.96295 0)
(-7.76342 5.97025 0)
(-6.51238 5.9474 0)
(-5.14554 5.89043 0)
(-3.6519 5.7951 0)
(-2.01934 5.65683 0)
(-0.234382 5.47074 0)
(1.71794 5.23148 0)
(3.8543 4.93313 0)
(6.19336 4.56869 0)
(-19.6484 1.42244 0.05)
(-19.5351 1.72884 0.05)
(-19.3884 2.03911 0.05)
(-19.2164 2.33632 0.05)
(-19.0164 2.62698 0.05)
(-18.7883 2.9097 0.05)
(-18.5351 3.18159 0.05)
(-18.2537 3.4458 0.05)
(-17.9431 3.70192 0.05)
(-17.602 3.94992 0.05)
(-17.2268 4.19049 0.05)
(-16.8153 4.4227 0.05)
(-16.364 4.6459 0.05)
(-15.8696 4.85849 0.05)
(-15.3286 5.05888 0.05)
(-14.7375 5.24458 0.05)
(-14.0928 5.41337 0.05)
(-13.3912 5.56227 0.05)
(-12.6304 5.68923 0.05)
(-11.8072 5.79246 0.05)
(-10.9192 5.87182 0.05)
(-9.95747 5.92896 0.05)
(-8.90888 5.96295 0.05)
(-7.76342 5.97025 0.05)
(-6.51238 5.9474 0.05)
(-5.14554 5.89043 0.05)
(-3.6519 5.7951 0.05)
(-2.01934 5.65683 0.05)
(-0.234382 5.47074 0.05)
(1.71794 5.23148 0.05)
(3.8543 4.93313 0.05)
(6.19336 4.56869 0.05)
(-19.6553 2.17943 0)
(-19.4711 2.49751 0)
(-19.258 2.8073 0)
(-19.016 3.10733 0)
(-18.7487 3.39441 0)
(-18.4528 3.67219 0)
(-18.1276 3.94031 0)
(-17.772 4.19888 0)
(-17.3823 4.4488 0)
(-16.9562 4.68922 0)
(-16.4904 4.91961 0)
(-15.9815 5.13844 0)
(-15.4262 5.34415 0)
(-14.8209 5.53431 0)
(-14.1623 5.70675 0)
(-13.4473 5.8585 0)
(-12.6739 5.98756 0)
(-11.8393 6.09223 0)
(-10.9415 6.17248 0)
(-9.97128 6.23013 0)
(-8.91472 6.26439 0)
(-7.76162 6.27174 0)
(-6.50335 6.24875 0)
(-5.12966 6.19151 0)
(-3.62957 6.09576 0)
(-1.99099 5.95698 0)
(-0.200411 5.77031 0)
(1.75713 5.53041 0)
(3.89836 5.23138 0)
(6.24204 4.86622 0)
(-19.6553 2.17943 0.05)
(-19.4711 2.49751 0.05)
(-19.258 2.8073 0.05)
(-19.016 3.10733 0.05)
(-18.7487 3.39441 0.05)
(-18.4528 3.67219 0.05)
(-18.1276 3.94031 0.05)
(-17.772 4.19888 0.05)
(-17.3823 4.4488 0.05)
(-16.9562 4.68922 0.05)
(-16.4904 4.91961 0.05)
(-15.9815 5.13844 0.05)
(-15.4262 5.34415 0.05)
(-14.8209 5.53431 0.05)
(-14.1623 5.70675 0.05)
(-13.4473 5.8585 0.05)
(-12.6739 5.98756 0.05)
(-11.8393 6.09223 0.05)
(-10.9415 6.17248 0.05)
(-9.97128 6.23013 0.05)
(-8.91472 6.26439 0.05)
(-7.76162 6.27174 0.05)
(-6.50335 6.24875 0.05)
(-5.12966 6.19151 0.05)
(-3.62957 6.09576 0.05)
(-1.99099 5.95698 0.05)
(-0.200411 5.77031 0.05)
(1.75713 5.53041 0.05)
(3.89836 5.23138 0.05)
(6.24204 4.86622 0.05)
(-19.5129 2.99753 0)
(-19.2562 3.31584 0)
(-18.974 3.61894 0)
(-18.6629 3.91102 0)
(-18.3224 4.19181 0)
(-17.9514 4.46152 0)
(-17.5463 4.72131 0)
(-17.1049 4.9704 0)
(-16.6238 5.20838 0)
(-16.0996 5.43378 0)
(-15.5291 5.64511 0)
(-14.9088 5.83998 0)
(-14.2356 6.01626 0)
(-13.5065 6.17102 0)
(-12.7199 6.3023 0)
(-11.8733 6.40849 0)
(-10.9651 6.48968 0)
(-9.98586 6.54786 0)
(-8.92088 6.5824 0)
(-7.75972 6.5898 0)
(-6.49381 6.56668 0)
(-5.1129 6.50914 0)
(-3.60602 6.41296 0)
(-1.96107 6.27364 0)
(-0.164572 6.08635 0)
(1.79847 5.84579 0)
(3.94485 5.54604 0)
(6.2934 5.18012 0)
(-19.5129 2.99753 0.05)
(-19.2562 3.31584 0.05)
(-18.974 3.61894 0.05)
(-18.6629 3.91102 0.05)
(-18.3224 4.19181 0.05)
(-17.9514 4.46152 0.05)
(-17.5463 4.72131 0.05)
(-17.1049 4.9704 0.05)
(-16.6238 5.20838 0.05)
(-16.0996 5.43378 0.05)
(-15.5291 5.64511 0.05)
(-14.9088 5.83998 0.05)
(-14.2356 6.01626 0.05)
(-13.5065 6.17102 0.05)
(-12.7199 6.3023 0.05)
(-11.8733 6.40849 0.05)
(-10.9651 6.48968 0.05)
(-9.98586 6.54786 0.05)
(-8.92088 6.5824 0.05)
(-7.75972 6.5898 0.05)
(-6.49381 6.56668 0.05)
(-5.1129 6.50914 0.05)
(-3.60602 6.41296 0.05)
(-1.96107 6.27364 0.05)
(-0.164572 6.08635 0.05)
(1.79847 5.84579 0.05)
(3.94485 5.54604 0.05)
(6.2934 5.18012 0.05)
(-19.5096 3.53581 0)
(-19.2117 3.85581 0)
(-18.8845 4.16299 0)
(-18.5278 4.45715 0)
(-18.1407 4.73861 0)
(-17.7194 5.00881 0)
(-17.2618 5.26705 0)
(-16.7645 5.51303 0)
(-16.2242 5.74536 0)
(-15.6377 5.96263 0)
(-15.0016 6.16247 0)
(-14.3129 6.34279 0)
(-13.5689 6.50073 0)
(-12.7683 6.63435 0)
(-11.909 6.74214 0)
(-10.9899 6.82432 0)
(-10.0012 6.88308 0)
(-8.92738 6.9179 0)
(-7.75772 6.92536 0)
(-6.48376 6.90209 0)
(-5.09522 6.84423 0)
(-3.58117 6.7476 0)
(-1.92951 6.60772 0)
(-0.126761 6.41978 0)
(1.84209 6.17851 0)
(3.99388 5.878 0)
(6.34758 5.51128 0)
(-19.5096 3.53581 0.05)
(-19.2117 3.85581 0.05)
(-18.8845 4.16299 0.05)
(-18.5278 4.45715 0.05)
(-18.1407 4.73861 0.05)
(-17.7194 5.00881 0.05)
(-17.2618 5.26705 0.05)
(-16.7645 5.51303 0.05)
(-16.2242 5.74536 0.05)
(-15.6377 5.96263 0.05)
(-15.0016 6.16247 0.05)
(-14.3129 6.34279 0.05)
(-13.5689 6.50073 0.05)
(-12.7683 6.63435 0.05)
(-11.909 6.74214 0.05)
(-10.9899 6.82432 0.05)
(-10.0012 6.88308 0.05)
(-8.92738 6.9179 0.05)
(-7.75772 6.92536 0.05)
(-6.48376 6.90209 0.05)
(-5.09522 6.84423 0.05)
(-3.58117 6.7476 0.05)
(-1.92951 6.60772 0.05)
(-0.126761 6.41978 0.05)
(1.84209 6.17851 0.05)
(3.99388 5.878 0.05)
(6.34758 5.51128 0.05)
(-19.4624 4.10571 0)
(-19.1183 4.42882 0)
(-18.7445 4.73708 0)
(-18.3404 5.03094 0)
(-17.902 5.31213 0)
(-17.4272 5.58001 0)
(-16.9129 5.83443 0)
(-16.3556 6.07408 0)
(-15.7522 6.29761 0)
(-15.0995 6.50269 0)
(-14.3945 6.68729 0)
(-13.6348 6.84857 0)
(-12.8195 6.98466 0)
(-11.9468 7.09415 0)
(-11.0162 7.17737 0)
(-10.0175 7.23673 0)
(-8.93424 7.27185 0)
(-7.75561 7.27938 0)
(-6.47315 7.25596 0)
(-5.07657 7.19776 0)
(-3.55495 7.10065 0)
(-1.89621 6.96017 0)
(-0.0868708 6.77155 0)
(1.88811 6.52952 0)
(4.04562 6.22822 0)
(6.40474 5.86066 0)
(-19.4624 4.10571 0.05)
(-19.1183 4.42882 0.05)
(-18.7445 4.73708 0.05)
(-18.3404 5.03094 0.05)
(-17.902 5.31213 0.05)
(-17.4272 5.58001 0.05)
(-16.9129 5.83443 0.05)
(-16.3556 6.07408 0.05)
(-15.7522 6.29761 0.05)
(-15.0995 6.50269 0.05)
(-14.3945 6.68729 0.05)
(-13.6348 6.84857 0.05)
(-12.8195 6.98466 0.05)
(-11.9468 7.09415 0.05)
(-11.0162 7.17737 0.05)
(-10.0175 7.23673 0.05)
(-8.93424 7.27185 0.05)
(-7.75561 7.27938 0.05)
(-6.47315 7.25596 0.05)
(-5.07657 7.19776 0.05)
(-3.55495 7.10065 0.05)
(-1.89621 6.96017 0.05)
(-0.0868708 6.77155 0.05)
(1.88811 6.52952 0.05)
(4.04562 6.22822 0.05)
(6.40474 5.86066 0.05)
(-19.727 4.36936 0)
(-19.365 4.70927 0)
(-18.9732 5.0324 0)
(-18.551 5.33935 0)
(-18.0946 5.63212 0)
(-17.6018 5.91019 0)
(-17.0695 6.17352 0)
(-16.4943 6.42089 0)
(-15.8731 6.65101 0)
(-15.2027 6.86162 0)
(-14.4805 7.05073 0)
(-13.7043 7.21554 0)
(-12.8734 7.35423 0)
(-11.9866 7.46551 0)
(-11.0438 7.54984 0)
(-10.0346 7.60983 0)
(-8.94148 7.64528 0)
(-7.75339 7.65286 0)
(-6.46196 7.62928 0)
(-5.05689 7.57074 0)
(-3.52729 7.47312 0)
(-1.86108 7.33201 0)
(-0.0447867 7.14266 0)
(1.93666 6.89985 0)
(4.1002 6.59771 0)
(6.46504 6.22925 0)
(-19.727 4.36936 0.05)
(-19.365 4.70927 0.05)
(-18.9732 5.0324 0.05)
(-18.551 5.33935 0.05)
(-18.0946 5.63212 0.05)
(-17.6018 5.91019 0.05)
(-17.0695 6.17352 0.05)
(-16.4943 6.42089 0.05)
(-15.8731 6.65101 0.05)
(-15.2027 6.86162 0.05)
(-14.4805 7.05073 0.05)
(-13.7043 7.21554 0.05)
(-12.8734 7.35423 0.05)
(-11.9866 7.46551 0.05)
(-11.0438 7.54984 0.05)
(-10.0346 7.60983 0.05)
(-8.94148 7.64528 0.05)
(-7.75339 7.65286 0.05)
(-6.46196 7.62928 0.05)
(-5.05689 7.57074 0.05)
(-3.52729 7.47312 0.05)
(-1.86108 7.33201 0.05)
(-0.0447867 7.14266 0.05)
(1.93666 6.89985 0.05)
(4.1002 6.59771 0.05)
(6.46504 6.22925 0.05)
(-19.6252 5.00514 0)
(-19.2144 5.34397 0)
(-18.7733 5.66472 0)
(-18.2978 5.96972 0)
(-17.786 6.25852 0)
(-17.2347 6.53125 0)
(-16.6406 6.78676 0)
(-16.0006 7.02384 0)
(-15.3117 7.24029 0)
(-14.5713 7.43416 0)
(-13.7776 7.60269 0)
(-12.9303 7.74414 0)
(-12.0286 7.8573 0)
(-11.073 7.94279 0)
(-10.0526 8.00345 0)
(-8.94911 8.03924 0)
(-7.75104 8.04689 0)
(-6.45015 8.02314 0)
(-5.03613 7.96423 0)
(-3.4981 7.86607 0)
(-1.82402 7.7243 0)
(-0.000387871 7.53419 0)
(1.98788 7.29054 0)
(4.15779 6.98751 0)
(6.52866 6.61811 0)
(-19.6252 5.00514 0.05)
(-19.2144 5.34397 0.05)
(-18.7733 5.66472 0.05)
(-18.2978 5.96972 0.05)
(-17.786 6.25852 0.05)
(-17.2347 6.53125 0.05)
(-16.6406 6.78676 0.05)
(-16.0006 7.02384 0.05)
(-15.3117 7.24029 0.05)
(-14.5713 7.43416 0.05)
(-13.7776 7.60269 0.05)
(-12.9303 7.74414 0.05)
(-12.0286 7.8573 0.05)
(-11.073 7.94279 0.05)
(-10.0526 8.00345 0.05)
(-8.94911 8.03924 0.05)
(-7.75104 8.04689 0.05)
(-6.45015 8.02314 0.05)
(-5.03613 7.96423 0.05)
(-3.4981 7.86607 0.05)
(-1.82402 7.7243 0.05)
(-0.000387871 7.53419 0.05)
(1.98788 7.29054 0.05)
(4.15779 6.98751 0.05)
(6.52866 6.61811 0.05)
(-19.4689 5.67267 0)
(-19.0078 6.00799 0)
(-18.5122 6.32589 0)
(-17.9803 6.62601 0)
(-17.409 6.90865 0)
(-16.7949 7.17276 0)
(-16.1351 7.41719 0)
(-15.4266 7.63979 0)
(-14.6671 7.83868 0)
(-13.8549 8.01114 0)
(-12.9903 8.15548 0)
(-12.0729 8.27064 0)
(-11.1038 8.35735 0)
(-10.0717 8.41872 0)
(-8.95717 8.45487 0)
(-7.74856 8.46259 0)
(-6.43769 8.43866 0)
(-5.01423 8.37935 0)
(-3.46732 8.28063 0)
(-1.78492 8.13816 0)
(0.0464529 7.94725 0)
(2.04191 7.70272 0)
(4.21854 7.39875 0)
(6.59578 7.02837 0)
(-19.4689 5.67267 0.05)
(-19.0078 6.00799 0.05)
(-18.5122 6.32589 0.05)
(-17.9803 6.62601 0.05)
(-17.409 6.90865 0.05)
(-16.7949 7.17276 0.05)
(-16.1351 7.41719 0.05)
(-15.4266 7.63979 0.05)
(-14.6671 7.83868 0.05)
(-13.8549 8.01114 0.05)
(-12.9903 8.15548 0.05)
(-12.0729 8.27064 0.05)
(-11.1038 8.35735 0.05)
(-10.0717 8.41872 0.05)
(-8.95717 8.45487 0.05)
(-7.74856 8.46259 0.05)
(-6.43769 8.43866 0.05)
(-5.01423 8.37935 0.05)
(-3.46732 8.28063 0.05)
(-1.78492 8.13816 0.05)
(0.0464529 7.94725 0.05)
(2.04191 7.70272 0.05)
(4.21854 7.39875 0.05)
(6.59578 7.02837 0.05)
(-19.7374 6.01945 0)
(-19.2551 6.37014 0)
(-18.7383 6.70164 0)
(-18.1853 7.01372 0)
(-17.5928 7.30682 0)
(-16.9577 7.57999 0)
(-16.277 7.83217 0)
(-15.5479 8.06127 0)
(-14.7682 8.26545 0)
(-13.9365 8.44205 0)
(-13.0537 8.58946 0)
(-12.1197 8.70671 0)
(-11.1363 8.79472 0)
(-10.0918 8.85683 0)
(-8.96567 8.89335 0)
(-7.74594 8.90115 0)
(-6.42455 8.87703 0)
(-4.99113 8.81732 0)
(-3.43484 8.718 0)
(-1.74367 8.57479 0)
(0.0958698 8.38303 0)
(2.09892 8.13757 0)
(4.28263 7.83262 0)
(6.6666 7.46118 0)
(-19.7374 6.01945 0.05)
(-19.2551 6.37014 0.05)
(-18.7383 6.70164 0.05)
(-18.1853 7.01372 0.05)
(-17.5928 7.30682 0.05)
(-16.9577 7.57999 0.05)
(-16.277 7.83217 0.05)
(-15.5479 8.06127 0.05)
(-14.7682 8.26545 0.05)
(-13.9365 8.44205 0.05)
(-13.0537 8.58946 0.05)
(-12.1197 8.70671 0.05)
(-11.1363 8.79472 0.05)
(-10.0918 8.85683 0.05)
(-8.96567 8.89335 0.05)
(-7.74594 8.90115 0.05)
(-6.42455 8.87703 0.05)
(-4.99113 8.81732 0.05)
(-3.43484 8.718 0.05)
(-1.74367 8.57479 0.05)
(0.0958698 8.38303 0.05)
(2.09892 8.13757 0.05)
(4.28263 7.83262 0.05)
(6.6666 7.46118 0.05)
(-19.5161 6.7522 0)
(-18.9769 7.09806 0)
(-18.4016 7.42275 0)
(-17.7868 7.72688 0)
(-17.1295 8.00961 0)
(-16.4267 8.26997 0)
(-15.6758 8.50592 0)
(-14.8748 8.71569 0)
(-14.0226 8.89667 0)
(-13.1205 9.0473 0)
(-12.169 9.16676 0)
(-11.1706 9.25614 0)
(-10.113 9.31903 0)
(-8.97463 9.35596 0)
(-7.74318 9.36384 0)
(-6.41068 9.33951 0)
(-4.96675 9.27936 0)
(-3.40057 9.17942 0)
(-1.70016 9.03543 0)
(0.148005 8.84277 0)
(2.15906 8.59633 0)
(4.35025 8.29034 0)
(6.7413 7.9178 0)
(-19.5161 6.7522 0.05)
(-18.9769 7.09806 0.05)
(-18.4016 7.42275 0.05)
(-17.7868 7.72688 0.05)
(-17.1295 8.00961 0.05)
(-16.4267 8.26997 0.05)
(-15.6758 8.50592 0.05)
(-14.8748 8.71569 0.05)
(-14.0226 8.89667 0.05)
(-13.1205 9.0473 0.05)
(-12.169 9.16676 0.05)
(-11.1706 9.25614 0.05)
(-10.113 9.31903 0.05)
(-8.97463 9.35596 0.05)
(-7.74318 9.36384 0.05)
(-6.41068 9.33951 0.05)
(-4.96675 9.27936 0.05)
(-3.40057 9.17942 0.05)
(-1.70016 9.03543 0.05)
(0.148005 8.84277 0.05)
(2.15906 8.59633 0.05)
(4.35025 8.29034 0.05)
(6.7413 7.9178 0.05)
(-19.7915 7.15528 0)
(-19.2287 7.51628 0)
(-18.6298 7.85427 0)
(-17.9915 8.17005 0)
(-17.3107 8.46287 0)
(-16.5846 8.73185 0)
(-15.8108 8.97503 0)
(-14.9873 9.19069 0)
(-14.1134 9.37629 0)
(-13.191 9.53032 0)
(-12.221 9.65212 0)
(-11.2068 9.74294 0)
(-10.1354 9.80666 0)
(-8.98409 9.84401 0)
(-7.74027 9.85197 0)
(-6.39605 9.82744 0)
(-4.94103 9.76683 0)
(-3.36442 9.66622 0)
(-1.65424 9.5214 0)
(0.203007 9.3278 0)
(2.22252 9.08033 0)
(4.42158 8.77324 0)
(6.82012 8.39954 0)
(-19.7915 7.15528 0.05)
(-19.2287 7.51628 0.05)
(-18.6298 7.85427 0.05)
(-17.9915 8.17005 0.05)
(-17.3107 8.46287 0.05)
(-16.5846 8.73185 0.05)
(-15.8108 8.97503 0.05)
(-14.9873 9.19069 0.05)
(-14.1134 9.37629 0.05)
(-13.191 9.53032 0.05)
(-12.221 9.65212 0.05)
(-11.2068 9.74294 0.05)
(-10.1354 9.80666 0.05)
(-8.98409 9.84401 0.05)
(-7.74027 9.85197 0.05)
(-6.39605 9.82744 0.05)
(-4.94103 9.76683 0.05)
(-3.36442 9.66622 0.05)
(-1.65424 9.5214 0.05)
(0.203007 9.3278 0.05)
(2.22252 9.08033 0.05)
(4.42158 8.77324 0.05)
(6.82012 8.39954 0.05)
(-19.4943 7.95751 0)
(-18.8705 8.30953 0)
(-18.2074 8.63759 0)
(-17.5019 8.94105 0)
(-16.7513 9.21913 0)
(-15.9532 9.46994 0)
(-15.106 9.69182 0)
(-14.2092 9.88228 0)
(-13.2654 10.0399 0)
(-12.2759 10.1642 0)
(-11.2449 10.2565 0)
(-10.159 10.3211 0)
(-8.99407 10.3589 0)
(-7.7372 10.3669 0)
(-6.38062 10.3422 0)
(-4.9139 10.2811 0)
(-3.32628 10.1798 0)
(-1.60581 10.0341 0)
(0.261034 9.83951 0)
(2.28946 9.59095 0)
(4.49684 9.2827 0)
(6.90327 8.90777 0)
(-19.4943 7.95751 0.05)
(-18.8705 8.30953 0.05)
(-18.2074 8.63759 0.05)
(-17.5019 8.94105 0.05)
(-16.7513 9.21913 0.05)
(-15.9532 9.46994 0.05)
(-15.106 9.69182 0.05)
(-14.2092 9.88228 0.05)
(-13.2654 10.0399 0.05)
(-12.2759 10.1642 0.05)
(-11.2449 10.2565 0.05)
(-10.159 10.3211 0.05)
(-8.99407 10.3589 0.05)
(-7.7372 10.3669 0.05)
(-6.38062 10.3422 0.05)
(-4.9139 10.2811 0.05)
(-3.32628 10.1798 0.05)
(-1.60581 10.0341 0.05)
(0.261034 9.83951 0.05)
(2.28946 9.59095 0.05)
(4.49684 9.2827 0.05)
(6.90327 8.90777 0.05)
(-19.7744 8.423 0)
(-19.1245 8.78983 0)
(-18.4352 9.13084 0)
(-17.7036 9.44554 0)
(-16.9271 9.73322 0)
(-16.1034 9.99207 0)
(-15.2312 10.2205 0)
(-14.3103 10.4161 0)
(-13.3438 10.5775 0)
(-12.3339 10.7044 0)
(-11.2852 10.7983 0)
(-10.1839 10.8638 0)
(-9.0046 10.9021 0)
(-7.73396 10.9102 0)
(-6.36434 10.8853 0)
(-4.88528 10.8237 0)
(-3.28604 10.7216 0)
(-1.55471 10.575 0)
(0.322253 10.3794 0)
(2.36008 10.1297 0)
(4.57624 9.82018 0)
(6.99099 9.44395 0)
(-19.7744 8.423 0.05)
(-19.1245 8.78983 0.05)
(-18.4352 9.13084 0.05)
(-17.7036 9.44554 0.05)
(-16.9271 9.73322 0.05)
(-16.1034 9.99207 0.05)
(-15.2312 10.2205 0.05)
(-14.3103 10.4161 0.05)
(-13.3438 10.5775 0.05)
(-12.3339 10.7044 0.05)
(-11.2852 10.7983 0.05)
(-10.1839 10.8638 0.05)
(-9.0046 10.9021 0.05)
(-7.73396 10.9102 0.05)
(-6.36434 10.8853 0.05)
(-4.88528 10.8237 0.05)
(-3.28604 10.7216 0.05)
(-1.55471 10.575 0.05)
(0.322253 10.3794 0.05)
(2.36008 10.1297 0.05)
(4.57624 9.82018 0.05)
(6.99099 9.44395 0.05)
(-19.3924 9.29655 0)
(-18.6755 9.65123 0)
(-17.9164 9.97777 0)
(-17.1125 10.2756 0)
(-16.2619 10.5429 0)
(-15.3632 10.7783 0)
(-14.417 10.9793 0)
(-13.4266 11.1447 0)
(-12.395 11.2743 0)
(-11.3276 11.3699 0)
(-10.2101 11.4364 0)
(-9.0157 11.4752 0)
(-7.73054 11.4834 0)
(-6.34716 11.4582 0)
(-4.85508 11.3961 0)
(-3.24359 11.2932 0)
(-1.50079 11.1457 0)
(0.386839 10.9489 0)
(2.43459 10.698 0)
(4.66001 10.3872 0)
(7.08354 10.0096 0)
(-19.3924 9.29655 0.05)
(-18.6755 9.65123 0.05)
(-17.9164 9.97777 0.05)
(-17.1125 10.2756 0.05)
(-16.2619 10.5429 0.05)
(-15.3632 10.7783 0.05)
(-14.417 10.9793 0.05)
(-13.4266 11.1447 0.05)
(-12.395 11.2743 0.05)
(-11.3276 11.3699 0.05)
(-10.2101 11.4364 0.05)
(-9.0157 11.4752 0.05)
(-7.73054 11.4834 0.05)
(-6.34716 11.4582 0.05)
(-4.85508 11.3961 0.05)
(-3.24359 11.2932 0.05)
(-1.50079 11.1457 0.05)
(0.386839 10.9489 0.05)
(2.43459 10.698 0.05)
(4.66001 10.3872 0.05)
(7.08354 10.0096 0.05)
(-19.6751 9.83113 0)
(-18.929 10.2002 0)
(-18.1409 10.5393 0)
(-17.3082 10.8478 0)
(-16.4291 11.1241 0)
(-15.5026 11.3667 0)
(-14.5295 11.5735 0)
(-13.514 11.7431 0)
(-12.4594 11.8756 0)
(-11.3724 11.973 0)
(-10.2378 12.0405 0)
(-9.02742 12.0798 0)
(-7.72694 12.0881 0)
(-6.32904 12.0626 0)
(-4.82322 11.9999 0)
(-3.1988 11.8963 0)
(-1.44392 11.7477 0)
(0.454978 11.5498 0)
(2.51319 11.2976 0)
(4.74838 10.9854 0)
(7.18118 10.6064 0)
(-19.6751 9.83113 0.05)
(-18.929 10.2002 0.05)
(-18.1409 10.5393 0.05)
(-17.3082 10.8478 0.05)
(-16.4291 11.1241 0.05)
(-15.5026 11.3667 0.05)
(-14.5295 11.5735 0.05)
(-13.514 11.7431 0.05)
(-12.4594 11.8756 0.05)
(-11.3724 11.973 0.05)
(-10.2378 12.0405 0.05)
(-9.02742 12.0798 0.05)
(-7.72694 12.0881 0.05)
(-6.32904 12.0626 0.05)
(-4.82322 11.9999 0.05)
(-3.1988 11.8963 0.05)
(-1.44392 11.7477 0.05)
(0.454978 11.5498 0.05)
(2.51319 11.2976 0.05)
(4.74838 10.9854 0.05)
(7.18118 10.6064 0.05)
(-19.9733 10.3951 0)
(-19.1965 10.7794 0)
(-18.3777 11.1317 0)
(-17.5146 11.4514 0)
(-16.6055 11.7372 0)
(-15.6496 11.9875 0)
(-14.6482 12.2003 0)
(-13.6061 12.3744 0)
(-12.5275 12.5099 0)
(-11.4197 12.6092 0)
(-10.2671 12.6778 0)
(-9.03978 12.7177 0)
(-7.72313 12.7261 0)
(-6.30992 12.7003 0)
(-4.78961 12.637 0)
(-3.15155 12.5325 0)
(-1.38391 12.3829 0)
(0.526863 12.1837 0)
(2.59612 11.9301 0)
(4.84162 11.6166 0)
(7.28419 11.236 0)
(-19.9733 10.3951 0.05)
(-19.1965 10.7794 0.05)
(-18.3777 11.1317 0.05)
(-17.5146 11.4514 0.05)
(-16.6055 11.7372 0.05)
(-15.6496 11.9875 0.05)
(-14.6482 12.2003 0.05)
(-13.6061 12.3744 0.05)
(-12.5275 12.5099 0.05)
(-11.4197 12.6092 0.05)
(-10.2671 12.6778 0.05)
(-9.03978 12.7177 0.05)
(-7.72313 12.7261 0.05)
(-6.30992 12.7003 0.05)
(-4.78961 12.637 0.05)
(-3.15155 12.5325 0.05)
(-1.38391 12.3829 0.05)
(0.526863 12.1837 0.05)
(2.59612 11.9301 0.05)
(4.84162 11.6166 0.05)
(7.28419 11.236 0.05)
(-19.4787 11.3905 0)
(-18.6276 11.7566 0)
(-17.7324 12.0883 0)
(-16.7916 12.384 0)
(-15.8047 12.6425 0)
(-14.7734 12.8616 0)
(-13.7033 13.0404 0)
(-12.5992 13.1792 0)
(-11.4695 13.2804 0)
(-10.2979 13.3502 0)
(-9.05282 13.3906 0)
(-7.71912 13.3992 0)
(-6.28975 13.3731 0)
(-4.75415 13.3092 0)
(-3.10171 13.2037 0)
(-1.32061 13.0529 0)
(0.602703 12.8525 0)
(2.68361 12.5975 0)
(4.93998 12.2824 0)
(7.39286 11.9003 0)
(-19.4787 11.3905 0.05)
(-18.6276 11.7566 0.05)
(-17.7324 12.0883 0.05)
(-16.7916 12.384 0.05)
(-15.8047 12.6425 0.05)
(-14.7734 12.8616 0.05)
(-13.7033 13.0404 0.05)
(-12.5992 13.1792 0.05)
(-11.4695 13.2804 0.05)
(-10.2979 13.3502 0.05)
(-9.05282 13.3906 0.05)
(-7.71912 13.3992 0.05)
(-6.28975 13.3731 0.05)
(-4.75415 13.3092 0.05)
(-3.10171 13.2037 0.05)
(-1.32061 13.0529 0.05)
(0.602703 12.8525 0.05)
(2.68361 12.5975 0.05)
(4.93998 12.2824 0.05)
(7.39286 11.9003 0.05)
(-19.7764 12.0352 0)
(-18.8912 12.416 0)
(-17.9622 12.7602 0)
(-16.9879 13.0664 0)
(-15.9683 13.3335 0)
(-14.9055 13.5593 0)
(-13.8059 13.743 0)
(-12.6749 13.8852 0)
(-11.5222 13.9886 0)
(-10.3305 14.0595 0)
(-9.06658 14.1006 0)
(-7.71488 14.1092 0)
(-6.26847 14.0829 0)
(-4.71674 14.0183 0)
(-3.04912 13.9119 0)
(-1.25382 13.7599 0)
(0.682714 13.558 0)
(2.77591 13.3016 0)
(5.04375 12.9849 0)
(7.50751 12.601 0)
(-19.7764 12.0352 0.05)
(-18.8912 12.416 0.05)
(-17.9622 12.7602 0.05)
(-16.9879 13.0664 0.05)
(-15.9683 13.3335 0.05)
(-14.9055 13.5593 0.05)
(-13.8059 13.743 0.05)
(-12.6749 13.8852 0.05)
(-11.5222 13.9886 0.05)
(-10.3305 14.0595 0.05)
(-9.06658 14.1006 0.05)
(-7.71488 14.1092 0.05)
(-6.26847 14.0829 0.05)
(-4.71674 14.0183 0.05)
(-3.04912 13.9119 0.05)
(-1.25382 13.7599 0.05)
(0.682714 13.558 0.05)
(2.77591 13.3016 0.05)
(5.04375 12.9849 0.05)
(7.50751 12.601 0.05)
(-20.0905 12.7153 0)
(-19.1693 13.1116 0)
(-18.2046 13.469 0)
(-17.1951 13.7863 0)
(-16.1409 14.0624 0)
(-15.0449 14.2954 0)
(-13.914 14.4843 0)
(-12.7548 14.6301 0)
(-11.5777 14.7357 0)
(-10.3648 14.8079 0)
(-9.0811 14.8496 0)
(-7.71042 14.8584 0)
(-6.24602 14.8317 0)
(-4.67727 14.7664 0)
(-2.99364 14.659 0)
(-1.18336 14.5057 0)
(0.767125 14.3024 0)
(2.87329 14.0443 0)
(5.15323 13.726 0)
(7.62847 13.3403 0)
(-20.0905 12.7153 0.05)
(-19.1693 13.1116 0.05)
(-18.2046 13.469 0.05)
(-17.1951 13.7863 0.05)
(-16.1409 14.0624 0.05)
(-15.0449 14.2954 0.05)
(-13.914 14.4843 0.05)
(-12.7548 14.6301 0.05)
(-11.5777 14.7357 0.05)
(-10.3648 14.8079 0.05)
(-9.0811 14.8496 0.05)
(-7.71042 14.8584 0.05)
(-6.24602 14.8317 0.05)
(-4.67727 14.7664 0.05)
(-2.99364 14.659 0.05)
(-1.18336 14.5057 0.05)
(0.767125 14.3024 0.05)
(2.87329 14.0443 0.05)
(5.15323 13.726 0.05)
(7.62847 13.3403 0.05)
(-19.4627 13.8454 0)
(-18.4603 14.2168 0)
(-17.4136 14.5459 0)
(-16.3231 14.8315 0)
(-15.1919 15.0719 0)
(-14.0282 15.2664 0)
(-12.839 15.4159 0)
(-11.6362 15.5238 0)
(-10.401 15.5974 0)
(-9.09641 15.6397 0)
(-7.7057 15.6487 0)
(-6.22233 15.6217 0)
(-4.63563 15.5556 0)
(-2.9351 15.4471 0)
(-1.10902 15.2925 0)
(0.856179 15.0877 0)
(2.97602 14.828 0)
(5.26873 14.5078 0)
(7.75608 14.1203 0)
(-19.4627 13.8454 0.05)
(-18.4603 14.2168 0.05)
(-17.4136 14.5459 0.05)
(-16.3231 14.8315 0.05)
(-15.1919 15.0719 0.05)
(-14.0282 15.2664 0.05)
(-12.839 15.4159 0.05)
(-11.6362 15.5238 0.05)
(-10.401 15.5974 0.05)
(-9.09641 15.6397 0.05)
(-7.7057 15.6487 0.05)
(-6.22233 15.6217 0.05)
(-4.63563 15.5556 0.05)
(-2.9351 15.4471 0.05)
(-1.10902 15.2925 0.05)
(0.856179 15.0877 0.05)
(2.97602 14.828 0.05)
(5.26873 14.5078 0.05)
(7.75608 14.1203 0.05)
(-19.7723 14.6197 0)
(-18.7301 15.0058 0)
(-17.6441 15.3472 0)
(-16.5152 15.6429 0)
(-15.347 15.8912 0)
(-14.1486 16.0914 0)
(-12.9279 16.245 0)
(-11.698 16.3554 0)
(-10.4392 16.4303 0)
(-9.11257 16.4734 0)
(-7.70073 16.4825 0)
(-6.19735 16.4551 0)
(-4.59171 16.3883 0)
(-2.87335 16.2787 0)
(-1.0306 16.1227 0)
(0.950131 15.9162 0)
(3.08441 15.6547 0)
(5.39058 15.3327 0)
(7.89071 14.9432 0)
(-19.7723 14.6197 0.05)
(-18.7301 15.0058 0.05)
(-17.6441 15.3472 0.05)
(-16.5152 15.6429 0.05)
(-15.347 15.8912 0.05)
(-14.1486 16.0914 0.05)
(-12.9279 16.245 0.05)
(-11.698 16.3554 0.05)
(-10.4392 16.4303 0.05)
(-9.11257 16.4734 0.05)
(-7.70073 16.4825 0.05)
(-6.19735 16.4551 0.05)
(-4.59171 16.3883 0.05)
(-2.87335 16.2787 0.05)
(-1.0306 16.1227 0.05)
(0.950131 15.9162 0.05)
(3.08441 15.6547 0.05)
(5.39058 15.3327 0.05)
(7.89071 14.9432 0.05)
(-20.0988 15.4365 0)
(-19.0147 15.8382 0)
(-17.8874 16.1926 0)
(-16.7179 16.4989 0)
(-15.5107 16.7555 0)
(-14.2757 16.9619 0)
(-13.0217 17.1196 0)
(-11.7631 17.2326 0)
(-10.4796 17.3091 0)
(-9.12961 17.3529 0)
(-7.69549 17.3621 0)
(-6.17098 17.3344 0)
(-4.54536 17.2667 0)
(-2.8082 17.1559 0)
(-0.947862 16.9984 0)
(1.04925 16.7903 0)
(3.19875 16.5269 0)
(5.51913 16.2029 0)
(8.03274 15.8113 0)
(-20.0988 15.4365 0.05)
(-19.0147 15.8382 0.05)
(-17.8874 16.1926 0.05)
(-16.7179 16.4989 0.05)
(-15.5107 16.7555 0.05)
(-14.2757 16.9619 0.05)
(-13.0217 17.1196 0.05)
(-11.7631 17.2326 0.05)
(-10.4796 17.3091 0.05)
(-9.12961 17.3529 0.05)
(-7.69549 17.3621 0.05)
(-6.17098 17.3344 0.05)
(-4.54536 17.2667 0.05)
(-2.8082 17.1559 0.05)
(-0.947862 16.9984 0.05)
(1.04925 16.7903 0.05)
(3.19875 16.5269 0.05)
(5.51913 16.2029 0.05)
(8.03274 15.8113 0.05)
(-19.315 16.7163 0)
(-18.144 17.0844 0)
(-16.9318 17.402 0)
(-15.6833 17.6673 0)
(-14.4097 17.8802 0)
(-13.1207 18.0424 0)
(-11.8319 18.1581 0)
(-10.5221 18.2362 0)
(-9.1476 18.2808 0)
(-7.68995 18.2902 0)
(-6.14317 18.262 0)
(-4.49647 18.1935 0)
(-2.73947 18.0814 0)
(-0.860574 17.9224 0)
(1.15382 17.7124 0)
(3.31938 17.4471 0)
(5.65476 17.121 0)
(8.18259 16.7272 0)
(-19.315 16.7163 0.05)
(-18.144 17.0844 0.05)
(-16.9318 17.402 0.05)
(-15.6833 17.6673 0.05)
(-14.4097 17.8802 0.05)
(-13.1207 18.0424 0.05)
(-11.8319 18.1581 0.05)
(-10.5221 18.2362 0.05)
(-9.1476 18.2808 0.05)
(-7.68995 18.2902 0.05)
(-6.14317 18.262 0.05)
(-4.49647 18.1935 0.05)
(-2.73947 18.0814 0.05)
(-0.860574 17.9224 0.05)
(1.15382 17.7124 0.05)
(3.31938 17.4471 0.05)
(5.65476 17.121 0.05)
(8.18259 16.7272 0.05)
(-19.6318 17.6427 0)
(-18.4147 18.0254 0)
(-17.1574 18.3547 0)
(-15.8655 18.6293 0)
(-14.5511 18.8491 0)
(-13.225 19.0159 0)
(-11.9044 19.1345 0)
(-10.567 19.2142 0)
(-9.16657 19.2597 0)
(-7.68411 19.2693 0)
(-6.11383 19.2407 0)
(-4.44489 19.1712 0)
(-2.66696 19.0578 0)
(-0.768485 18.8971 0)
(1.26414 18.6853 0)
(3.44665 18.4179 0)
(5.79784 18.0896 0)
(8.34067 17.6934 0)
(-19.6318 17.6427 0.05)
(-18.4147 18.0254 0.05)
(-17.1574 18.3547 0.05)
(-15.8655 18.6293 0.05)
(-14.5511 18.8491 0.05)
(-13.225 19.0159 0.05)
(-11.9044 19.1345 0.05)
(-10.567 19.2142 0.05)
(-9.16657 19.2597 0.05)
(-7.68411 19.2693 0.05)
(-6.11383 19.2407 0.05)
(-4.44489 19.1712 0.05)
(-2.66696 19.0578 0.05)
(-0.768485 18.8971 0.05)
(1.26414 18.6853 0.05)
(3.44665 18.4179 0.05)
(5.79784 18.0896 0.05)
(8.34067 17.6934 0.05)
(-19.966 18.6201 0)
(-18.7003 19.018 0)
(-17.3954 19.3599 0)
(-16.0577 19.6442 0)
(-14.7003 19.8712 0)
(-13.3352 20.043 0)
(-11.981 20.1646 0)
(-10.6143 20.2461 0)
(-9.18658 20.2925 0)
(-7.67795 20.3022 0)
(-6.08288 20.2732 0)
(-4.39047 20.2027 0)
(-2.59046 20.0879 0)
(-0.671331 19.9255 0)
(1.38053 19.7117 0)
(3.58092 19.4421 0)
(5.9488 19.1115 0)
(-19.966 18.6201 0.05)
(-18.7003 19.018 0.05)
(-17.3954 19.3599 0.05)
(-16.0577 19.6442 0.05)
(-14.7003 19.8712 0.05)
(-13.3352 20.043 0.05)
(-11.981 20.1646 0.05)
(-10.6143 20.2461 0.05)
(-9.18658 20.2925 0.05)
(-7.67795 20.3022 0.05)
(-6.08288 20.2732 0.05)
(-4.39047 20.2027 0.05)
(-2.59046 20.0879 0.05)
(-0.671331 19.9255 0.05)
(1.38053 19.7117 0.05)
(3.58092 19.4421 0.05)
(5.9488 19.1115 0.05)
(-19.0016 20.0653 0)
(-17.6465 20.4203 0)
(-16.2604 20.715 0)
(-14.8577 20.9495 0)
(-13.4513 21.1265 0)
(-12.0617 21.2514 0)
(-10.6642 21.3347 0)
(-9.2077 21.382 0)
(-7.67146 21.3919 0)
(-6.05022 21.3624 0)
(-4.33305 21.291 0)
(-2.50975 21.1747 0)
(-0.568834 21.0104 0)
(1.50332 20.7945 0)
(3.72257 20.5226 0)
(6.10805 20.1895 0)
(-19.0016 20.0653 0.05)
(-17.6465 20.4203 0.05)
(-16.2604 20.715 0.05)
(-14.8577 20.9495 0.05)
(-13.4513 21.1265 0.05)
(-12.0617 21.2514 0.05)
(-10.6642 21.3347 0.05)
(-9.2077 21.382 0.05)
(-7.67146 21.3919 0.05)
(-6.05022 21.3624 0.05)
(-4.33305 21.291 0.05)
(-2.50975 21.1747 0.05)
(-0.568834 21.0104 0.05)
(1.50332 20.7945 0.05)
(3.72257 20.5226 0.05)
(6.10805 20.1895 0.05)
(-19.3195 21.1702 0)
(-17.9114 21.5391 0)
(-16.4743 21.8446 0)
(-15.0237 22.0872 0)
(-13.5739 22.2697 0)
(-12.1469 22.3979 0)
(-10.7169 22.4832 0)
(-9.22997 22.5315 0)
(-7.6646 22.5416 0)
(-6.01576 22.5116 0)
(-4.27248 22.4391 0)
(-2.4246 22.3212 0)
(-0.460699 22.155 0)
(1.63287 21.9369 0)
(3.87202 21.6625 0)
(6.27607 21.3269 0)
(-19.3195 21.1702 0.05)
(-17.9114 21.5391 0.05)
(-16.4743 21.8446 0.05)
(-15.0237 22.0872 0.05)
(-13.5739 22.2697 0.05)
(-12.1469 22.3979 0.05)
(-10.7169 22.4832 0.05)
(-9.22997 22.5315 0.05)
(-7.6646 22.5416 0.05)
(-6.01576 22.5116 0.05)
(-4.27248 22.4391 0.05)
(-2.4246 22.3212 0.05)
(-0.460699 22.155 0.05)
(1.63287 21.9369 0.05)
(3.87202 21.6625 0.05)
(6.27607 21.3269 0.05)
(-19.6548 22.3358 0)
(-18.1909 22.7193 0)
(-16.7 23.0364 0)
(-15.1989 23.2874 0)
(-13.7032 23.4757 0)
(-12.2367 23.6075 0)
(-10.7725 23.6948 0)
(-9.25348 23.7442 0)
(-7.65737 23.7545 0)
(-5.97941 23.724 0)
(-4.20858 23.6503 0)
(-2.33477 23.5308 0)
(-0.346618 23.3626 0)
(1.76954 23.1421 0)
(4.02968 22.8652 0)
(6.45333 22.5268 0)
(-19.6548 22.3358 0.05)
(-18.1909 22.7193 0.05)
(-16.7 23.0364 0.05)
(-15.1989 23.2874 0.05)
(-13.7032 23.4757 0.05)
(-12.2367 23.6075 0.05)
(-10.7725 23.6948 0.05)
(-9.25348 23.7442 0.05)
(-7.65737 23.7545 0.05)
(-5.97941 23.724 0.05)
(-4.20858 23.6503 0.05)
(-2.33477 23.5308 0.05)
(-0.346618 23.3626 0.05)
(1.76954 23.1421 0.05)
(4.02968 22.8652 0.05)
(6.45333 22.5268 0.05)
(-20.0087 23.5656 0)
(-18.4858 23.9645 0)
(-16.938 24.2937 0)
(-15.3837 24.5536 0)
(-13.8396 24.748 0)
(-12.3315 24.8837 0)
(-10.8312 24.9731 0)
(-9.27827 25.0236 0)
(-7.64974 25.0341 0)
(-5.94107 25.0031 0)
(-4.14116 24.9282 0)
(-2.24 24.807 0)
(-0.226261 24.6365 0)
(1.91372 24.4136 0)
(4.19602 24.134 0)
(6.64033 23.7927 0)
(-20.0087 23.5656 0.05)
(-18.4858 23.9645 0.05)
(-16.938 24.2937 0.05)
(-15.3837 24.5536 0.05)
(-13.8396 24.748 0.05)
(-12.3315 24.8837 0.05)
(-10.8312 24.9731 0.05)
(-9.27827 25.0236 0.05)
(-7.64974 25.0341 0.05)
(-5.94107 25.0031 0.05)
(-4.14116 24.9282 0.05)
(-2.24 24.807 0.05)
(-0.226261 24.6365 0.05)
(1.91372 24.4136 0.05)
(4.19602 24.134 0.05)
(6.64033 23.7927 0.05)
(-20.3819 24.863 0)
(-18.7969 25.2782 0)
(-17.1892 25.6201 0)
(-15.5787 25.8895 0)
(-13.9836 26.0904 0)
(-12.4315 26.23 0)
(-10.893 26.3217 0)
(-9.30443 26.3734 0)
(-7.64169 26.3841 0)
(-5.90061 26.3525 0)
(-4.07004 26.2763 0)
(-2.14002 26.1533 0)
(-0.0992851 25.9806 0)
(2.06584 25.755 0)
(4.3715 25.4725 0)
(6.83762 25.1282 0)
(-20.3819 24.863 0.05)
(-18.7969 25.2782 0.05)
(-17.1892 25.6201 0.05)
(-15.5787 25.8895 0.05)
(-13.9836 26.0904 0.05)
(-12.4315 26.23 0.05)
(-10.893 26.3217 0.05)
(-9.30443 26.3734 0.05)
(-7.64169 26.3841 0.05)
(-5.90061 26.3525 0.05)
(-4.07004 26.2763 0.05)
(-2.14002 26.1533 0.05)
(-0.0992851 25.9806 0.05)
(2.06584 25.755 0.05)
(4.3715 25.4725 0.05)
(6.83762 25.1282 0.05)
(-19.1251 26.6642 0)
(-17.4542 27.0195 0)
(-15.7844 27.2988 0)
(-14.1354 27.5065 0)
(-12.537 27.6503 0)
(-10.9583 27.7445 0)
(-9.33203 27.7974 0)
(-7.63319 27.8084 0)
(-5.85793 27.7761 0)
(-3.995 27.6986 0)
(-2.03454 27.5736 0)
(0.0346745 27.3985 0)
(2.22633 27.1702 0)
(4.55664 26.8847 0)
(7.04576 26.5372 0)
(-19.1251 26.6642 0.05)
(-17.4542 27.0195 0.05)
(-15.7844 27.2988 0.05)
(-14.1354 27.5065 0.05)
(-12.537 27.6503 0.05)
(-10.9583 27.7445 0.05)
(-9.33203 27.7974 0.05)
(-7.63319 27.8084 0.05)
(-5.85793 27.7761 0.05)
(-3.995 27.6986 0.05)
(-2.03454 27.5736 0.05)
(0.0346745 27.3985 0.05)
(2.22633 27.1702 0.05)
(4.55664 26.8847 0.05)
(7.04576 26.5372 0.05)
(-19.4713 28.1263 0)
(-17.7337 28.4959 0)
(-16.0014 28.7856 0)
(-14.2956 29.0006 0)
(-12.6484 29.1488 0)
(-11.0272 29.2455 0)
(-9.36114 29.2997 0)
(-7.62423 29.311 0)
(-5.8129 29.278 0)
(-3.91584 29.1991 0)
(-1.92326 29.0721 0)
(0.176002 28.8945 0)
(2.39563 28.6632 0)
(4.75195 28.3746 0)
(7.26535 28.0237 0)
(-19.4713 28.1263 0.05)
(-17.7337 28.4959 0.05)
(-16.0014 28.7856 0.05)
(-14.2956 29.0006 0.05)
(-12.6484 29.1488 0.05)
(-11.0272 29.2455 0.05)
(-9.36114 29.2997 0.05)
(-7.62423 29.311 0.05)
(-5.8129 29.278 0.05)
(-3.91584 29.1991 0.05)
(-1.92326 29.0721 0.05)
(0.176002 28.8945 0.05)
(2.39563 28.6632 0.05)
(4.75195 28.3746 0.05)
(7.26535 28.0237 0.05)
(-19.8366 29.6689 0)
(-18.0287 30.0535 0)
(-16.2303 30.3543 0)
(-14.4646 30.5768 0)
(-12.7658 30.7297 0)
(-11.0998 30.8291 0)
(-9.39186 30.8846 0)
(-7.61478 30.8962 0)
(-5.76539 30.8626 0)
(-3.83232 30.7822 0)
(-1.80585 30.653 0)
(0.325102 30.4727 0)
(2.57426 30.2384 0)
(4.95801 29.9464 0)
(7.49702 29.5919 0)
(-19.8366 29.6689 0.05)
(-18.0287 30.0535 0.05)
(-16.2303 30.3543 0.05)
(-14.4646 30.5768 0.05)
(-12.7658 30.7297 0.05)
(-11.0998 30.8291 0.05)
(-9.39186 30.8846 0.05)
(-7.61478 30.8962 0.05)
(-5.76539 30.8626 0.05)
(-3.83232 30.7822 0.05)
(-1.80585 30.653 0.05)
(0.325102 30.4727 0.05)
(2.57426 30.2384 0.05)
(4.95801 29.9464 0.05)
(7.49702 29.5919 0.05)
(-20.222 31.2964 0)
(-18.3398 31.6967 0)
(-16.4718 32.0092 0)
(-14.6429 32.2397 0)
(-12.8897 32.3975 0)
(-11.1765 32.4998 0)
(-9.42426 32.5568 0)
(-7.60481 32.5686 0)
(-5.71527 32.5343 0)
(-3.74421 32.4523 0)
(-1.68199 32.3209 0)
(0.482403 32.1377 0)
(2.7627 31.9002 0)
(5.17541 31.6046 0)
(7.74143 31.2464 0)
(-20.222 31.2964 0.05)
(-18.3398 31.6967 0.05)
(-16.4718 32.0092 0.05)
(-14.6429 32.2397 0.05)
(-12.8897 32.3975 0.05)
(-11.1765 32.4998 0.05)
(-9.42426 32.5568 0.05)
(-7.60481 32.5686 0.05)
(-5.71527 32.5343 0.05)
(-3.74421 32.4523 0.05)
(-1.68199 32.3209 0.05)
(0.482403 32.1377 0.05)
(2.7627 31.9002 0.05)
(5.17541 31.6046 0.05)
(7.74143 31.2464 0.05)
(-20.6286 33.0133 0)
(-18.6681 33.4303 0)
(-16.7267 33.7551 0)
(-14.831 33.994 0)
(-13.0204 34.1571 0)
(-11.2573 34.2624 0)
(-9.45845 34.3209 0)
(-7.59429 34.333 0)
(-5.6624 34.2979 0)
(-3.65126 34.2143 0)
(-1.55132 34.0804 0)
(0.648356 33.8943 0)
(2.96151 33.6533 0)
(5.40476 33.3541 0)
(7.99928 32.9919 0)
(-20.6286 33.0133 0.05)
(-18.6681 33.4303 0.05)
(-16.7267 33.7551 0.05)
(-14.831 33.994 0.05)
(-13.0204 34.1571 0.05)
(-11.2573 34.2624 0.05)
(-9.45845 34.3209 0.05)
(-7.59429 34.333 0.05)
(-5.6624 34.2979 0.05)
(-3.65126 34.2143 0.05)
(-1.55132 34.0804 0.05)
(0.648356 33.8943 0.05)
(2.96151 33.6533 0.05)
(5.40476 33.3541 0.05)
(7.99928 32.9919 0.05)
(-19.0144 35.2593 0)
(-16.9955 35.5971 0)
(-15.0295 35.8449 0)
(-13.1583 36.0135 0)
(-11.3426 36.1219 0)
(-9.49452 36.182 0)
(-7.58319 36.1944 0)
(-5.60661 36.1585 0)
(-3.55319 36.0732 0)
(-1.41346 35.9368 0)
(0.823436 35.7475 0)
(3.17126 35.503 0)
(5.64672 35.1997 0)
(8.27131 34.8333 0)
(-19.0144 35.2593 0.05)
(-16.9955 35.5971 0.05)
(-15.0295 35.8449 0.05)
(-13.1583 36.0135 0.05)
(-11.3426 36.1219 0.05)
(-9.49452 36.182 0.05)
(-7.58319 36.1944 0.05)
(-5.60661 36.1585 0.05)
(-3.55319 36.0732 0.05)
(-1.41346 35.9368 0.05)
(0.823436 35.7475 0.05)
(3.17126 35.503 0.05)
(5.64672 35.1997 0.05)
(8.27131 34.8333 0.05)
(-19.3798 37.1888 0)
(-17.2791 37.5403 0)
(-15.2388 37.7976 0)
(-13.3038 37.9719 0)
(-11.4326 38.0837 0)
(-9.53257 38.1455 0)
(-7.57147 38.1582 0)
(-5.54776 38.1215 0)
(-3.44973 38.0343 0)
(-1.26802 37.8952 0)
(1.00815 37.7027 0)
(3.39254 37.4543 0)
(5.90199 37.1469 0)
(-19.3798 37.1888 0.05)
(-17.2791 37.5403 0.05)
(-15.2388 37.7976 0.05)
(-13.3038 37.9719 0.05)
(-11.4326 38.0837 0.05)
(-9.53257 38.1455 0.05)
(-7.57147 38.1582 0.05)
(-5.54776 38.1215 0.05)
(-3.44973 38.0343 0.05)
(-1.26802 37.8952 0.05)
(1.00815 37.7027 0.05)
(3.39254 37.4543 0.05)
(5.90199 37.1469 0.05)
(-19.7652 39.2245 0)
(-17.5783 39.5905 0)
(-15.4597 39.8576 0)
(-13.4573 40.0381 0)
(-11.5276 40.1534 0)
(-9.57272 40.2169 0)
(-7.55912 40.23 0)
(-5.48567 40.1924 0)
(-3.34057 40.1033 0)
(-1.11457 39.9614 0)
(1.20301 39.7653 0)
(3.62599 39.513 0)
(6.17131 39.2012 0)
(-19.7652 39.2245 0.05)
(-17.5783 39.5905 0.05)
(-15.4597 39.8576 0.05)
(-13.4573 40.0381 0.05)
(-11.5276 40.1534 0.05)
(-9.57272 40.2169 0.05)
(-7.55912 40.23 0.05)
(-5.48567 40.1924 0.05)
(-3.34057 40.1033 0.05)
(-1.11457 39.9614 0.05)
(1.20301 39.7653 0.05)
(3.62599 39.513 0.05)
(6.17131 39.2012 0.05)
(-20.1719 41.3722 0)
(-17.894 41.7533 0)
(-15.6927 42.031 0)
(-13.6192 42.2179 0)
(-11.6278 42.3369 0)
(-9.61507 42.4023 0)
(-7.54609 42.4158 0)
(-5.42017 42.3772 0)
(-3.22542 42.286 0)
(-0.952692 42.1412 0)
(1.4086 41.9415 0)
(3.87228 41.6848 0)
(6.45543 41.3685 0)
(-20.1719 41.3722 0.05)
(-17.894 41.7533 0.05)
(-15.6927 42.031 0.05)
(-13.6192 42.2179 0.05)
(-11.6278 42.3369 0.05)
(-9.61507 42.4023 0.05)
(-7.54609 42.4158 0.05)
(-5.42017 42.3772 0.05)
(-3.22542 42.286 0.05)
(-0.952692 42.1412 0.05)
(1.4086 41.9415 0.05)
(3.87228 41.6848 0.05)
(6.45543 41.3685 0.05)
(-20.6009 43.6379 0)
(-18.2271 44.0352 0)
(-15.9386 44.3238 0)
(-13.7901 44.5176 0)
(-11.7334 44.6405 0)
(-9.65975 44.7079 0)
(-7.53233 44.7218 0)
(-5.35106 44.6822 0)
(-3.10393 44.5889 0)
(-0.781907 44.4409 0)
(1.62549 44.2373 0)
(4.13212 43.9762 0)
(6.75518 43.6549 0)
(-20.6009 43.6379 0.05)
(-18.2271 44.0352 0.05)
(-15.9386 44.3238 0.05)
(-13.7901 44.5176 0.05)
(-11.7334 44.6405 0.05)
(-9.65975 44.7079 0.05)
(-7.53233 44.7218 0.05)
(-5.35106 44.6822 0.05)
(-3.10393 44.5889 0.05)
(-0.781907 44.4409 0.05)
(1.62549 44.2373 0.05)
(4.13212 43.9762 0.05)
(6.75518 43.6549 0.05)
(-18.5784 46.4426 0)
(-16.198 46.7428 0)
(-13.9703 46.9437 0)
(-11.8449 47.0708 0)
(-9.70689 47.1403 0)
(-7.51783 47.1546 0)
(-5.27815 47.114 0)
(-2.97575 47.0183 0)
(-0.60173 46.8671 0)
(1.85432 46.6594 0)
(4.40625 46.3936 0)
(7.07142 46.0672 0)
(-18.5784 46.4426 0.05)
(-16.198 46.7428 0.05)
(-13.9703 46.9437 0.05)
(-11.8449 47.0708 0.05)
(-9.70689 47.1403 0.05)
(-7.51783 47.1546 0.05)
(-5.27815 47.114 0.05)
(-2.97575 47.0183 0.05)
(-0.60173 46.8671 0.05)
(1.85432 46.6594 0.05)
(4.40625 46.3936 0.05)
(7.07142 46.0672 0.05)
(-18.9491 48.9823 0)
(-16.4716 49.2949 0)
(-14.1605 49.5034 0)
(-11.9626 49.6348 0)
(-9.75662 49.7065 0)
(-7.50252 49.7212 0)
(-5.20123 49.6795 0)
(-2.84053 49.5814 0)
(-0.411642 49.4267 0)
(2.09572 49.2146 0)
(4.69545 48.9439 0)
(7.40505 48.6121 0)
(-18.9491 48.9823 0.05)
(-16.4716 49.2949 0.05)
(-14.1605 49.5034 0.05)
(-11.9626 49.6348 0.05)
(-9.75662 49.7065 0.05)
(-7.50252 49.7212 0.05)
(-5.20123 49.6795 0.05)
(-2.84053 49.5814 0.05)
(-0.411642 49.4267 0.05)
(2.09572 49.2146 0.05)
(4.69545 48.9439 0.05)
(7.40505 48.6121 0.05)
(-19.3402 51.6618 0)
(-16.7603 51.9873 0)
(-14.3611 52.2038 0)
(-12.0867 52.3397 0)
(-9.80909 52.4138 0)
(-7.48637 52.429 0)
(-5.12009 52.3861 0)
(-2.69787 52.2855 0)
(-0.211099 52.1271 0)
(2.35041 51.9105 0)
(5.00057 51.6345 0)
(7.75703 51.2969 0)
(-19.3402 51.6618 0.05)
(-16.7603 51.9873 0.05)
(-14.3611 52.2038 0.05)
(-12.0867 52.3397 0.05)
(-9.80909 52.4138 0.05)
(-7.48637 52.429 0.05)
(-5.12009 52.3861 0.05)
(-2.69787 52.2855 0.05)
(-0.211099 52.1271 0.05)
(2.35041 51.9105 0.05)
(5.00057 51.6345 0.05)
(7.75703 51.2969 0.05)
(-19.7528 54.4886 0)
(-17.0648 54.8278 0)
(-14.5727 55.0527 0)
(-12.2176 55.1935 0)
(-9.86444 55.2701 0)
(-7.46934 55.2857 0)
(-5.03448 55.2416 0)
(-2.54737 55.1383 0)
(0.000473084 54.976 0)
(2.6191 54.7546 0)
(5.32246 54.473 0)
(8.12837 54.1294 0)
(-19.7528 54.4886 0.05)
(-17.0648 54.8278 0.05)
(-14.5727 55.0527 0.05)
(-12.2176 55.1935 0.05)
(-9.86444 55.2701 0.05)
(-7.46934 55.2857 0.05)
(-5.03448 55.2416 0.05)
(-2.54737 55.1383 0.05)
(0.000473084 54.976 0.05)
(2.6191 54.7546 0.05)
(5.32246 54.473 0.05)
(8.12837 54.1294 0.05)
(-20.188 57.4709 0)
(-17.3861 57.8245 0)
(-14.796 58.0583 0)
(-12.3557 58.2042 0)
(-9.92284 58.2834 0)
(-7.45137 58.2996 0)
(-4.94416 58.2541 0)
(-2.38859 58.148 0)
(0.223682 57.9816 0)
(2.90257 57.7551 0)
(5.66206 57.4677 0)
(8.52013 57.1178 0)
(-20.188 57.4709 0.05)
(-17.3861 57.8245 0.05)
(-14.796 58.0583 0.05)
(-12.3557 58.2042 0.05)
(-9.92284 58.2834 0.05)
(-7.45137 58.2996 0.05)
(-4.94416 58.2541 0.05)
(-2.38859 58.148 0.05)
(0.223682 57.9816 0.05)
(2.90257 57.7551 0.05)
(5.66206 57.4677 0.05)
(8.52013 57.1178 0.05)
(-20.6472 60.6172 0)
(-17.7251 60.986 0)
(-15.0315 61.2292 0)
(-12.5014 61.3805 0)
(-9.98445 61.4624 0)
(-7.43241 61.4792 0)
(-4.84887 61.4324 0)
(-2.22107 61.3232 0)
(0.459167 61.1526 0)
(3.20163 60.9206 0)
(6.02033 60.6271 0)
(-20.6472 60.6172 0.05)
(-17.7251 60.986 0.05)
(-15.0315 61.2292 0.05)
(-12.5014 61.3805 0.05)
(-9.98445 61.4624 0.05)
(-7.43241 61.4792 0.05)
(-4.84887 61.4324 0.05)
(-2.22107 61.3232 0.05)
(0.459167 61.1526 0.05)
(3.20163 60.9206 0.05)
(6.02033 60.6271 0.05)
(-21.1317 63.9365 0)
(-18.0828 64.3214 0)
(-15.2801 64.5745 0)
(-12.6552 64.7315 0)
(-10.0495 64.8163 0)
(-7.4124 64.8336 0)
(-4.74834 64.7854 0)
(-2.04434 64.6731 0)
(0.707604 64.4979 0)
(3.51714 64.2603 0)
(6.39831 63.9603 0)
(-21.1317 63.9365 0.05)
(-18.0828 64.3214 0.05)
(-15.2801 64.5745 0.05)
(-12.6552 64.7315 0.05)
(-10.0495 64.8163 0.05)
(-7.4124 64.8336 0.05)
(-4.74834 64.7854 0.05)
(-2.04434 64.6731 0.05)
(0.707604 64.4979 0.05)
(3.51714 64.2603 0.05)
(6.39831 63.9603 0.05)
(-18.4601 67.8403 0)
(-15.5422 68.1038 0)
(-12.8174 68.2669 0)
(-10.118 68.3547 0)
(-7.3913 68.3726 0)
(-4.64228 68.3228 0)
(-1.85789 68.2072 0)
(0.969705 68.0272 0)
(3.85001 67.7837 0)
(6.79708 67.4768 0)
(-18.4601 67.8403 0.05)
(-15.5422 68.1038 0.05)
(-12.8174 68.2669 0.05)
(-10.118 68.3547 0.05)
(-7.3913 68.3726 0.05)
(-4.64228 68.3228 0.05)
(-1.85789 68.2072 0.05)
(0.969705 68.0272 0.05)
(3.85001 67.7837 0.05)
(6.79708 67.4768 0.05)
(-18.8581 71.5527 0)
(-15.8188 71.8272 0)
(-12.9885 71.9966 0)
(-10.1904 72.0877 0)
(-7.36903 72.1062 0)
(-4.53039 72.0548 0)
(-1.66119 71.9357 0)
(1.24622 71.7506 0)
(4.20118 71.5008 0)
(7.21778 71.1867 0)
(-18.8581 71.5527 0.05)
(-15.8188 71.8272 0.05)
(-12.9885 71.9966 0.05)
(-10.1904 72.0877 0.05)
(-7.36903 72.1062 0.05)
(-4.53039 72.0548 0.05)
(-1.66119 71.9357 0.05)
(1.24622 71.7506 0.05)
(4.20118 71.5008 0.05)
(7.21778 71.1867 0.05)
(-19.278 75.4693 0)
(-16.1107 75.7554 0)
(-13.169 75.9315 0)
(-10.2667 76.026 0)
(-7.34555 76.0452 0)
(-4.41235 75.9921 0)
(-1.45366 75.8693 0)
(1.53795 75.6788 0)
(4.57166 75.4223 0)
(7.66162 75.1006 0)
(-19.278 75.4693 0.05)
(-16.1107 75.7554 0.05)
(-13.169 75.9315 0.05)
(-10.2667 76.026 0.05)
(-7.34555 76.0452 0.05)
(-4.41235 75.9921 0.05)
(-1.45366 75.8693 0.05)
(1.53795 75.6788 0.05)
(4.57166 75.4223 0.05)
(7.66162 75.1006 0.05)
(-19.7211 79.6012 0)
(-16.4185 79.8997 0)
(-13.3594 80.0828 0)
(-10.3472 80.1809 0)
(-7.32076 80.2008 0)
(-4.28781 80.1459 0)
(-1.23473 80.0192 0)
(1.84572 79.8231 0)
(4.96252 79.5596 0)
(8.12987 79.2299 0)
(-19.7211 79.6012 0.05)
(-16.4185 79.8997 0.05)
(-13.3594 80.0828 0.05)
(-10.3472 80.1809 0.05)
(-7.32076 80.2008 0.05)
(-4.28781 80.1459 0.05)
(-1.23473 80.0192 0.05)
(1.84572 79.8231 0.05)
(4.96252 79.5596 0.05)
(8.12987 79.2299 0.05)
(-20.1885 83.9605 0)
(-16.7433 84.2719 0)
(-13.5604 84.4624 0)
(-10.4322 84.5643 0)
(-7.29462 84.5849 0)
(-4.15643 84.5282 0)
(-1.00375 84.3973 0)
(2.17041 84.1953 0)
(5.37488 83.9244 0)
(8.62388 83.5862 0)
(-20.1885 83.9605 0.05)
(-16.7433 84.2719 0.05)
(-13.5604 84.4624 0.05)
(-10.4322 84.5643 0.05)
(-7.29462 84.5849 0.05)
(-4.15643 84.5282 0.05)
(-1.00375 84.3973 0.05)
(2.17041 84.1953 0.05)
(5.37488 83.9244 0.05)
(8.62388 83.5862 0.05)
(-20.6816 88.5595 0)
(-17.086 88.8845 0)
(-13.7723 89.0829 0)
(-10.5218 89.1888 0)
(-7.26704 89.2102 0)
(-4.01781 89.1515 0)
(-0.760068 89.0163 0)
(2.51297 88.8079 0)
(5.80992 88.5293 0)
(-20.6816 88.5595 0.05)
(-17.086 88.8845 0.05)
(-13.7723 89.0829 0.05)
(-10.5218 89.1888 0.05)
(-7.26704 89.2102 0.05)
(-4.01781 89.1515 0.05)
(-0.760068 89.0163 0.05)
(2.51297 88.8079 0.05)
(5.80992 88.5293 0.05)
(-21.2018 93.4115 0)
(-17.4475 93.7509 0)
(-13.996 93.9576 0)
(-10.6163 94.0676 0)
(-7.23794 94.0899 0)
(-3.87158 94.029 0)
(-0.502983 93.8893 0)
(2.87436 93.6743 0)
(6.26888 93.3874 0)
(-21.2018 93.4115 0.05)
(-17.4475 93.7509 0.05)
(-13.996 93.9576 0.05)
(-10.6163 94.0676 0.05)
(-7.23794 94.0899 0.05)
(-3.87158 94.029 0.05)
(-0.502983 93.8893 0.05)
(2.87436 93.6743 0.05)
(6.26888 93.3874 0.05)
(-21.7507 98.5303 0)
(-17.8289 98.8849 0)
(-14.2319 99.1003 0)
(-10.7161 99.2148 0)
(-7.20724 99.238 0)
(-3.7173 99.1749 0)
(-0.231759 99.0303 0)
(3.25564 98.8083 0)
(6.75309 98.5127 0)
(-21.7507 98.5303 0.05)
(-17.8289 98.8849 0.05)
(-14.2319 99.1003 0.05)
(-10.7161 99.2148 0.05)
(-7.20724 99.238 0.05)
(-3.7173 99.1749 0.05)
(-0.231759 99.0303 0.05)
(3.25564 98.8083 0.05)
(6.75309 98.5127 0.05)
(-18.2313 104.301 0)
(-14.4808 104.526 0)
(-10.8213 104.645 0)
(-7.17485 104.669 0)
(-3.55453 104.604 0)
(0.054382 104.454 0)
(3.65788 104.225 0)
(7.26393 103.92 0)
(-18.2313 104.301 0.05)
(-14.4808 104.526 0.05)
(-10.8213 104.645 0.05)
(-7.17485 104.669 0.05)
(-3.55453 104.604 0.05)
(0.054382 104.454 0.05)
(3.65788 104.225 0.05)
(7.26393 103.92 0.05)
(-18.6558 110.016 0)
(-14.7434 110.25 0)
(-10.9324 110.374 0)
(-7.14068 110.399 0)
(-3.38282 110.331 0)
(0.356261 110.176 0)
(4.08225 109.939 0)
(7.80287 109.625 0)
(-18.6558 110.016 0.05)
(-14.7434 110.25 0.05)
(-10.9324 110.374 0.05)
(-7.14068 110.399 0.05)
(-3.38282 110.331 0.05)
(0.356261 110.176 0.05)
(4.08225 109.939 0.05)
(7.80287 109.625 0.05)
(-19.1036 116.044 0)
(-15.0205 116.289 0)
(-11.0495 116.418 0)
(-7.10464 116.444 0)
(-3.20166 116.374 0)
(0.674743 116.213 0)
(4.52995 115.968 0)
(8.37145 115.643 0)
(-19.1036 116.044 0.05)
(-15.0205 116.289 0.05)
(-11.0495 116.418 0.05)
(-7.10464 116.444 0.05)
(-3.20166 116.374 0.05)
(0.674743 116.213 0.05)
(4.52995 115.968 0.05)
(8.37145 115.643 0.05)
(-19.4311 120.434 0)
(-15.2219 120.669 0)
(-11.1342 120.791 0)
(-7.07856 120.818 0)
(-3.07059 120.745 0)
(0.905159 120.58 0)
(4.85563 120.361 0)
(8.78714 120.049 0)
(-19.4311 120.434 0.05)
(-15.2219 120.669 0.05)
(-11.1342 120.791 0.05)
(-7.07856 120.818 0.05)
(-3.07059 120.745 0.05)
(0.905159 120.58 0.05)
(4.85563 120.361 0.05)
(8.78714 120.049 0.05)
(-19.7913 125.263 0)
(-15.4435 125.487 0)
(-11.2274 125.601 0)
(-7.04987 125.628 0)
(-2.92642 125.554 0)
(1.15862 125.385 0)
(5.21387 125.193 0)
(-19.7913 125.263 0.05)
(-15.4435 125.487 0.05)
(-11.2274 125.601 0.05)
(-7.04987 125.628 0.05)
(-2.92642 125.554 0.05)
(1.15862 125.385 0.05)
(5.21387 125.193 0.05)
(-20.1875 130.575 0)
(-15.6872 130.787 0)
(-11.33 130.892 0)
(-7.01831 130.92 0)
(-2.76783 130.844 0)
(1.43742 130.669 0)
(5.60794 130.509 0)
(-20.1875 130.575 0.05)
(-15.6872 130.787 0.05)
(-11.33 130.892 0.05)
(-7.01831 130.92 0.05)
(-2.76783 130.844 0.05)
(1.43742 130.669 0.05)
(5.60794 130.509 0.05)
(-20.6234 136.418 0)
(-15.9553 136.617 0)
(-11.4428 136.712 0)
(-6.9836 136.742 0)
(-2.59338 136.662 0)
(1.7441 136.482 0)
(6.04141 136.356 0)
(-20.6234 136.418 0.05)
(-15.9553 136.617 0.05)
(-11.4428 136.712 0.05)
(-6.9836 136.742 0.05)
(-2.59338 136.662 0.05)
(1.7441 136.482 0.05)
(6.04141 136.356 0.05)
(-21.1028 142.846 0)
(-16.2502 143.03 0)
(-11.5669 143.114 0)
(-6.94541 143.145 0)
(-2.40148 143.063 0)
(2.08145 142.877 0)
(6.51824 142.788 0)
(-21.1028 142.846 0.05)
(-16.2502 143.03 0.05)
(-11.5669 143.114 0.05)
(-6.94541 143.145 0.05)
(-2.40148 143.063 0.05)
(2.08145 142.877 0.05)
(6.51824 142.788 0.05)
(-21.6302 149.916 0)
(-16.5746 150.084 0)
(-11.7033 150.156 0)
(-6.90341 150.188 0)
(-2.1904 150.103 0)
(2.45254 149.911 0)
(7.04274 149.864 0)
(-21.6302 149.916 0.05)
(-16.5746 150.084 0.05)
(-11.7033 150.156 0.05)
(-6.90341 150.188 0.05)
(-2.1904 150.103 0.05)
(2.45254 149.911 0.05)
(7.04274 149.864 0.05)
(-22.2103 157.693 0)
(-16.9314 157.843 0)
(-11.8535 157.903 0)
(-6.85721 157.936 0)
(-1.95821 157.848 0)
(2.86074 157.648 0)
(7.6197 157.646 0)
(-22.2103 157.693 0.05)
(-16.9314 157.843 0.05)
(-11.8535 157.903 0.05)
(-6.85721 157.936 0.05)
(-1.95821 157.848 0.05)
(2.86074 157.648 0.05)
(7.6197 157.646 0.05)
(-17.324 166.379 0)
(-12.0186 166.424 0)
(-6.80639 166.459 0)
(-1.7028 166.367 0)
(3.30975 166.159 0)
(8.25435 166.207 0)
(-17.324 166.379 0.05)
(-12.0186 166.424 0.05)
(-6.80639 166.459 0.05)
(-1.7028 166.367 0.05)
(3.30975 166.159 0.05)
(8.25435 166.207 0.05)
(-17.7557 175.768 0)
(-12.2003 175.798 0)
(-6.75048 175.834 0)
(-1.42185 175.738 0)
(3.80367 175.521 0)
(8.95246 175.625 0)
(-17.7557 175.768 0.05)
(-12.2003 175.798 0.05)
(-6.75048 175.834 0.05)
(-1.42185 175.738 0.05)
(3.80367 175.521 0.05)
(8.95246 175.625 0.05)
(-18.2307 186.096 0)
(-12.4001 186.108 0)
(-6.68898 186.146 0)
(-1.1128 186.046 0)
(4.34698 185.819 0)
(9.72039 185.983 0)
(-18.2307 186.096 0.05)
(-12.4001 186.108 0.05)
(-6.68898 186.146 0.05)
(-1.1128 186.046 0.05)
(4.34698 185.819 0.05)
(9.72039 185.983 0.05)
(-18.7531 197.457 0)
(-12.6199 197.45 0)
(-6.62134 197.49 0)
(-0.772847 197.384 0)
(4.94462 197.148 0)
(-18.7531 197.457 0.05)
(-12.6199 197.45 0.05)
(-6.62134 197.49 0.05)
(-0.772847 197.384 0.05)
(4.94462 197.148 0.05)
(-19.3278 209.953 0)
(-12.8617 209.926 0)
(-6.54693 209.968 0)
(-0.3989 209.857 0)
(5.60202 209.608 0)
(-19.3278 209.953 0.05)
(-12.8617 209.926 0.05)
(-6.54693 209.968 0.05)
(-0.3989 209.857 0.05)
(5.60202 209.608 0.05)
(-19.96 223.7 0)
(-13.1276 223.65 0)
(-6.46508 223.694 0)
(0.012442 223.577 0)
(6.32516 223.316 0)
(-19.96 223.7 0.05)
(-13.1276 223.65 0.05)
(-6.46508 223.694 0.05)
(0.012442 223.577 0.05)
(6.32516 223.316 0.05)
)


// ************************************************************************* //
