/*--------------------------------*- C++ -*----------------------------------*\
| =========                 |                                                 |
| \\      /  F ield         | OpenFOAM: The Open Source CFD Toolbox           |
|  \\    /   O peration     | Version:  2212                                  |
|   \\  /    A nd           | Website:  www.openfoam.com                      |
|    \\/     M anipulation  |                                                 |
\*---------------------------------------------------------------------------*/
FoamFile
{
    version     2.0;
    format      ascii;
    arch        "LSB;label=32;scalar=64";
    note        "nPoints:2884  nCells:1340  nFaces:5461  nInternalFaces:2579";
    class       labelList;
    location    "constant/polyMesh";
    object      neighbour;
}
// * * * * * * * * * * * * * * * * * * * * * * * * * * * * * * * * * * * * * //


2579
(
1
4
2
5
3
6
418
7
5
8
6
9
7
10
419
11
9
12
10
13
11
14
420
15
13
16
14
17
15
18
421
19
17
20
18
21
19
22
422
23
21
24
22
25
23
26
423
27
25
28
26
29
27
30
424
31
29
32
30
33
31
34
425
35
33
36
34
37
35
38
426
39
37
40
38
41
39
42
427
43
41
44
42
45
43
46
428
47
45
48
46
49
47
50
429
51
49
52
50
53
51
54
430
55
53
56
54
57
55
58
431
59
57
60
58
61
59
62
432
63
61
64
62
65
63
66
433
67
65
68
66
69
67
70
434
71
69
72
70
73
71
74
435
75
73
76
74
77
75
78
436
79
77
80
78
81
79
82
437
83
81
84
82
85
83
86
438
87
85
88
86
89
87
90
439
91
89
92
90
93
91
94
440
95
93
96
94
97
95
98
441
99
97
100
98
101
99
102
442
103
101
104
102
105
103
106
443
107
105
108
106
109
107
110
444
111
109
112
110
113
111
114
445
115
113
116
114
117
115
118
446
119
117
120
118
121
119
122
447
123
121
124
122
125
123
126
448
127
125
128
126
129
127
130
449
131
129
132
130
133
131
134
450
135
133
136
134
137
135
138
451
139
137
140
138
141
139
142
452
143
141
144
142
145
143
146
453
147
145
148
146
149
147
150
454
151
149
153
150
154
151
155
455
156
153
157
154
158
155
159
156
160
456
161
158
162
159
163
160
164
161
165
457
166
163
167
164
168
165
169
166
170
458
171
168
172
169
173
170
174
171
175
459
176
173
177
174
178
175
179
176
180
460
181
178
182
179
183
180
184
181
185
461
186
183
187
184
188
185
189
186
190
462
191
188
192
189
193
190
194
191
195
463
196
193
197
194
198
195
199
196
200
464
201
198
202
199
203
200
204
201
205
465
206
203
207
204
208
205
209
206
210
466
211
208
212
209
213
210
214
211
215
467
216
213
217
214
218
215
219
216
220
468
221
218
223
219
224
220
225
221
226
469
227
223
228
224
229
225
230
226
231
227
232
470
233
229
234
230
235
231
236
232
237
233
238
471
239
235
240
236
241
237
242
238
243
239
244
472
245
241
246
242
247
243
248
244
249
245
250
473
251
247
252
248
253
249
254
250
255
251
256
474
257
253
258
254
259
255
260
256
261
257
262
475
263
259
264
260
265
261
266
262
267
263
268
476
269
265
270
266
271
267
272
268
273
269
274
477
275
271
277
272
278
273
279
274
280
275
281
478
282
277
283
278
284
279
285
280
286
281
287
282
288
479
289
284
290
285
291
286
292
287
293
288
294
289
295
480
296
291
297
292
298
293
299
294
300
295
301
296
302
481
303
298
304
299
305
300
306
301
307
302
308
303
309
482
310
305
311
306
312
307
313
308
314
309
315
310
316
483
317
312
318
313
319
314
320
315
321
316
322
317
323
484
324
319
325
320
326
321
327
322
328
323
329
324
330
485
331
326
332
327
333
328
334
329
335
330
336
331
337
486
338
333
339
334
340
335
341
336
342
337
343
338
344
487
345
340
347
341
348
342
349
343
350
344
351
345
352
488
353
347
354
348
355
349
356
350
357
351
358
352
359
353
360
489
361
355
362
356
363
357
364
358
365
359
366
360
367
361
368
490
369
363
370
364
371
365
372
366
373
367
374
368
375
369
376
491
377
371
378
372
379
373
380
374
381
375
382
376
383
377
384
492
385
379
386
380
387
381
388
382
389
383
390
384
391
385
392
493
393
387
394
388
395
389
396
390
397
391
398
392
399
393
400
494
401
395
402
396
403
397
404
398
405
399
406
400
407
401
408
495
409
403
410
404
411
405
412
406
413
407
414
408
415
409
416
496
417
411
412
413
414
415
416
417
497
419
498
420
499
421
500
422
501
423
502
424
503
425
504
426
505
427
506
428
507
429
508
430
509
431
510
432
511
433
512
434
513
435
514
436
515
437
516
438
517
439
518
440
519
441
520
442
521
443
522
444
523
445
524
446
525
447
526
448
527
449
528
450
529
451
530
452
531
453
532
454
533
455
534
456
535
457
536
458
537
459
538
460
539
461
540
462
541
463
542
464
543
465
544
466
545
467
546
468
547
469
548
470
549
471
550
472
551
473
552
474
553
475
554
476
555
477
556
478
557
479
558
480
559
481
560
482
561
483
562
484
563
485
564
486
565
487
566
488
567
489
568
490
569
491
570
492
571
493
572
494
573
495
574
496
575
497
576
577
499
578
500
579
501
580
502
581
503
582
504
583
505
584
506
585
507
586
508
587
509
588
510
589
511
590
512
591
513
592
514
593
515
594
516
595
517
596
518
597
519
598
520
599
521
600
522
601
523
602
524
603
525
604
526
605
527
606
528
607
529
608
530
609
531
610
532
611
533
612
534
613
535
614
536
615
537
616
538
617
539
618
540
619
541
620
542
621
543
622
544
623
545
624
546
625
547
626
548
627
549
628
550
629
551
630
552
631
553
632
554
633
555
634
556
635
557
636
558
637
559
638
560
639
561
640
562
641
563
642
564
643
565
644
566
645
567
646
568
647
569
648
570
649
571
650
572
651
573
652
574
653
575
654
576
655
577
656
657
579
658
580
659
581
660
582
661
583
662
584
663
585
664
586
665
587
666
588
667
589
668
590
669
591
670
592
671
593
672
594
673
595
674
596
675
597
676
598
677
599
678
600
679
601
680
602
681
603
682
604
683
605
684
606
685
607
686
608
687
609
688
610
689
611
690
612
691
613
692
614
693
615
694
616
695
617
696
618
697
619
698
620
699
621
700
622
701
623
702
624
703
625
704
626
705
627
706
628
707
629
708
630
709
631
710
632
711
633
712
634
713
635
714
636
715
637
716
638
717
639
718
640
719
641
720
642
721
643
722
644
723
645
724
646
725
647
726
648
727
649
728
650
729
651
730
652
731
653
732
654
733
655
734
656
735
657
736
737
659
738
660
739
661
740
662
741
663
742
664
743
665
744
666
745
667
746
668
747
669
748
670
749
671
750
672
751
673
752
674
753
675
754
676
755
677
756
678
757
679
758
680
759
681
760
682
761
683
762
684
763
685
764
686
765
687
766
688
767
689
768
690
769
691
770
692
771
693
772
694
773
695
774
696
775
697
776
698
777
699
778
700
779
701
780
702
781
703
782
704
783
705
784
706
785
707
786
708
787
709
788
710
789
711
790
712
791
713
792
714
793
715
794
716
795
717
796
718
797
719
798
720
799
721
800
722
801
723
802
724
803
725
804
726
805
727
806
728
807
729
808
730
809
731
810
732
811
733
812
734
813
735
814
736
815
737
816
817
739
818
740
819
741
820
742
821
743
822
744
823
745
824
746
825
747
826
748
827
749
828
750
829
751
830
752
831
753
832
754
833
755
834
756
835
757
836
758
837
759
838
760
839
761
840
762
841
763
842
764
843
765
844
766
845
767
846
768
847
769
848
770
849
771
850
772
851
773
852
774
853
775
854
776
855
777
856
778
857
779
858
780
859
781
860
782
861
783
862
784
863
785
864
786
865
787
866
788
867
789
868
790
869
791
870
792
871
793
872
794
873
795
874
796
875
797
876
798
877
799
878
800
879
801
880
802
881
803
882
804
883
805
884
806
885
807
886
808
887
809
888
810
889
811
890
812
891
813
892
814
893
815
894
816
895
817
819
896
820
897
821
898
822
899
823
900
824
901
825
902
826
903
827
904
828
905
829
906
830
907
831
908
832
909
833
910
834
911
835
912
836
913
837
914
838
915
839
916
840
917
841
918
842
919
843
920
844
921
845
922
846
923
847
924
848
925
849
926
850
927
851
928
852
929
853
930
854
931
855
932
856
933
857
934
858
935
859
936
860
937
861
938
862
939
863
940
864
941
865
942
866
943
867
944
868
945
869
946
870
947
871
948
872
949
873
950
874
951
875
952
876
953
877
954
878
955
879
956
880
957
881
958
882
959
883
960
884
961
885
962
886
963
887
964
888
965
889
966
890
967
891
968
892
969
893
970
894
971
895
897
972
898
973
899
974
900
975
901
976
902
977
903
978
904
979
905
980
906
981
907
982
908
983
909
984
910
985
911
986
912
987
913
988
914
989
915
990
916
991
917
992
918
993
919
994
920
995
921
996
922
997
923
998
924
999
925
1000
926
1001
927
1002
928
1003
929
1004
930
1005
931
1006
932
1007
933
1008
934
1009
935
1010
936
1011
937
1012
938
1013
939
1014
940
1015
941
1016
942
1017
943
1018
944
1019
945
1020
946
1021
947
1022
948
1023
949
1024
950
1025
951
1026
952
1027
953
1028
954
1029
955
1030
956
1031
957
1032
958
1033
959
1034
960
1035
961
1036
962
1037
963
1038
964
1039
965
1040
966
1041
967
1042
968
1043
969
1044
970
1045
971
973
1046
974
1047
975
1048
976
1049
977
1050
978
1051
979
1052
980
1053
981
1054
982
1055
983
1056
984
1057
985
1058
986
1059
987
1060
988
1061
989
1062
990
1063
991
1064
992
1065
993
1066
994
1067
995
1068
996
1069
997
1070
998
1071
999
1072
1000
1073
1001
1074
1002
1075
1003
1076
1004
1077
1005
1078
1006
1079
1007
1080
1008
1081
1009
1082
1010
1083
1011
1084
1012
1085
1013
1086
1014
1087
1015
1088
1016
1089
1017
1090
1018
1091
1019
1092
1020
1093
1021
1094
1022
1095
1023
1096
1024
1097
1025
1098
1026
1099
1027
1100
1028
1101
1029
1102
1030
1103
1031
1104
1032
1105
1033
1106
1034
1107
1035
1108
1036
1109
1037
1110
1038
1111
1039
1112
1040
1113
1041
1114
1042
1115
1043
1116
1044
1045
1047
1117
1048
1118
1049
1119
1050
1120
1051
1121
1052
1122
1053
1123
1054
1124
1055
1125
1056
1126
1057
1127
1058
1128
1059
1129
1060
1130
1061
1131
1062
1132
1063
1133
1064
1134
1065
1135
1066
1136
1067
1137
1068
1138
1069
1139
1070
1140
1071
1141
1072
1142
1073
1143
1074
1144
1075
1145
1076
1146
1077
1147
1078
1148
1079
1149
1080
1150
1081
1151
1082
1152
1083
1153
1084
1154
1085
1155
1086
1156
1087
1157
1088
1158
1089
1159
1090
1160
1091
1161
1092
1162
1093
1163
1094
1164
1095
1165
1096
1166
1097
1167
1098
1168
1099
1169
1100
1170
1101
1171
1102
1172
1103
1173
1104
1174
1105
1175
1106
1176
1107
1177
1108
1178
1109
1179
1110
1180
1111
1181
1112
1182
1113
1114
1115
1116
1118
1183
1119
1184
1120
1185
1121
1186
1122
1187
1123
1188
1124
1189
1125
1190
1126
1191
1127
1192
1128
1193
1129
1194
1130
1195
1131
1196
1132
1197
1133
1198
1134
1199
1135
1200
1136
1201
1137
1202
1138
1203
1139
1204
1140
1205
1141
1206
1142
1207
1143
1208
1144
1209
1145
1210
1146
1211
1147
1212
1148
1213
1149
1214
1150
1215
1151
1216
1152
1217
1153
1218
1154
1219
1155
1220
1156
1221
1157
1222
1158
1223
1159
1224
1160
1225
1161
1226
1162
1227
1163
1228
1164
1229
1165
1230
1166
1231
1167
1232
1168
1233
1169
1234
1170
1235
1171
1236
1172
1237
1173
1238
1174
1239
1175
1240
1176
1241
1177
1242
1178
1243
1179
1180
1181
1182
1184
1244
1185
1245
1186
1246
1187
1247
1188
1248
1189
1249
1190
1250
1191
1251
1192
1252
1193
1253
1194
1254
1195
1255
1196
1256
1197
1257
1198
1258
1199
1259
1200
1260
1201
1261
1202
1262
1203
1263
1204
1264
1205
1265
1206
1266
1207
1267
1208
1268
1209
1269
1210
1270
1211
1271
1212
1272
1213
1273
1214
1274
1215
1275
1216
1276
1217
1277
1218
1278
1219
1279
1220
1280
1221
1281
1222
1282
1223
1283
1224
1284
1225
1285
1226
1286
1227
1287
1228
1288
1229
1289
1230
1290
1231
1291
1232
1292
1233
1293
1234
1294
1235
1295
1236
1296
1237
1297
1238
1239
1240
1241
1242
1243
1245
1298
1246
1299
1247
1300
1248
1301
1249
1302
1250
1303
1251
1304
1252
1305
1253
1306
1254
1307
1255
1308
1256
1309
1257
1310
1258
1311
1259
1312
1260
1313
1261
1314
1262
1315
1263
1316
1264
1317
1265
1318
1266
1319
1267
1320
1268
1321
1269
1322
1270
1323
1271
1324
1272
1325
1273
1326
1274
1327
1275
1328
1276
1329
1277
1330
1278
1331
1279
1332
1280
1333
1281
1334
1282
1335
1283
1336
1284
1337
1285
1338
1286
1339
1287
1288
1289
1290
1291
1292
1293
1294
1295
1296
1297
1299
1300
1301
1302
1303
1304
1305
1306
1307
1308
1309
1310
1311
1312
1313
1314
1315
1316
1317
1318
1319
1320
1321
1322
1323
1324
1325
1326
1327
1328
1329
1330
1331
1332
1333
1334
1335
1336
1337
1338
1339
)


// ************************************************************************* //
