/*--------------------------------*- C++ -*----------------------------------*\
| =========                 |                                                 |
| \\      /  F ield         | OpenFOAM: The Open Source CFD Toolbox           |
|  \\    /   O peration     | Version:  2212                                  |
|   \\  /    A nd           | Website:  www.openfoam.com                      |
|    \\/     M anipulation  |                                                 |
\*---------------------------------------------------------------------------*/
FoamFile
{
    version     2.0;
    format      ascii;
    arch        "LSB;label=32;scalar=64";
    class       vectorField;
    location    "constant/polyMesh";
    object      points;
}
// * * * * * * * * * * * * * * * * * * * * * * * * * * * * * * * * * * * * * //


2884
(
(17.5 -5.0487e-06 0)
(5.89814 -1.78898 0)
(8.40781 -1.46986 0)
(11.1628 -1.07688 0)
(14.1859 -0.596043 0)
(17.5 -5.0487e-06 0.05)
(5.89814 -1.78898 0.05)
(8.40781 -1.46986 0.05)
(11.1628 -1.07688 0.05)
(14.1859 -0.596043 0.05)
(5.9191 -1.96423 0)
(8.4314 -1.64477 0)
(11.1891 -1.25141 0)
(14.2154 -0.770064 0)
(17.5312 -0.173719 0)
(5.9191 -1.96423 0.05)
(8.4314 -1.64477 0.05)
(11.1891 -1.25141 0.05)
(14.2154 -0.770064 0.05)
(17.5312 -0.173719 0.05)
(5.94121 -2.14912 0)
(8.45629 -1.82931 0)
(11.2169 -1.43553 0)
(14.2465 -0.953656 0)
(17.5642 -0.356987 0)
(5.94121 -2.14912 0.05)
(8.45629 -1.82931 0.05)
(11.2169 -1.43553 0.05)
(14.2465 -0.953656 0.05)
(17.5642 -0.356987 0.05)
(5.96454 -2.34418 0)
(8.48256 -2.024 0)
(11.2462 -1.62979 0)
(14.2793 -1.14735 0)
(17.599 -0.550336 0)
(5.96454 -2.34418 0.05)
(8.48256 -2.024 0.05)
(11.2462 -1.62979 0.05)
(14.2793 -1.14735 0.05)
(17.599 -0.550336 0.05)
(5.98916 -2.54997 0)
(8.51026 -2.22939 0)
(11.2771 -1.83472 0)
(14.314 -1.35169 0)
(17.6357 -0.754318 0)
(5.98916 -2.54997 0.05)
(8.51026 -2.22939 0.05)
(11.2771 -1.83472 0.05)
(14.314 -1.35169 0.05)
(17.6357 -0.754318 0.05)
(6.01512 -2.76708 0)
(8.53949 -2.44608 0)
(11.3097 -2.05093 0)
(14.3505 -1.56727 0)
(17.6744 -0.969519 0)
(6.01512 -2.76708 0.05)
(8.53949 -2.44608 0.05)
(11.3097 -2.05093 0.05)
(14.3505 -1.56727 0.05)
(17.6744 -0.969519 0.05)
(6.04252 -2.99612 0)
(8.57033 -2.67469 0)
(11.3441 -2.27903 0)
(14.389 -1.79471 0)
(17.7152 -1.19656 0)
(6.04252 -2.99612 0.05)
(8.57033 -2.67469 0.05)
(11.3441 -2.27903 0.05)
(14.389 -1.79471 0.05)
(17.7152 -1.19656 0.05)
(6.07142 -3.23777 0)
(8.60286 -2.91588 0)
(11.3804 -2.51968 0)
(14.4297 -2.03466 0)
(17.7583 -1.43608 0)
(6.07142 -3.23777 0.05)
(8.60286 -2.91588 0.05)
(11.3804 -2.51968 0.05)
(14.4297 -2.03466 0.05)
(17.7583 -1.43608 0.05)
(6.10191 -3.4927 0)
(8.63719 -3.17032 0)
(11.4187 -2.77356 0)
(14.4726 -2.2878 0)
(17.8037 -1.68878 0)
(6.10191 -3.4927 0.05)
(8.63719 -3.17032 0.05)
(11.4187 -2.77356 0.05)
(14.4726 -2.2878 0.05)
(17.8037 -1.68878 0.05)
(6.13408 -3.76166 0)
(8.6734 -3.43877 0)
(11.4591 -3.0414 0)
(14.5178 -2.55487 0)
(17.8517 -1.95538 0)
(6.13408 -3.76166 0.05)
(8.6734 -3.43877 0.05)
(11.4591 -3.0414 0.05)
(14.5178 -2.55487 0.05)
(17.8517 -1.95538 0.05)
(6.16802 -4.04541 0)
(8.7116 -3.72197 0)
(11.5017 -3.32398 0)
(14.5656 -2.83662 0)
(17.9023 -2.23663 0)
(6.16802 -4.04541 0.05)
(8.7116 -3.72197 0.05)
(11.5017 -3.32398 0.05)
(14.5656 -2.83662 0.05)
(17.9023 -2.23663 0.05)
(6.20382 -4.34477 0)
(8.7519 -4.02076 0)
(11.5467 -3.6221 0)
(14.6159 -3.13388 0)
(17.9556 -2.53336 0)
(6.20382 -4.34477 0.05)
(8.7519 -4.02076 0.05)
(11.5467 -3.6221 0.05)
(14.6159 -3.13388 0.05)
(17.9556 -2.53336 0.05)
(6.24159 -4.66059 0)
(8.79442 -4.33597 0)
(11.5941 -3.93661 0)
(14.6691 -3.44748 0)
(18.0119 -2.84641 0)
(6.24159 -4.66059 0.05)
(8.79442 -4.33597 0.05)
(11.5941 -3.93661 0.05)
(14.6691 -3.44748 0.05)
(18.0119 -2.84641 0.05)
(6.28144 -4.99378 0)
(8.83928 -4.66853 0)
(11.6442 -4.26842 0)
(14.7251 -3.77833 0)
(18.0713 -3.17668 0)
(6.28144 -4.99378 0.05)
(8.83928 -4.66853 0.05)
(11.6442 -4.26842 0.05)
(14.7251 -3.77833 0.05)
(18.0713 -3.17668 0.05)
(6.32348 -5.34529 0)
(8.88661 -5.01937 0)
(11.697 -4.61848 0)
(14.7843 -4.12738 0)
(18.134 -3.52511 0)
(6.32348 -5.34529 0.05)
(8.88661 -5.01937 0.05)
(11.697 -4.61848 0.05)
(14.7843 -4.12738 0.05)
(18.134 -3.52511 0.05)
(6.36784 -5.71614 0)
(8.93654 -5.38951 0)
(11.7527 -4.9878 0)
(14.8467 -4.49562 0)
(18.2001 -3.8927 0)
(6.36784 -5.71614 0.05)
(8.93654 -5.38951 0.05)
(11.7527 -4.9878 0.05)
(14.8467 -4.49562 0.05)
(18.2001 -3.8927 0.05)
(6.41463 -6.10739 0)
(8.98921 -5.78001 0)
(11.8115 -5.37742 0)
(14.9125 -4.88412 0)
(18.2699 -4.28052 0)
(6.41463 -6.10739 0.05)
(8.98921 -5.78001 0.05)
(11.8115 -5.37742 0.05)
(14.9125 -4.88412 0.05)
(18.2699 -4.28052 0.05)
(6.464 -6.52016 0)
(9.04478 -6.19198 0)
(11.8735 -5.78848 0)
(14.9819 -5.29398 0)
(18.3434 -4.68966 0)
(6.464 -6.52016 0.05)
(9.04478 -6.19198 0.05)
(11.8735 -5.78848 0.05)
(14.9819 -5.29398 0.05)
(18.3434 -4.68966 0.05)
(6.51608 -6.95562 0)
(9.10341 -6.62662 0)
(11.9389 -6.22214 0)
(15.0552 -5.72639 0)
(18.4211 -5.1213 0)
(6.51608 -6.95562 0.05)
(9.10341 -6.62662 0.05)
(11.9389 -6.22214 0.05)
(15.0552 -5.72639 0.05)
(18.4211 -5.1213 0.05)
(6.57103 -7.41504 0)
(9.16526 -7.08516 0)
(12.0079 -6.67966 0)
(15.1325 -6.18258 0)
(18.503 -5.57669 0)
(6.57103 -7.41504 0.05)
(9.16526 -7.08516 0.05)
(12.0079 -6.67966 0.05)
(15.1325 -6.18258 0.05)
(18.503 -5.57669 0.05)
(6.629 -7.89972 0)
(9.23052 -7.56892 0)
(12.0807 -7.16234 0)
(15.214 -6.66386 0)
(18.5894 -6.05712 0)
(6.629 -7.89972 0.05)
(9.23052 -7.56892 0.05)
(12.0807 -7.16234 0.05)
(15.214 -6.66386 0.05)
(18.5894 -6.05712 0.05)
(6.69016 -8.41107 0)
(9.29936 -8.07928 0)
(12.1575 -7.67157 0)
(15.3001 -7.17161 0)
(18.6805 -6.56397 0)
(6.69016 -8.41107 0.05)
(9.29936 -8.07928 0.05)
(12.1575 -7.67157 0.05)
(15.3001 -7.17161 0.05)
(18.6805 -6.56397 0.05)
(6.75468 -8.95053 0)
(9.37199 -8.61772 0)
(12.2385 -8.2088 0)
(15.3908 -7.70729 0)
(18.7767 -7.09871 0)
(6.75468 -8.95053 0.05)
(9.37199 -8.61772 0.05)
(12.2385 -8.2088 0.05)
(15.3908 -7.70729 0.05)
(18.7767 -7.09871 0.05)
(6.82275 -9.51967 0)
(9.44862 -9.18577 0)
(12.324 -8.77558 0)
(15.4866 -8.27243 0)
(18.8782 -7.66285 0)
(6.82275 -9.51967 0.05)
(9.44862 -9.18577 0.05)
(12.324 -8.77558 0.05)
(15.4866 -8.27243 0.05)
(18.8782 -7.66285 0.05)
(6.89456 -10.1201 0)
(9.52946 -9.78506 0)
(12.4142 -9.37354 0)
(15.5876 -8.86865 0)
(18.9852 -8.25802 0)
(6.89456 -10.1201 0.05)
(9.52946 -9.78506 0.05)
(12.4142 -9.37354 0.05)
(15.5876 -8.86865 0.05)
(18.9852 -8.25802 0.05)
(6.97033 -10.7536 0)
(9.61474 -10.4173 0)
(12.5094 -10.0044 0)
(15.6942 -9.49766 0)
(19.0981 -8.88592 0)
(6.97033 -10.7536 0.05)
(9.61474 -10.4173 0.05)
(12.5094 -10.0044 0.05)
(15.6942 -9.49766 0.05)
(19.0981 -8.88592 0.05)
(7.05026 -11.4219 0)
(9.70472 -11.0843 0)
(12.6098 -10.6699 0)
(15.8066 -10.1613 0)
(19.2173 -9.54836 0)
(7.05026 -11.4219 0.05)
(9.70472 -11.0843 0.05)
(12.6098 -10.6699 0.05)
(15.8066 -10.1613 0.05)
(19.2173 -9.54836 0.05)
(7.13459 -12.1269 0)
(9.79964 -11.788 0)
(12.7157 -11.3721 0)
(15.9252 -10.8614 0)
(19.343 -10.2472 0)
(7.13459 -12.1269 0.05)
(9.79964 -11.788 0.05)
(12.7157 -11.3721 0.05)
(15.9252 -10.8614 0.05)
(19.343 -10.2472 0.05)
(7.22355 -12.8708 0)
(9.89979 -12.5305 0)
(12.8274 -12.1128 0)
(16.0504 -11.6 0)
(19.4756 -10.9845 0)
(7.22355 -12.8708 0.05)
(9.89979 -12.5305 0.05)
(12.8274 -12.1128 0.05)
(16.0504 -11.6 0.05)
(19.4756 -10.9845 0.05)
(7.31741 -13.6555 0)
(10.0054 -13.3137 0)
(12.9453 -12.8943 0)
(16.1824 -12.3792 0)
(19.6155 -11.7624 0)
(7.31741 -13.6555 0.05)
(10.0054 -13.3137 0.05)
(12.9453 -12.8943 0.05)
(16.1824 -12.3792 0.05)
(19.6155 -11.7624 0.05)
(7.41643 -14.4834 0)
(10.1169 -14.14 0)
(13.0696 -13.7188 0)
(16.3217 -13.2013 0)
(19.7631 -12.5831 0)
(7.41643 -14.4834 0.05)
(10.1169 -14.14 0.05)
(13.0696 -13.7188 0.05)
(16.3217 -13.2013 0.05)
(19.7631 -12.5831 0.05)
(7.5209 -15.3569 0)
(10.2345 -15.0118 0)
(13.2008 -14.5886 0)
(16.4686 -14.0686 0)
(19.9188 -13.4488 0)
(7.5209 -15.3569 0.05)
(10.2345 -15.0118 0.05)
(13.2008 -14.5886 0.05)
(16.4686 -14.0686 0.05)
(19.9188 -13.4488 0.05)
(7.63111 -16.2784 0)
(10.3586 -15.9315 0)
(13.3393 -15.5063 0)
(16.6237 -14.9837 0)
(20.0831 -14.3622 0)
(7.63111 -16.2784 0.05)
(10.3586 -15.9315 0.05)
(13.3393 -15.5063 0.05)
(16.6237 -14.9837 0.05)
(20.0831 -14.3622 0.05)
(7.74738 -17.2505 0)
(10.4895 -16.9019 0)
(13.4853 -16.4745 0)
(16.7872 -15.949 0)
(20.2564 -15.3259 0)
(7.74738 -17.2505 0.05)
(10.4895 -16.9019 0.05)
(13.4853 -16.4745 0.05)
(16.7872 -15.949 0.05)
(20.2564 -15.3259 0.05)
(7.87005 -18.2762 0)
(10.6275 -17.9255 0)
(13.6394 -17.4959 0)
(16.9598 -16.9674 0)
(20.4392 -16.3425 0)
(7.87005 -18.2762 0.05)
(10.6275 -17.9255 0.05)
(13.6394 -17.4959 0.05)
(16.9598 -16.9674 0.05)
(20.4392 -16.3425 0.05)
(7.99947 -19.3582 0)
(10.7732 -19.0055 0)
(13.8019 -18.5734 0)
(17.1418 -18.0419 0)
(20.6321 -17.4151 0)
(7.99947 -19.3582 0.05)
(10.7732 -19.0055 0.05)
(13.8019 -18.5734 0.05)
(17.1418 -18.0419 0.05)
(20.6321 -17.4151 0.05)
(8.136 -20.4998 0)
(10.9269 -20.1449 0)
(13.9734 -19.7103 0)
(17.3339 -19.1754 0)
(20.8356 -18.5466 0)
(8.136 -20.4998 0.05)
(10.9269 -20.1449 0.05)
(13.9734 -19.7103 0.05)
(17.3339 -19.1754 0.05)
(20.8356 -18.5466 0.05)
(8.28004 -21.7041 0)
(11.0891 -21.3469 0)
(14.1543 -20.9096 0)
(17.5365 -20.3713 0)
(21.0503 -19.7404 0)
(8.28004 -21.7041 0.05)
(11.0891 -21.3469 0.05)
(14.1543 -20.9096 0.05)
(17.5365 -20.3713 0.05)
(21.0503 -19.7404 0.05)
(5.8255 -23.2668 0)
(8.43201 -22.9747 0)
(11.2601 -22.6151 0)
(14.3451 -22.175 0)
(17.7503 -21.633 0)
(21.2768 -20.9998 0)
(5.8255 -23.2668 0.05)
(8.43201 -22.9747 0.05)
(11.2601 -22.6151 0.05)
(14.3451 -22.175 0.05)
(17.7503 -21.633 0.05)
(21.2768 -20.9998 0.05)
(5.96552 -24.6095 0)
(8.59233 -24.3152 0)
(11.4406 -23.953 0)
(14.5465 -23.5099 0)
(17.9758 -22.964 0)
(21.5158 -22.3285 0)
(5.96552 -24.6095 0.05)
(8.59233 -24.3152 0.05)
(11.4406 -23.953 0.05)
(14.5465 -23.5099 0.05)
(17.9758 -22.964 0.05)
(21.5158 -22.3285 0.05)
(6.11324 -26.0261 0)
(8.76147 -25.7294 0)
(11.631 -25.3645 0)
(14.7589 -24.9182 0)
(18.2137 -24.3683 0)
(21.7679 -23.7303 0)
(6.11324 -26.0261 0.05)
(8.76147 -25.7294 0.05)
(11.631 -25.3645 0.05)
(14.7589 -24.9182 0.05)
(18.2137 -24.3683 0.05)
(21.7679 -23.7303 0.05)
(6.26908 -27.5206 0)
(8.93992 -27.2214 0)
(11.8319 -26.8536 0)
(14.983 -26.404 0)
(18.4648 -25.8498 0)
(22.0339 -25.2092 0)
(6.26908 -27.5206 0.05)
(8.93992 -27.2214 0.05)
(11.8319 -26.8536 0.05)
(14.983 -26.404 0.05)
(18.4648 -25.8498 0.05)
(22.0339 -25.2092 0.05)
(6.4335 -29.0973 0)
(9.12818 -28.7954 0)
(12.0438 -28.4246 0)
(15.2195 -27.9715 0)
(18.7296 -27.4127 0)
(22.3145 -26.7694 0)
(6.4335 -29.0973 0.05)
(9.12818 -28.7954 0.05)
(12.0438 -28.4246 0.05)
(15.2195 -27.9715 0.05)
(18.7296 -27.4127 0.05)
(22.3145 -26.7694 0.05)
(6.60696 -30.7607 0)
(9.32679 -30.456 0)
(12.2673 -30.082 0)
(15.4689 -29.6253 0)
(19.009 -29.0617 0)
(22.6105 -28.4154 0)
(6.60696 -30.7607 0.05)
(9.32679 -30.456 0.05)
(12.2673 -30.082 0.05)
(15.4689 -29.6253 0.05)
(19.009 -29.0617 0.05)
(22.6105 -28.4154 0.05)
(6.78995 -32.5156 0)
(9.53633 -32.2079 0)
(12.5032 -31.8306 0)
(15.7321 -31.37 0)
(19.3037 -30.8013 0)
(22.9229 -30.152 0)
(6.78995 -32.5156 0.05)
(9.53633 -32.2079 0.05)
(12.5032 -31.8306 0.05)
(15.7321 -31.37 0.05)
(19.3037 -30.8013 0.05)
(22.9229 -30.152 0.05)
(6.98302 -34.3671 0)
(9.75739 -34.0562 0)
(12.7521 -33.6754 0)
(16.0097 -33.2106 0)
(19.6147 -32.6366 0)
(23.2524 -31.9841 0)
(6.98302 -34.3671 0.05)
(9.75739 -34.0562 0.05)
(12.7521 -33.6754 0.05)
(16.0097 -33.2106 0.05)
(19.6147 -32.6366 0.05)
(23.2524 -31.9841 0.05)
(7.1867 -36.3203 0)
(9.9906 -36.0062 0)
(13.0146 -35.6216 0)
(16.3026 -35.1525 0)
(19.9427 -34.5728 0)
(23.6 -33.9169 0)
(7.1867 -36.3203 0.05)
(9.9906 -36.0062 0.05)
(13.0146 -35.6216 0.05)
(16.3026 -35.1525 0.05)
(19.9427 -34.5728 0.05)
(23.6 -33.9169 0.05)
(7.40158 -38.381 0)
(10.2367 -38.0634 0)
(13.2916 -37.6749 0)
(16.6117 -37.2012 0)
(20.2889 -36.6156 0)
(23.9667 -35.956 0)
(7.40158 -38.381 0.05)
(10.2367 -38.0634 0.05)
(13.2916 -37.6749 0.05)
(16.6117 -37.2012 0.05)
(20.2889 -36.6156 0.05)
(23.9667 -35.956 0.05)
(7.62828 -40.555 0)
(10.4962 -40.2337 0)
(13.5838 -39.8411 0)
(16.9377 -39.3625 0)
(20.654 -38.7707 0)
(24.3536 -38.1073 0)
(7.62828 -40.555 0.05)
(10.4962 -40.2337 0.05)
(13.5838 -39.8411 0.05)
(16.9377 -39.3625 0.05)
(20.654 -38.7707 0.05)
(24.3536 -38.1073 0.05)
(7.86745 -42.8486 0)
(10.7701 -42.5234 0)
(13.892 -42.1264 0)
(17.2816 -41.6428 0)
(21.0392 -41.0443 0)
(24.7618 -40.3769 0)
(7.86745 -42.8486 0.05)
(10.7701 -42.5234 0.05)
(13.892 -42.1264 0.05)
(17.2816 -41.6428 0.05)
(21.0392 -41.0443 0.05)
(24.7618 -40.3769 0.05)
(8.11978 -45.2683 0)
(11.059 -44.9391 0)
(14.2173 -44.5374 0)
(17.6445 -44.0484 0)
(21.4456 -43.443 0)
(25.1925 -42.7714 0)
(8.11978 -45.2683 0.05)
(11.059 -44.9391 0.05)
(14.2173 -44.5374 0.05)
(17.6445 -44.0484 0.05)
(21.4456 -43.443 0.05)
(25.1925 -42.7714 0.05)
(8.38598 -47.8212 0)
(11.3638 -47.4876 0)
(14.5604 -47.081 0)
(18.0273 -46.5864 0)
(21.8744 -45.9736 0)
(25.6468 -45.2975 0)
(8.38598 -47.8212 0.05)
(11.3638 -47.4876 0.05)
(14.5604 -47.081 0.05)
(18.0273 -46.5864 0.05)
(21.8744 -45.9736 0.05)
(25.6468 -45.2975 0.05)
(5.81766 -50.7892 0)
(8.66683 -50.5144 0)
(11.6854 -50.1762 0)
(14.9224 -49.7646 0)
(18.4312 -49.2639 0)
(22.3268 -48.6434 0)
(26.1261 -47.9626 0)
(5.81766 -50.7892 0.05)
(8.66683 -50.5144 0.05)
(11.6854 -50.1762 0.05)
(14.9224 -49.7646 0.05)
(18.4312 -49.2639 0.05)
(22.3268 -48.6434 0.05)
(26.1261 -47.9626 0.05)
(6.06893 -53.6349 0)
(8.96312 -53.3558 0)
(12.0246 -53.0128 0)
(15.3043 -52.5957 0)
(18.8572 -52.0887 0)
(22.804 -51.46 0)
(26.6318 -50.7742 0)
(6.06893 -53.6349 0.05)
(8.96312 -53.3558 0.05)
(12.0246 -53.0128 0.05)
(15.3043 -52.5957 0.05)
(18.8572 -52.0887 0.05)
(22.804 -51.46 0.05)
(26.6318 -50.7742 0.05)
(6.33401 -56.6371 0)
(9.2757 -56.3534 0)
(12.3826 -56.0053 0)
(15.7071 -55.5825 0)
(19.3068 -55.0689 0)
(23.3075 -54.4315 0)
(27.1653 -53.7405 0)
(6.33401 -56.6371 0.05)
(9.2757 -56.3534 0.05)
(12.3826 -56.0053 0.05)
(15.7071 -55.5825 0.05)
(19.3068 -55.0689 0.05)
(23.3075 -54.4315 0.05)
(27.1653 -53.7405 0.05)
(6.61368 -59.8044 0)
(9.60548 -59.5159 0)
(12.7602 -59.1625 0)
(16.1322 -58.7336 0)
(19.781 -58.213 0)
(23.8386 -57.5665 0)
(27.7281 -56.87 0)
(6.61368 -59.8044 0.05)
(9.60548 -59.5159 0.05)
(12.7602 -59.1625 0.05)
(16.1322 -58.7336 0.05)
(19.781 -58.213 0.05)
(23.8386 -57.5665 0.05)
(27.7281 -56.87 0.05)
(6.90873 -63.146 0)
(9.9534 -62.8523 0)
(13.1585 -62.4933 0)
(16.5806 -62.0581 0)
(20.2813 -61.53 0)
(24.399 -60.8739 0)
(28.3219 -60.1715 0)
(6.90873 -63.146 0.05)
(9.9534 -62.8523 0.05)
(13.1585 -62.4933 0.05)
(16.5806 -62.0581 0.05)
(20.2813 -61.53 0.05)
(24.399 -60.8739 0.05)
(28.3219 -60.1715 0.05)
(7.22 -66.6713 0)
(10.3204 -66.3723 0)
(13.5788 -66.0073 0)
(17.0537 -65.5653 0)
(20.8092 -65.0294 0)
(24.9902 -64.3632 0)
(28.9483 -63.6547 0)
(7.22 -66.6713 0.05)
(10.3204 -66.3723 0.05)
(13.5788 -66.0073 0.05)
(17.0537 -65.5653 0.05)
(20.8092 -65.0294 0.05)
(24.9902 -64.3632 0.05)
(28.9483 -63.6547 0.05)
(7.5484 -70.3905 0)
(10.7077 -70.0858 0)
(14.0222 -69.7145 0)
(17.5529 -69.2655 0)
(21.3661 -68.7213 0)
(25.6139 -68.0444 0)
(29.6092 -67.3294 0)
(7.5484 -70.3905 0.05)
(10.7077 -70.0858 0.05)
(14.0222 -69.7145 0.05)
(17.5529 -69.2655 0.05)
(21.3661 -68.7213 0.05)
(25.6139 -68.0444 0.05)
(29.6092 -67.3294 0.05)
(7.89485 -74.3142 0)
(11.1162 -74.0036 0)
(14.49 -73.6257 0)
(18.0794 -73.1692 0)
(21.9536 -72.6163 0)
(26.272 -71.9281 0)
(30.3065 -71.2062 0)
(7.89485 -74.3142 0.05)
(11.1162 -74.0036 0.05)
(14.49 -73.6257 0.05)
(18.0794 -73.1692 0.05)
(21.9536 -72.6163 0.05)
(26.272 -71.9281 0.05)
(30.3065 -71.2062 0.05)
(8.26037 -78.4538 0)
(11.5472 -78.1369 0)
(14.9835 -77.752 0)
(18.635 -77.2876 0)
(22.5734 -76.7255 0)
(26.9662 -76.0254 0)
(31.0421 -75.2963 0)
(8.26037 -78.4538 0.05)
(11.5472 -78.1369 0.05)
(14.9835 -77.752 0.05)
(18.635 -77.2876 0.05)
(22.5734 -76.7255 0.05)
(26.9662 -76.0254 0.05)
(31.0421 -75.2963 0.05)
(5.39291 -83.0812 0)
(8.64598 -82.8211 0)
(12.0019 -82.4975 0)
(15.5042 -82.1052 0)
(19.2211 -81.6324 0)
(23.2273 -81.0607 0)
(27.6986 -80.348 0)
(31.8182 -79.6113 0)
(5.39291 -83.0812 0.05)
(8.64598 -82.8211 0.05)
(12.0019 -82.4975 0.05)
(15.5042 -82.1052 0.05)
(19.2211 -81.6324 0.05)
(23.2273 -81.0607 0.05)
(27.6986 -80.348 0.05)
(31.8182 -79.6113 0.05)
(5.72206 -87.6949 0)
(9.05281 -87.4285 0)
(12.4817 -87.0979 0)
(16.0535 -86.6978 0)
(19.8394 -86.2163 0)
(23.9172 -85.6343 0)
(28.4713 -84.9084 0)
(32.6369 -84.1636 0)
(5.72206 -87.6949 0.05)
(9.05281 -87.4285 0.05)
(12.4817 -87.0979 0.05)
(16.0535 -86.6978 0.05)
(19.8394 -86.2163 0.05)
(23.9172 -85.6343 0.05)
(28.4713 -84.9084 0.05)
(32.6369 -84.1636 0.05)
(6.06931 -92.5623 0)
(9.48201 -92.2894 0)
(12.9878 -91.9513 0)
(16.633 -91.543 0)
(20.4917 -91.0523 0)
(24.645 -90.4595 0)
(29.2864 -89.7196 0)
(33.5007 -88.9663 0)
(6.06931 -92.5623 0.05)
(9.48201 -92.2894 0.05)
(12.9878 -91.9513 0.05)
(16.633 -91.543 0.05)
(20.4917 -91.0523 0.05)
(24.645 -90.4595 0.05)
(29.2864 -89.7196 0.05)
(33.5007 -88.9663 0.05)
(6.43566 -97.6974 0)
(9.93481 -97.4176 0)
(13.5217 -97.0717 0)
(17.2443 -96.6548 0)
(21.1799 -96.1542 0)
(25.4128 -95.5501 0)
(30.1465 -94.7954 0)
(34.4119 -94.0332 0)
(6.43566 -97.6974 0.05)
(9.93481 -97.4176 0.05)
(13.5217 -97.0717 0.05)
(17.2443 -96.6548 0.05)
(21.1799 -96.1542 0.05)
(25.4128 -95.5501 0.05)
(30.1465 -94.7954 0.05)
(34.4119 -94.0332 0.05)
(6.82216 -103.115 0)
(10.4125 -102.828 0)
(14.085 -102.474 0)
(17.8893 -102.048 0)
(21.906 -101.537 0)
(26.2229 -100.921 0)
(31.0538 -100.15 0)
(35.3733 -99.3787 0)
(6.82216 -103.115 0.05)
(10.4125 -102.828 0.05)
(14.085 -102.474 0.05)
(17.8893 -102.048 0.05)
(21.906 -101.537 0.05)
(26.2229 -100.921 0.05)
(31.0538 -100.15 0.05)
(35.3733 -99.3787 0.05)
(7.22991 -108.83 0)
(10.9165 -108.536 0)
(14.6793 -108.173 0)
(18.5698 -107.737 0)
(22.672 -107.215 0)
(27.0775 -106.587 0)
(32.011 -105.8 0)
(36.3876 -105.018 0)
(7.22991 -108.83 0.05)
(10.9165 -108.536 0.05)
(14.6793 -108.173 0.05)
(18.5698 -107.737 0.05)
(22.672 -107.215 0.05)
(27.0775 -106.587 0.05)
(32.011 -105.8 0.05)
(36.3876 -105.018 0.05)
(7.6601 -114.86 0)
(11.4482 -114.557 0)
(15.3063 -114.185 0)
(19.2877 -113.739 0)
(23.4801 -113.206 0)
(27.9792 -112.564 0)
(33.0208 -111.76 0)
(37.4577 -110.968 0)
(7.6601 -114.86 0.05)
(11.4482 -114.557 0.05)
(15.3063 -114.185 0.05)
(19.2877 -113.739 0.05)
(23.4801 -113.206 0.05)
(27.9792 -112.564 0.05)
(33.0208 -111.76 0.05)
(37.4577 -110.968 0.05)
(7.9736 -119.256 0)
(11.8377 -118.965 0)
(15.7686 -118.608 0)
(19.8214 -118.181 0)
(24.0869 -117.669 0)
(28.6646 -117.053 0)
(33.8006 -116.282 0)
(38.2969 -115.522 0)
(7.9736 -119.256 0.05)
(11.8377 -118.965 0.05)
(15.7686 -118.608 0.05)
(19.8214 -118.181 0.05)
(24.0869 -117.669 0.05)
(28.6646 -117.053 0.05)
(33.8006 -116.282 0.05)
(38.2969 -115.522 0.05)
(8.31846 -124.091 0)
(12.2662 -123.814 0)
(16.2772 -123.474 0)
(20.4085 -123.066 0)
(24.7544 -122.578 0)
(29.4185 -121.991 0)
(34.6583 -121.256 0)
(39.2201 -120.532 0)
(8.31846 -124.091 0.05)
(12.2662 -123.814 0.05)
(16.2772 -123.474 0.05)
(20.4085 -123.066 0.05)
(24.7544 -122.578 0.05)
(29.4185 -121.991 0.05)
(34.6583 -121.256 0.05)
(39.2201 -120.532 0.05)
(8.6978 -129.409 0)
(12.7375 -129.147 0)
(16.8367 -128.826 0)
(21.0543 -128.44 0)
(25.4887 -127.979 0)
(30.2479 -127.423 0)
(35.6018 -126.728 0)
(40.2357 -126.042 0)
(8.6978 -129.409 0.05)
(12.7375 -129.147 0.05)
(16.8367 -128.826 0.05)
(21.0543 -128.44 0.05)
(25.4887 -127.979 0.05)
(30.2479 -127.423 0.05)
(35.6018 -126.728 0.05)
(40.2357 -126.042 0.05)
(4.99271 -135.45 0)
(9.11507 -135.26 0)
(13.2559 -135.014 0)
(17.452 -134.713 0)
(21.7647 -134.351 0)
(26.2964 -133.919 0)
(31.1601 -133.398 0)
(36.6397 -132.746 0)
(41.3527 -132.104 0)
(4.99271 -135.45 0.05)
(9.11507 -135.26 0.05)
(13.2559 -135.014 0.05)
(17.452 -134.713 0.05)
(21.7647 -134.351 0.05)
(26.2964 -133.919 0.05)
(31.1601 -133.398 0.05)
(36.6397 -132.746 0.05)
(41.3527 -132.104 0.05)
(5.33448 -141.871 0)
(9.57408 -141.695 0)
(13.8262 -141.468 0)
(18.129 -141.188 0)
(22.5462 -140.854 0)
(27.1848 -140.453 0)
(32.1637 -139.971 0)
(37.7813 -139.367 0)
(42.5815 -138.772 0)
(5.33448 -141.871 0.05)
(9.57408 -141.695 0.05)
(13.8262 -141.468 0.05)
(18.129 -141.188 0.05)
(22.5462 -140.854 0.05)
(27.1848 -140.453 0.05)
(32.1637 -139.971 0.05)
(37.7813 -139.367 0.05)
(42.5815 -138.772 0.05)
(5.71043 -148.935 0)
(10.079 -148.774 0)
(14.4535 -148.567 0)
(18.8736 -148.312 0)
(23.4057 -148.006 0)
(28.1621 -147.641 0)
(33.2675 -147.201 0)
(39.0371 -146.649 0)
(43.9331 -146.107 0)
(5.71043 -148.935 0.05)
(10.079 -148.774 0.05)
(14.4535 -148.567 0.05)
(18.8736 -148.312 0.05)
(23.4057 -148.006 0.05)
(28.1621 -147.641 0.05)
(33.2675 -147.201 0.05)
(39.0371 -146.649 0.05)
(43.9331 -146.107 0.05)
(6.12398 -156.705 0)
(10.6344 -156.561 0)
(15.1436 -156.375 0)
(19.6927 -156.147 0)
(24.3513 -155.874 0)
(29.2372 -155.547 0)
(34.4817 -155.153 0)
(40.4185 -154.66 0)
(45.4199 -154.175 0)
(6.12398 -156.705 0.05)
(10.6344 -156.561 0.05)
(15.1436 -156.375 0.05)
(19.6927 -156.147 0.05)
(24.3513 -155.874 0.05)
(29.2372 -155.547 0.05)
(34.4817 -155.153 0.05)
(40.4185 -154.66 0.05)
(45.4199 -154.175 0.05)
(6.57888 -165.252 0)
(11.2453 -165.127 0)
(15.9026 -164.965 0)
(20.5936 -164.767 0)
(25.3913 -164.529 0)
(30.4197 -164.244 0)
(35.8174 -163.901 0)
(41.938 -163.472 0)
(47.0554 -163.05 0)
(6.57888 -165.252 0.05)
(11.2453 -165.127 0.05)
(15.9026 -164.965 0.05)
(20.5936 -164.767 0.05)
(25.3913 -164.529 0.05)
(30.4197 -164.244 0.05)
(35.8174 -163.901 0.05)
(41.938 -163.472 0.05)
(47.0554 -163.05 0.05)
(7.07927 -174.653 0)
(11.9173 -174.549 0)
(16.7376 -174.414 0)
(21.5847 -174.248 0)
(26.5354 -174.049 0)
(31.7205 -173.811 0)
(37.2866 -173.524 0)
(43.6095 -173.165 0)
(48.8545 -172.812 0)
(7.07927 -174.653 0.05)
(11.9173 -174.549 0.05)
(16.7376 -174.414 0.05)
(21.5847 -174.248 0.05)
(26.5354 -174.049 0.05)
(31.7205 -173.811 0.05)
(37.2866 -173.524 0.05)
(43.6095 -173.165 0.05)
(48.8545 -172.812 0.05)
(7.6297 -184.995 0)
(12.6566 -184.913 0)
(17.656 -184.807 0)
(22.6749 -184.677 0)
(27.7939 -184.521 0)
(33.1514 -184.334 0)
(38.9028 -184.109 0)
(45.4481 -183.828 0)
(50.8334 -183.551 0)
(7.6297 -184.995 0.05)
(12.6566 -184.913 0.05)
(17.656 -184.807 0.05)
(22.6749 -184.677 0.05)
(27.7939 -184.521 0.05)
(33.1514 -184.334 0.05)
(38.9028 -184.109 0.05)
(45.4481 -183.828 0.05)
(50.8334 -183.551 0.05)
(8.23517 -196.371 0)
(13.4697 -196.314 0)
(18.6663 -196.24 0)
(23.8741 -196.149 0)
(29.1783 -196.04 0)
(34.7253 -195.91 0)
(40.6806 -195.753 0)
(47.4706 -195.557 0)
(53.0103 -195.363 0)
(8.23517 -196.371 0.05)
(13.4697 -196.314 0.05)
(18.6663 -196.24 0.05)
(23.8741 -196.149 0.05)
(29.1783 -196.04 0.05)
(34.7253 -195.91 0.05)
(40.6806 -195.753 0.05)
(47.4706 -195.557 0.05)
(53.0103 -195.363 0.05)
(8.90119 -208.885 0)
(14.3642 -208.855 0)
(19.7776 -208.816 0)
(25.1932 -208.769 0)
(30.701 -208.712 0)
(36.4567 -208.643 0)
(42.6361 -208.561 0)
(49.6953 -208.458 0)
(55.4048 -208.357 0)
(8.90119 -208.885 0.05)
(14.3642 -208.855 0.05)
(19.7776 -208.816 0.05)
(25.1932 -208.769 0.05)
(30.701 -208.712 0.05)
(36.4567 -208.643 0.05)
(42.6361 -208.561 0.05)
(49.6953 -208.458 0.05)
(55.4048 -208.357 0.05)
(9.63381 -222.65 0)
(15.3481 -222.65 0)
(21.0001 -222.65 0)
(26.6443 -222.65 0)
(32.3761 -222.65 0)
(38.3611 -222.65 0)
(44.7872 -222.65 0)
(52.1425 -222.65 0)
(58.0388 -222.65 0)
(9.63381 -222.65 0.05)
(15.3481 -222.65 0.05)
(21.0001 -222.65 0.05)
(26.6443 -222.65 0.05)
(32.3761 -222.65 0.05)
(38.3611 -222.65 0.05)
(44.7872 -222.65 0.05)
(52.1425 -222.65 0.05)
(58.0388 -222.65 0.05)
(20.3766 -5.0487e-06 0)
(20.3766 -5.0487e-06 0.05)
(20.4078 -0.173719 0)
(20.4078 -0.173719 0.05)
(20.4408 -0.356987 0)
(20.4408 -0.356987 0.05)
(20.4756 -0.550336 0)
(20.4756 -0.550336 0.05)
(20.5123 -0.754318 0)
(20.5123 -0.754318 0.05)
(20.551 -0.969519 0)
(20.551 -0.969519 0.05)
(20.5918 -1.19656 0)
(20.5918 -1.19656 0.05)
(20.6349 -1.43608 0)
(20.6349 -1.43608 0.05)
(20.6803 -1.68878 0)
(20.6803 -1.68878 0.05)
(20.7283 -1.95538 0)
(20.7283 -1.95538 0.05)
(20.7788 -2.23663 0)
(20.7788 -2.23663 0.05)
(20.8322 -2.53336 0)
(20.8322 -2.53336 0.05)
(20.8885 -2.84641 0)
(20.8885 -2.84641 0.05)
(20.9479 -3.17668 0)
(20.9479 -3.17668 0.05)
(21.0106 -3.52511 0)
(21.0106 -3.52511 0.05)
(21.0767 -3.8927 0)
(21.0767 -3.8927 0.05)
(21.1464 -4.28052 0)
(21.1464 -4.28052 0.05)
(21.22 -4.68966 0)
(21.22 -4.68966 0.05)
(21.2977 -5.1213 0)
(21.2977 -5.1213 0.05)
(21.3796 -5.57669 0)
(21.3796 -5.57669 0.05)
(21.466 -6.05712 0)
(21.466 -6.05712 0.05)
(21.5571 -6.56397 0)
(21.5571 -6.56397 0.05)
(21.6533 -7.09871 0)
(21.6533 -7.09871 0.05)
(21.7548 -7.66285 0)
(21.7548 -7.66285 0.05)
(21.8618 -8.25802 0)
(21.8618 -8.25802 0.05)
(21.9747 -8.88592 0)
(21.9747 -8.88592 0.05)
(22.0939 -9.54836 0)
(22.0939 -9.54836 0.05)
(22.2196 -10.2472 0)
(22.2196 -10.2472 0.05)
(22.3522 -10.9845 0)
(22.3522 -10.9845 0.05)
(22.4921 -11.7624 0)
(22.4921 -11.7624 0.05)
(22.6397 -12.5831 0)
(22.6397 -12.5831 0.05)
(22.7954 -13.4488 0)
(22.7954 -13.4488 0.05)
(22.9596 -14.3622 0)
(22.9596 -14.3622 0.05)
(23.133 -15.3259 0)
(23.133 -15.3259 0.05)
(23.3158 -16.3425 0)
(23.3158 -16.3425 0.05)
(23.5087 -17.4151 0)
(23.5087 -17.4151 0.05)
(23.7122 -18.5466 0)
(23.7122 -18.5466 0.05)
(23.9269 -19.7404 0)
(23.9269 -19.7404 0.05)
(24.1534 -20.9998 0)
(24.1534 -20.9998 0.05)
(24.3924 -22.3285 0)
(24.3924 -22.3285 0.05)
(24.6445 -23.7303 0)
(24.6445 -23.7303 0.05)
(24.9105 -25.2092 0)
(24.9105 -25.2092 0.05)
(25.1911 -26.7694 0)
(25.1911 -26.7694 0.05)
(25.4871 -28.4154 0)
(25.4871 -28.4154 0.05)
(25.7994 -30.152 0)
(25.7994 -30.152 0.05)
(26.1289 -31.9841 0)
(26.1289 -31.9841 0.05)
(26.4766 -33.9169 0)
(26.4766 -33.9169 0.05)
(26.8433 -35.956 0)
(26.8433 -35.956 0.05)
(27.2302 -38.1073 0)
(27.2302 -38.1073 0.05)
(27.6384 -40.3769 0)
(27.6384 -40.3769 0.05)
(28.0691 -42.7714 0)
(28.0691 -42.7714 0.05)
(28.5234 -45.2975 0)
(28.5234 -45.2975 0.05)
(29.0027 -47.9626 0)
(29.0027 -47.9626 0.05)
(29.5084 -50.7742 0)
(29.5084 -50.7742 0.05)
(30.0419 -53.7405 0)
(30.0419 -53.7405 0.05)
(30.6047 -56.87 0)
(30.6047 -56.87 0.05)
(31.1985 -60.1715 0)
(31.1985 -60.1715 0.05)
(31.8249 -63.6547 0)
(31.8249 -63.6547 0.05)
(32.4858 -67.3294 0)
(32.4858 -67.3294 0.05)
(33.1831 -71.2062 0)
(33.1831 -71.2062 0.05)
(33.9187 -75.2963 0)
(33.9187 -75.2963 0.05)
(34.6947 -79.6113 0)
(34.6947 -79.6113 0.05)
(35.5135 -84.1636 0)
(35.5135 -84.1636 0.05)
(36.3773 -88.9663 0)
(36.3773 -88.9663 0.05)
(37.2885 -94.0332 0)
(37.2885 -94.0332 0.05)
(38.2499 -99.3787 0)
(38.2499 -99.3787 0.05)
(39.2642 -105.018 0)
(39.2642 -105.018 0.05)
(40.3343 -110.968 0)
(40.3343 -110.968 0.05)
(41.1735 -115.522 0)
(41.1735 -115.522 0.05)
(42.0967 -120.532 0)
(42.0967 -120.532 0.05)
(43.1122 -126.042 0)
(43.1122 -126.042 0.05)
(44.2293 -132.104 0)
(44.2293 -132.104 0.05)
(45.4581 -138.772 0)
(45.4581 -138.772 0.05)
(46.8097 -146.107 0)
(46.8097 -146.107 0.05)
(48.2965 -154.175 0)
(48.2965 -154.175 0.05)
(49.932 -163.05 0)
(49.932 -163.05 0.05)
(51.7311 -172.812 0)
(51.7311 -172.812 0.05)
(53.71 -183.551 0)
(53.71 -183.551 0.05)
(55.8868 -195.363 0)
(55.8868 -195.363 0.05)
(58.2814 -208.357 0)
(58.2814 -208.357 0.05)
(60.9153 -222.65 0)
(60.9153 -222.65 0.05)
(23.397 -5.0487e-06 0)
(23.397 -5.0487e-06 0.05)
(23.4282 -0.173719 0)
(23.4282 -0.173719 0.05)
(23.4612 -0.356987 0)
(23.4612 -0.356987 0.05)
(23.496 -0.550336 0)
(23.496 -0.550336 0.05)
(23.5327 -0.754318 0)
(23.5327 -0.754318 0.05)
(23.5714 -0.969519 0)
(23.5714 -0.969519 0.05)
(23.6122 -1.19656 0)
(23.6122 -1.19656 0.05)
(23.6553 -1.43608 0)
(23.6553 -1.43608 0.05)
(23.7007 -1.68878 0)
(23.7007 -1.68878 0.05)
(23.7487 -1.95538 0)
(23.7487 -1.95538 0.05)
(23.7993 -2.23663 0)
(23.7993 -2.23663 0.05)
(23.8526 -2.53336 0)
(23.8526 -2.53336 0.05)
(23.9089 -2.84641 0)
(23.9089 -2.84641 0.05)
(23.9683 -3.17668 0)
(23.9683 -3.17668 0.05)
(24.031 -3.52511 0)
(24.031 -3.52511 0.05)
(24.0971 -3.8927 0)
(24.0971 -3.8927 0.05)
(24.1669 -4.28052 0)
(24.1669 -4.28052 0.05)
(24.2404 -4.68966 0)
(24.2404 -4.68966 0.05)
(24.3181 -5.1213 0)
(24.3181 -5.1213 0.05)
(24.4 -5.57669 0)
(24.4 -5.57669 0.05)
(24.4864 -6.05712 0)
(24.4864 -6.05712 0.05)
(24.5775 -6.56397 0)
(24.5775 -6.56397 0.05)
(24.6737 -7.09871 0)
(24.6737 -7.09871 0.05)
(24.7752 -7.66285 0)
(24.7752 -7.66285 0.05)
(24.8822 -8.25802 0)
(24.8822 -8.25802 0.05)
(24.9951 -8.88592 0)
(24.9951 -8.88592 0.05)
(25.1143 -9.54836 0)
(25.1143 -9.54836 0.05)
(25.24 -10.2472 0)
(25.24 -10.2472 0.05)
(25.3726 -10.9845 0)
(25.3726 -10.9845 0.05)
(25.5125 -11.7624 0)
(25.5125 -11.7624 0.05)
(25.6601 -12.5831 0)
(25.6601 -12.5831 0.05)
(25.8158 -13.4488 0)
(25.8158 -13.4488 0.05)
(25.9801 -14.3622 0)
(25.9801 -14.3622 0.05)
(26.1534 -15.3259 0)
(26.1534 -15.3259 0.05)
(26.3362 -16.3425 0)
(26.3362 -16.3425 0.05)
(26.5291 -17.4151 0)
(26.5291 -17.4151 0.05)
(26.7326 -18.5466 0)
(26.7326 -18.5466 0.05)
(26.9473 -19.7404 0)
(26.9473 -19.7404 0.05)
(27.1738 -20.9998 0)
(27.1738 -20.9998 0.05)
(27.4128 -22.3285 0)
(27.4128 -22.3285 0.05)
(27.6649 -23.7303 0)
(27.6649 -23.7303 0.05)
(27.9309 -25.2092 0)
(27.9309 -25.2092 0.05)
(28.2115 -26.7694 0)
(28.2115 -26.7694 0.05)
(28.5075 -28.4154 0)
(28.5075 -28.4154 0.05)
(28.8199 -30.152 0)
(28.8199 -30.152 0.05)
(29.1494 -31.9841 0)
(29.1494 -31.9841 0.05)
(29.497 -33.9169 0)
(29.497 -33.9169 0.05)
(29.8637 -35.956 0)
(29.8637 -35.956 0.05)
(30.2506 -38.1073 0)
(30.2506 -38.1073 0.05)
(30.6588 -40.3769 0)
(30.6588 -40.3769 0.05)
(31.0895 -42.7714 0)
(31.0895 -42.7714 0.05)
(31.5438 -45.2975 0)
(31.5438 -45.2975 0.05)
(32.0231 -47.9626 0)
(32.0231 -47.9626 0.05)
(32.5288 -50.7742 0)
(32.5288 -50.7742 0.05)
(33.0623 -53.7405 0)
(33.0623 -53.7405 0.05)
(33.6251 -56.87 0)
(33.6251 -56.87 0.05)
(34.2189 -60.1715 0)
(34.2189 -60.1715 0.05)
(34.8454 -63.6547 0)
(34.8454 -63.6547 0.05)
(35.5063 -67.3294 0)
(35.5063 -67.3294 0.05)
(36.2035 -71.2062 0)
(36.2035 -71.2062 0.05)
(36.9391 -75.2963 0)
(36.9391 -75.2963 0.05)
(37.7152 -79.6113 0)
(37.7152 -79.6113 0.05)
(38.5339 -84.1636 0)
(38.5339 -84.1636 0.05)
(39.3977 -88.9663 0)
(39.3977 -88.9663 0.05)
(40.309 -94.0332 0)
(40.309 -94.0332 0.05)
(41.2703 -99.3787 0)
(41.2703 -99.3787 0.05)
(42.2846 -105.018 0)
(42.2846 -105.018 0.05)
(43.3547 -110.968 0)
(43.3547 -110.968 0.05)
(44.194 -115.522 0)
(44.194 -115.522 0.05)
(45.1171 -120.532 0)
(45.1171 -120.532 0.05)
(46.1327 -126.042 0)
(46.1327 -126.042 0.05)
(47.2497 -132.104 0)
(47.2497 -132.104 0.05)
(48.4785 -138.772 0)
(48.4785 -138.772 0.05)
(49.8301 -146.107 0)
(49.8301 -146.107 0.05)
(51.3169 -154.175 0)
(51.3169 -154.175 0.05)
(52.9524 -163.05 0)
(52.9524 -163.05 0.05)
(54.7515 -172.812 0)
(54.7515 -172.812 0.05)
(56.7304 -183.551 0)
(56.7304 -183.551 0.05)
(58.9073 -195.363 0)
(58.9073 -195.363 0.05)
(61.3018 -208.357 0)
(61.3018 -208.357 0.05)
(63.9358 -222.65 0)
(63.9358 -222.65 0.05)
(26.5684 -5.0487e-06 0)
(26.5684 -5.0487e-06 0.05)
(26.5997 -0.173719 0)
(26.5997 -0.173719 0.05)
(26.6326 -0.356987 0)
(26.6326 -0.356987 0.05)
(26.6674 -0.550336 0)
(26.6674 -0.550336 0.05)
(26.7041 -0.754318 0)
(26.7041 -0.754318 0.05)
(26.7428 -0.969519 0)
(26.7428 -0.969519 0.05)
(26.7836 -1.19656 0)
(26.7836 -1.19656 0.05)
(26.8267 -1.43608 0)
(26.8267 -1.43608 0.05)
(26.8722 -1.68878 0)
(26.8722 -1.68878 0.05)
(26.9201 -1.95538 0)
(26.9201 -1.95538 0.05)
(26.9707 -2.23663 0)
(26.9707 -2.23663 0.05)
(27.0241 -2.53336 0)
(27.0241 -2.53336 0.05)
(27.0804 -2.84641 0)
(27.0804 -2.84641 0.05)
(27.1398 -3.17668 0)
(27.1398 -3.17668 0.05)
(27.2024 -3.52511 0)
(27.2024 -3.52511 0.05)
(27.2685 -3.8927 0)
(27.2685 -3.8927 0.05)
(27.3383 -4.28052 0)
(27.3383 -4.28052 0.05)
(27.4119 -4.68966 0)
(27.4119 -4.68966 0.05)
(27.4895 -5.1213 0)
(27.4895 -5.1213 0.05)
(27.5714 -5.57669 0)
(27.5714 -5.57669 0.05)
(27.6578 -6.05712 0)
(27.6578 -6.05712 0.05)
(27.749 -6.56397 0)
(27.749 -6.56397 0.05)
(27.8451 -7.09871 0)
(27.8451 -7.09871 0.05)
(27.9466 -7.66285 0)
(27.9466 -7.66285 0.05)
(28.0537 -8.25802 0)
(28.0537 -8.25802 0.05)
(28.1666 -8.88592 0)
(28.1666 -8.88592 0.05)
(28.2857 -9.54836 0)
(28.2857 -9.54836 0.05)
(28.4114 -10.2472 0)
(28.4114 -10.2472 0.05)
(28.544 -10.9845 0)
(28.544 -10.9845 0.05)
(28.6839 -11.7624 0)
(28.6839 -11.7624 0.05)
(28.8315 -12.5831 0)
(28.8315 -12.5831 0.05)
(28.9872 -13.4488 0)
(28.9872 -13.4488 0.05)
(29.1515 -14.3622 0)
(29.1515 -14.3622 0.05)
(29.3248 -15.3259 0)
(29.3248 -15.3259 0.05)
(29.5077 -16.3425 0)
(29.5077 -16.3425 0.05)
(29.7006 -17.4151 0)
(29.7006 -17.4151 0.05)
(29.9041 -18.5466 0)
(29.9041 -18.5466 0.05)
(30.1188 -19.7404 0)
(30.1188 -19.7404 0.05)
(30.3453 -20.9998 0)
(30.3453 -20.9998 0.05)
(30.5842 -22.3285 0)
(30.5842 -22.3285 0.05)
(30.8364 -23.7303 0)
(30.8364 -23.7303 0.05)
(31.1023 -25.2092 0)
(31.1023 -25.2092 0.05)
(31.3829 -26.7694 0)
(31.3829 -26.7694 0.05)
(31.679 -28.4154 0)
(31.679 -28.4154 0.05)
(31.9913 -30.152 0)
(31.9913 -30.152 0.05)
(32.3208 -31.9841 0)
(32.3208 -31.9841 0.05)
(32.6684 -33.9169 0)
(32.6684 -33.9169 0.05)
(33.0352 -35.956 0)
(33.0352 -35.956 0.05)
(33.4221 -38.1073 0)
(33.4221 -38.1073 0.05)
(33.8303 -40.3769 0)
(33.8303 -40.3769 0.05)
(34.2609 -42.7714 0)
(34.2609 -42.7714 0.05)
(34.7152 -45.2975 0)
(34.7152 -45.2975 0.05)
(35.1946 -47.9626 0)
(35.1946 -47.9626 0.05)
(35.7002 -50.7742 0)
(35.7002 -50.7742 0.05)
(36.2337 -53.7405 0)
(36.2337 -53.7405 0.05)
(36.7966 -56.87 0)
(36.7966 -56.87 0.05)
(37.3903 -60.1715 0)
(37.3903 -60.1715 0.05)
(38.0168 -63.6547 0)
(38.0168 -63.6547 0.05)
(38.6777 -67.3294 0)
(38.6777 -67.3294 0.05)
(39.3749 -71.2062 0)
(39.3749 -71.2062 0.05)
(40.1105 -75.2963 0)
(40.1105 -75.2963 0.05)
(40.8866 -79.6113 0)
(40.8866 -79.6113 0.05)
(41.7053 -84.1636 0)
(41.7053 -84.1636 0.05)
(42.5691 -88.9663 0)
(42.5691 -88.9663 0.05)
(43.4804 -94.0332 0)
(43.4804 -94.0332 0.05)
(44.4418 -99.3787 0)
(44.4418 -99.3787 0.05)
(45.4561 -105.018 0)
(45.4561 -105.018 0.05)
(46.5261 -110.968 0)
(46.5261 -110.968 0.05)
(47.3654 -115.522 0)
(47.3654 -115.522 0.05)
(48.2886 -120.532 0)
(48.2886 -120.532 0.05)
(49.3041 -126.042 0)
(49.3041 -126.042 0.05)
(50.4212 -132.104 0)
(50.4212 -132.104 0.05)
(51.6499 -138.772 0)
(51.6499 -138.772 0.05)
(53.0016 -146.107 0)
(53.0016 -146.107 0.05)
(54.4884 -154.175 0)
(54.4884 -154.175 0.05)
(56.1239 -163.05 0)
(56.1239 -163.05 0.05)
(57.9229 -172.812 0)
(57.9229 -172.812 0.05)
(59.9019 -183.551 0)
(59.9019 -183.551 0.05)
(62.0787 -195.363 0)
(62.0787 -195.363 0.05)
(64.4732 -208.357 0)
(64.4732 -208.357 0.05)
(67.1072 -222.65 0)
(67.1072 -222.65 0.05)
(29.8984 -5.0487e-06 0)
(29.8984 -5.0487e-06 0.05)
(29.9297 -0.173719 0)
(29.9297 -0.173719 0.05)
(29.9627 -0.356987 0)
(29.9627 -0.356987 0.05)
(29.9974 -0.550336 0)
(29.9974 -0.550336 0.05)
(30.0341 -0.754318 0)
(30.0341 -0.754318 0.05)
(30.0728 -0.969519 0)
(30.0728 -0.969519 0.05)
(30.1136 -1.19656 0)
(30.1136 -1.19656 0.05)
(30.1567 -1.43608 0)
(30.1567 -1.43608 0.05)
(30.2022 -1.68878 0)
(30.2022 -1.68878 0.05)
(30.2501 -1.95538 0)
(30.2501 -1.95538 0.05)
(30.3007 -2.23663 0)
(30.3007 -2.23663 0.05)
(30.3541 -2.53336 0)
(30.3541 -2.53336 0.05)
(30.4104 -2.84641 0)
(30.4104 -2.84641 0.05)
(30.4698 -3.17668 0)
(30.4698 -3.17668 0.05)
(30.5324 -3.52511 0)
(30.5324 -3.52511 0.05)
(30.5986 -3.8927 0)
(30.5986 -3.8927 0.05)
(30.6683 -4.28052 0)
(30.6683 -4.28052 0.05)
(30.7419 -4.68966 0)
(30.7419 -4.68966 0.05)
(30.8195 -5.1213 0)
(30.8195 -5.1213 0.05)
(30.9014 -5.57669 0)
(30.9014 -5.57669 0.05)
(30.9878 -6.05712 0)
(30.9878 -6.05712 0.05)
(31.079 -6.56397 0)
(31.079 -6.56397 0.05)
(31.1752 -7.09871 0)
(31.1752 -7.09871 0.05)
(31.2766 -7.66285 0)
(31.2766 -7.66285 0.05)
(31.3837 -8.25802 0)
(31.3837 -8.25802 0.05)
(31.4966 -8.88592 0)
(31.4966 -8.88592 0.05)
(31.6157 -9.54836 0)
(31.6157 -9.54836 0.05)
(31.7414 -10.2472 0)
(31.7414 -10.2472 0.05)
(31.874 -10.9845 0)
(31.874 -10.9845 0.05)
(32.0139 -11.7624 0)
(32.0139 -11.7624 0.05)
(32.1615 -12.5831 0)
(32.1615 -12.5831 0.05)
(32.3172 -13.4488 0)
(32.3172 -13.4488 0.05)
(32.4815 -14.3622 0)
(32.4815 -14.3622 0.05)
(32.6548 -15.3259 0)
(32.6548 -15.3259 0.05)
(32.8377 -16.3425 0)
(32.8377 -16.3425 0.05)
(33.0306 -17.4151 0)
(33.0306 -17.4151 0.05)
(33.2341 -18.5466 0)
(33.2341 -18.5466 0.05)
(33.4488 -19.7404 0)
(33.4488 -19.7404 0.05)
(33.6753 -20.9998 0)
(33.6753 -20.9998 0.05)
(33.9143 -22.3285 0)
(33.9143 -22.3285 0.05)
(34.1664 -23.7303 0)
(34.1664 -23.7303 0.05)
(34.4323 -25.2092 0)
(34.4323 -25.2092 0.05)
(34.7129 -26.7694 0)
(34.7129 -26.7694 0.05)
(35.009 -28.4154 0)
(35.009 -28.4154 0.05)
(35.3213 -30.152 0)
(35.3213 -30.152 0.05)
(35.6508 -31.9841 0)
(35.6508 -31.9841 0.05)
(35.9984 -33.9169 0)
(35.9984 -33.9169 0.05)
(36.3652 -35.956 0)
(36.3652 -35.956 0.05)
(36.7521 -38.1073 0)
(36.7521 -38.1073 0.05)
(37.1603 -40.3769 0)
(37.1603 -40.3769 0.05)
(37.5909 -42.7714 0)
(37.5909 -42.7714 0.05)
(38.0452 -45.2975 0)
(38.0452 -45.2975 0.05)
(38.5246 -47.9626 0)
(38.5246 -47.9626 0.05)
(39.0302 -50.7742 0)
(39.0302 -50.7742 0.05)
(39.5637 -53.7405 0)
(39.5637 -53.7405 0.05)
(40.1266 -56.87 0)
(40.1266 -56.87 0.05)
(40.7204 -60.1715 0)
(40.7204 -60.1715 0.05)
(41.3468 -63.6547 0)
(41.3468 -63.6547 0.05)
(42.0077 -67.3294 0)
(42.0077 -67.3294 0.05)
(42.705 -71.2062 0)
(42.705 -71.2062 0.05)
(43.4406 -75.2963 0)
(43.4406 -75.2963 0.05)
(44.2166 -79.6113 0)
(44.2166 -79.6113 0.05)
(45.0353 -84.1636 0)
(45.0353 -84.1636 0.05)
(45.8991 -88.9663 0)
(45.8991 -88.9663 0.05)
(46.8104 -94.0332 0)
(46.8104 -94.0332 0.05)
(47.7718 -99.3787 0)
(47.7718 -99.3787 0.05)
(48.7861 -105.018 0)
(48.7861 -105.018 0.05)
(49.8561 -110.968 0)
(49.8561 -110.968 0.05)
(50.6954 -115.522 0)
(50.6954 -115.522 0.05)
(51.6186 -120.532 0)
(51.6186 -120.532 0.05)
(52.6341 -126.042 0)
(52.6341 -126.042 0.05)
(53.7512 -132.104 0)
(53.7512 -132.104 0.05)
(54.9799 -138.772 0)
(54.9799 -138.772 0.05)
(56.3316 -146.107 0)
(56.3316 -146.107 0.05)
(57.8184 -154.175 0)
(57.8184 -154.175 0.05)
(59.4539 -163.05 0)
(59.4539 -163.05 0.05)
(61.2529 -172.812 0)
(61.2529 -172.812 0.05)
(63.2319 -183.551 0)
(63.2319 -183.551 0.05)
(65.4087 -195.363 0)
(65.4087 -195.363 0.05)
(67.8032 -208.357 0)
(67.8032 -208.357 0.05)
(70.4372 -222.65 0)
(70.4372 -222.65 0.05)
(33.395 -5.0487e-06 0)
(33.395 -5.0487e-06 0.05)
(33.4262 -0.173719 0)
(33.4262 -0.173719 0.05)
(33.4592 -0.356987 0)
(33.4592 -0.356987 0.05)
(33.4939 -0.550336 0)
(33.4939 -0.550336 0.05)
(33.5306 -0.754318 0)
(33.5306 -0.754318 0.05)
(33.5693 -0.969519 0)
(33.5693 -0.969519 0.05)
(33.6102 -1.19656 0)
(33.6102 -1.19656 0.05)
(33.6532 -1.43608 0)
(33.6532 -1.43608 0.05)
(33.6987 -1.68878 0)
(33.6987 -1.68878 0.05)
(33.7466 -1.95538 0)
(33.7466 -1.95538 0.05)
(33.7972 -2.23663 0)
(33.7972 -2.23663 0.05)
(33.8506 -2.53336 0)
(33.8506 -2.53336 0.05)
(33.9069 -2.84641 0)
(33.9069 -2.84641 0.05)
(33.9663 -3.17668 0)
(33.9663 -3.17668 0.05)
(34.029 -3.52511 0)
(34.029 -3.52511 0.05)
(34.0951 -3.8927 0)
(34.0951 -3.8927 0.05)
(34.1648 -4.28052 0)
(34.1648 -4.28052 0.05)
(34.2384 -4.68966 0)
(34.2384 -4.68966 0.05)
(34.316 -5.1213 0)
(34.316 -5.1213 0.05)
(34.3979 -5.57669 0)
(34.3979 -5.57669 0.05)
(34.4843 -6.05712 0)
(34.4843 -6.05712 0.05)
(34.5755 -6.56397 0)
(34.5755 -6.56397 0.05)
(34.6717 -7.09871 0)
(34.6717 -7.09871 0.05)
(34.7731 -7.66285 0)
(34.7731 -7.66285 0.05)
(34.8802 -8.25802 0)
(34.8802 -8.25802 0.05)
(34.9931 -8.88592 0)
(34.9931 -8.88592 0.05)
(35.1122 -9.54836 0)
(35.1122 -9.54836 0.05)
(35.2379 -10.2472 0)
(35.2379 -10.2472 0.05)
(35.3705 -10.9845 0)
(35.3705 -10.9845 0.05)
(35.5104 -11.7624 0)
(35.5104 -11.7624 0.05)
(35.658 -12.5831 0)
(35.658 -12.5831 0.05)
(35.8137 -13.4488 0)
(35.8137 -13.4488 0.05)
(35.978 -14.3622 0)
(35.978 -14.3622 0.05)
(36.1513 -15.3259 0)
(36.1513 -15.3259 0.05)
(36.3342 -16.3425 0)
(36.3342 -16.3425 0.05)
(36.5271 -17.4151 0)
(36.5271 -17.4151 0.05)
(36.7306 -18.5466 0)
(36.7306 -18.5466 0.05)
(36.9453 -19.7404 0)
(36.9453 -19.7404 0.05)
(37.1718 -20.9998 0)
(37.1718 -20.9998 0.05)
(37.4108 -22.3285 0)
(37.4108 -22.3285 0.05)
(37.6629 -23.7303 0)
(37.6629 -23.7303 0.05)
(37.9288 -25.2092 0)
(37.9288 -25.2092 0.05)
(38.2095 -26.7694 0)
(38.2095 -26.7694 0.05)
(38.5055 -28.4154 0)
(38.5055 -28.4154 0.05)
(38.8178 -30.152 0)
(38.8178 -30.152 0.05)
(39.1473 -31.9841 0)
(39.1473 -31.9841 0.05)
(39.4949 -33.9169 0)
(39.4949 -33.9169 0.05)
(39.8617 -35.956 0)
(39.8617 -35.956 0.05)
(40.2486 -38.1073 0)
(40.2486 -38.1073 0.05)
(40.6568 -40.3769 0)
(40.6568 -40.3769 0.05)
(41.0874 -42.7714 0)
(41.0874 -42.7714 0.05)
(41.5418 -45.2975 0)
(41.5418 -45.2975 0.05)
(42.0211 -47.9626 0)
(42.0211 -47.9626 0.05)
(42.5267 -50.7742 0)
(42.5267 -50.7742 0.05)
(43.0602 -53.7405 0)
(43.0602 -53.7405 0.05)
(43.6231 -56.87 0)
(43.6231 -56.87 0.05)
(44.2169 -60.1715 0)
(44.2169 -60.1715 0.05)
(44.8433 -63.6547 0)
(44.8433 -63.6547 0.05)
(45.5042 -67.3294 0)
(45.5042 -67.3294 0.05)
(46.2015 -71.2062 0)
(46.2015 -71.2062 0.05)
(46.9371 -75.2963 0)
(46.9371 -75.2963 0.05)
(47.7131 -79.6113 0)
(47.7131 -79.6113 0.05)
(48.5319 -84.1636 0)
(48.5319 -84.1636 0.05)
(49.3956 -88.9663 0)
(49.3956 -88.9663 0.05)
(50.3069 -94.0332 0)
(50.3069 -94.0332 0.05)
(51.2683 -99.3787 0)
(51.2683 -99.3787 0.05)
(52.2826 -105.018 0)
(52.2826 -105.018 0.05)
(53.3526 -110.968 0)
(53.3526 -110.968 0.05)
(54.1919 -115.522 0)
(54.1919 -115.522 0.05)
(55.1151 -120.532 0)
(55.1151 -120.532 0.05)
(56.1306 -126.042 0)
(56.1306 -126.042 0.05)
(57.2477 -132.104 0)
(57.2477 -132.104 0.05)
(58.4764 -138.772 0)
(58.4764 -138.772 0.05)
(59.8281 -146.107 0)
(59.8281 -146.107 0.05)
(61.3149 -154.175 0)
(61.3149 -154.175 0.05)
(62.9504 -163.05 0)
(62.9504 -163.05 0.05)
(64.7494 -172.812 0)
(64.7494 -172.812 0.05)
(66.7284 -183.551 0)
(66.7284 -183.551 0.05)
(68.9052 -195.363 0)
(68.9052 -195.363 0.05)
(71.2997 -208.357 0)
(71.2997 -208.357 0.05)
(73.9337 -222.65 0)
(73.9337 -222.65 0.05)
(37.0663 -5.0487e-06 0)
(37.0663 -5.0487e-06 0.05)
(37.0975 -0.173719 0)
(37.0975 -0.173719 0.05)
(37.1305 -0.356987 0)
(37.1305 -0.356987 0.05)
(37.1653 -0.550336 0)
(37.1653 -0.550336 0.05)
(37.202 -0.754318 0)
(37.202 -0.754318 0.05)
(37.2407 -0.969519 0)
(37.2407 -0.969519 0.05)
(37.2815 -1.19656 0)
(37.2815 -1.19656 0.05)
(37.3246 -1.43608 0)
(37.3246 -1.43608 0.05)
(37.37 -1.68878 0)
(37.37 -1.68878 0.05)
(37.418 -1.95538 0)
(37.418 -1.95538 0.05)
(37.4686 -2.23663 0)
(37.4686 -2.23663 0.05)
(37.5219 -2.53336 0)
(37.5219 -2.53336 0.05)
(37.5782 -2.84641 0)
(37.5782 -2.84641 0.05)
(37.6376 -3.17668 0)
(37.6376 -3.17668 0.05)
(37.7003 -3.52511 0)
(37.7003 -3.52511 0.05)
(37.7664 -3.8927 0)
(37.7664 -3.8927 0.05)
(37.8361 -4.28052 0)
(37.8361 -4.28052 0.05)
(37.9097 -4.68966 0)
(37.9097 -4.68966 0.05)
(37.9874 -5.1213 0)
(37.9874 -5.1213 0.05)
(38.0693 -5.57669 0)
(38.0693 -5.57669 0.05)
(38.1557 -6.05712 0)
(38.1557 -6.05712 0.05)
(38.2468 -6.56397 0)
(38.2468 -6.56397 0.05)
(38.343 -7.09871 0)
(38.343 -7.09871 0.05)
(38.4445 -7.66285 0)
(38.4445 -7.66285 0.05)
(38.5515 -8.25802 0)
(38.5515 -8.25802 0.05)
(38.6644 -8.88592 0)
(38.6644 -8.88592 0.05)
(38.7836 -9.54836 0)
(38.7836 -9.54836 0.05)
(38.9093 -10.2472 0)
(38.9093 -10.2472 0.05)
(39.0419 -10.9845 0)
(39.0419 -10.9845 0.05)
(39.1818 -11.7624 0)
(39.1818 -11.7624 0.05)
(39.3294 -12.5831 0)
(39.3294 -12.5831 0.05)
(39.4851 -13.4488 0)
(39.4851 -13.4488 0.05)
(39.6494 -14.3622 0)
(39.6494 -14.3622 0.05)
(39.8227 -15.3259 0)
(39.8227 -15.3259 0.05)
(40.0055 -16.3425 0)
(40.0055 -16.3425 0.05)
(40.1984 -17.4151 0)
(40.1984 -17.4151 0.05)
(40.4019 -18.5466 0)
(40.4019 -18.5466 0.05)
(40.6166 -19.7404 0)
(40.6166 -19.7404 0.05)
(40.8431 -20.9998 0)
(40.8431 -20.9998 0.05)
(41.0821 -22.3285 0)
(41.0821 -22.3285 0.05)
(41.3342 -23.7303 0)
(41.3342 -23.7303 0.05)
(41.6002 -25.2092 0)
(41.6002 -25.2092 0.05)
(41.8808 -26.7694 0)
(41.8808 -26.7694 0.05)
(42.1768 -28.4154 0)
(42.1768 -28.4154 0.05)
(42.4892 -30.152 0)
(42.4892 -30.152 0.05)
(42.8187 -31.9841 0)
(42.8187 -31.9841 0.05)
(43.1663 -33.9169 0)
(43.1663 -33.9169 0.05)
(43.533 -35.956 0)
(43.533 -35.956 0.05)
(43.9199 -38.1073 0)
(43.9199 -38.1073 0.05)
(44.3281 -40.3769 0)
(44.3281 -40.3769 0.05)
(44.7588 -42.7714 0)
(44.7588 -42.7714 0.05)
(45.2131 -45.2975 0)
(45.2131 -45.2975 0.05)
(45.6924 -47.9626 0)
(45.6924 -47.9626 0.05)
(46.1981 -50.7742 0)
(46.1981 -50.7742 0.05)
(46.7316 -53.7405 0)
(46.7316 -53.7405 0.05)
(47.2944 -56.87 0)
(47.2944 -56.87 0.05)
(47.8882 -60.1715 0)
(47.8882 -60.1715 0.05)
(48.5146 -63.6547 0)
(48.5146 -63.6547 0.05)
(49.1755 -67.3294 0)
(49.1755 -67.3294 0.05)
(49.8728 -71.2062 0)
(49.8728 -71.2062 0.05)
(50.6084 -75.2963 0)
(50.6084 -75.2963 0.05)
(51.3844 -79.6113 0)
(51.3844 -79.6113 0.05)
(52.2032 -84.1636 0)
(52.2032 -84.1636 0.05)
(53.067 -88.9663 0)
(53.067 -88.9663 0.05)
(53.9782 -94.0332 0)
(53.9782 -94.0332 0.05)
(54.9396 -99.3787 0)
(54.9396 -99.3787 0.05)
(55.9539 -105.018 0)
(55.9539 -105.018 0.05)
(57.024 -110.968 0)
(57.024 -110.968 0.05)
(57.8632 -115.522 0)
(57.8632 -115.522 0.05)
(58.7864 -120.532 0)
(58.7864 -120.532 0.05)
(59.8019 -126.042 0)
(59.8019 -126.042 0.05)
(60.919 -132.104 0)
(60.919 -132.104 0.05)
(62.1478 -138.772 0)
(62.1478 -138.772 0.05)
(63.4994 -146.107 0)
(63.4994 -146.107 0.05)
(64.9862 -154.175 0)
(64.9862 -154.175 0.05)
(66.6217 -163.05 0)
(66.6217 -163.05 0.05)
(68.4208 -172.812 0)
(68.4208 -172.812 0.05)
(70.3997 -183.551 0)
(70.3997 -183.551 0.05)
(72.5765 -195.363 0)
(72.5765 -195.363 0.05)
(40.9212 -5.0487e-06 0)
(40.9212 -5.0487e-06 0.05)
(40.9524 -0.173719 0)
(40.9524 -0.173719 0.05)
(40.9854 -0.356987 0)
(40.9854 -0.356987 0.05)
(41.0202 -0.550336 0)
(41.0202 -0.550336 0.05)
(41.0569 -0.754318 0)
(41.0569 -0.754318 0.05)
(41.0956 -0.969519 0)
(41.0956 -0.969519 0.05)
(41.1364 -1.19656 0)
(41.1364 -1.19656 0.05)
(41.1795 -1.43608 0)
(41.1795 -1.43608 0.05)
(41.2249 -1.68878 0)
(41.2249 -1.68878 0.05)
(41.2729 -1.95538 0)
(41.2729 -1.95538 0.05)
(41.3235 -2.23663 0)
(41.3235 -2.23663 0.05)
(41.3768 -2.53336 0)
(41.3768 -2.53336 0.05)
(41.4331 -2.84641 0)
(41.4331 -2.84641 0.05)
(41.4925 -3.17668 0)
(41.4925 -3.17668 0.05)
(41.5552 -3.52511 0)
(41.5552 -3.52511 0.05)
(41.6213 -3.8927 0)
(41.6213 -3.8927 0.05)
(41.691 -4.28052 0)
(41.691 -4.28052 0.05)
(41.7646 -4.68966 0)
(41.7646 -4.68966 0.05)
(41.8423 -5.1213 0)
(41.8423 -5.1213 0.05)
(41.9242 -5.57669 0)
(41.9242 -5.57669 0.05)
(42.0106 -6.05712 0)
(42.0106 -6.05712 0.05)
(42.1017 -6.56397 0)
(42.1017 -6.56397 0.05)
(42.1979 -7.09871 0)
(42.1979 -7.09871 0.05)
(42.2994 -7.66285 0)
(42.2994 -7.66285 0.05)
(42.4064 -8.25802 0)
(42.4064 -8.25802 0.05)
(42.5193 -8.88592 0)
(42.5193 -8.88592 0.05)
(42.6385 -9.54836 0)
(42.6385 -9.54836 0.05)
(42.7642 -10.2472 0)
(42.7642 -10.2472 0.05)
(42.8968 -10.9845 0)
(42.8968 -10.9845 0.05)
(43.0367 -11.7624 0)
(43.0367 -11.7624 0.05)
(43.1843 -12.5831 0)
(43.1843 -12.5831 0.05)
(43.34 -13.4488 0)
(43.34 -13.4488 0.05)
(43.5043 -14.3622 0)
(43.5043 -14.3622 0.05)
(43.6776 -15.3259 0)
(43.6776 -15.3259 0.05)
(43.8604 -16.3425 0)
(43.8604 -16.3425 0.05)
(44.0533 -17.4151 0)
(44.0533 -17.4151 0.05)
(44.2568 -18.5466 0)
(44.2568 -18.5466 0.05)
(44.4715 -19.7404 0)
(44.4715 -19.7404 0.05)
(44.698 -20.9998 0)
(44.698 -20.9998 0.05)
(44.937 -22.3285 0)
(44.937 -22.3285 0.05)
(45.1891 -23.7303 0)
(45.1891 -23.7303 0.05)
(45.4551 -25.2092 0)
(45.4551 -25.2092 0.05)
(45.7357 -26.7694 0)
(45.7357 -26.7694 0.05)
(46.0317 -28.4154 0)
(46.0317 -28.4154 0.05)
(46.3441 -30.152 0)
(46.3441 -30.152 0.05)
(46.6736 -31.9841 0)
(46.6736 -31.9841 0.05)
(47.0212 -33.9169 0)
(47.0212 -33.9169 0.05)
(47.3879 -35.956 0)
(47.3879 -35.956 0.05)
(47.7748 -38.1073 0)
(47.7748 -38.1073 0.05)
(48.183 -40.3769 0)
(48.183 -40.3769 0.05)
(48.6137 -42.7714 0)
(48.6137 -42.7714 0.05)
(49.068 -45.2975 0)
(49.068 -45.2975 0.05)
(49.5473 -47.9626 0)
(49.5473 -47.9626 0.05)
(50.053 -50.7742 0)
(50.053 -50.7742 0.05)
(50.5865 -53.7405 0)
(50.5865 -53.7405 0.05)
(51.1493 -56.87 0)
(51.1493 -56.87 0.05)
(51.7431 -60.1715 0)
(51.7431 -60.1715 0.05)
(52.3695 -63.6547 0)
(52.3695 -63.6547 0.05)
(53.0304 -67.3294 0)
(53.0304 -67.3294 0.05)
(53.7277 -71.2062 0)
(53.7277 -71.2062 0.05)
(54.4633 -75.2963 0)
(54.4633 -75.2963 0.05)
(55.2394 -79.6113 0)
(55.2394 -79.6113 0.05)
(56.0581 -84.1636 0)
(56.0581 -84.1636 0.05)
(56.9219 -88.9663 0)
(56.9219 -88.9663 0.05)
(57.8331 -94.0332 0)
(57.8331 -94.0332 0.05)
(58.7945 -99.3787 0)
(58.7945 -99.3787 0.05)
(59.8088 -105.018 0)
(59.8088 -105.018 0.05)
(60.8789 -110.968 0)
(60.8789 -110.968 0.05)
(61.7181 -115.522 0)
(61.7181 -115.522 0.05)
(62.6413 -120.532 0)
(62.6413 -120.532 0.05)
(63.6568 -126.042 0)
(63.6568 -126.042 0.05)
(64.7739 -132.104 0)
(64.7739 -132.104 0.05)
(66.0027 -138.772 0)
(66.0027 -138.772 0.05)
(67.3543 -146.107 0)
(67.3543 -146.107 0.05)
(68.8411 -154.175 0)
(68.8411 -154.175 0.05)
(70.4766 -163.05 0)
(70.4766 -163.05 0.05)
(72.2757 -172.812 0)
(72.2757 -172.812 0.05)
(44.9688 -5.0487e-06 0)
(44.9688 -5.0487e-06 0.05)
(45.0001 -0.173719 0)
(45.0001 -0.173719 0.05)
(45.033 -0.356987 0)
(45.033 -0.356987 0.05)
(45.0678 -0.550336 0)
(45.0678 -0.550336 0.05)
(45.1045 -0.754318 0)
(45.1045 -0.754318 0.05)
(45.1432 -0.969519 0)
(45.1432 -0.969519 0.05)
(45.184 -1.19656 0)
(45.184 -1.19656 0.05)
(45.2271 -1.43608 0)
(45.2271 -1.43608 0.05)
(45.2726 -1.68878 0)
(45.2726 -1.68878 0.05)
(45.3205 -1.95538 0)
(45.3205 -1.95538 0.05)
(45.3711 -2.23663 0)
(45.3711 -2.23663 0.05)
(45.4245 -2.53336 0)
(45.4245 -2.53336 0.05)
(45.4808 -2.84641 0)
(45.4808 -2.84641 0.05)
(45.5402 -3.17668 0)
(45.5402 -3.17668 0.05)
(45.6028 -3.52511 0)
(45.6028 -3.52511 0.05)
(45.6689 -3.8927 0)
(45.6689 -3.8927 0.05)
(45.7387 -4.28052 0)
(45.7387 -4.28052 0.05)
(45.8123 -4.68966 0)
(45.8123 -4.68966 0.05)
(45.8899 -5.1213 0)
(45.8899 -5.1213 0.05)
(45.9718 -5.57669 0)
(45.9718 -5.57669 0.05)
(46.0582 -6.05712 0)
(46.0582 -6.05712 0.05)
(46.1494 -6.56397 0)
(46.1494 -6.56397 0.05)
(46.2455 -7.09871 0)
(46.2455 -7.09871 0.05)
(46.347 -7.66285 0)
(46.347 -7.66285 0.05)
(46.4541 -8.25802 0)
(46.4541 -8.25802 0.05)
(46.567 -8.88592 0)
(46.567 -8.88592 0.05)
(46.6861 -9.54836 0)
(46.6861 -9.54836 0.05)
(46.8118 -10.2472 0)
(46.8118 -10.2472 0.05)
(46.9444 -10.9845 0)
(46.9444 -10.9845 0.05)
(47.0843 -11.7624 0)
(47.0843 -11.7624 0.05)
(47.2319 -12.5831 0)
(47.2319 -12.5831 0.05)
(47.3876 -13.4488 0)
(47.3876 -13.4488 0.05)
(47.5519 -14.3622 0)
(47.5519 -14.3622 0.05)
(47.7252 -15.3259 0)
(47.7252 -15.3259 0.05)
(47.9081 -16.3425 0)
(47.9081 -16.3425 0.05)
(48.101 -17.4151 0)
(48.101 -17.4151 0.05)
(48.3045 -18.5466 0)
(48.3045 -18.5466 0.05)
(48.5192 -19.7404 0)
(48.5192 -19.7404 0.05)
(48.7457 -20.9998 0)
(48.7457 -20.9998 0.05)
(48.9846 -22.3285 0)
(48.9846 -22.3285 0.05)
(49.2368 -23.7303 0)
(49.2368 -23.7303 0.05)
(49.5027 -25.2092 0)
(49.5027 -25.2092 0.05)
(49.7833 -26.7694 0)
(49.7833 -26.7694 0.05)
(50.0794 -28.4154 0)
(50.0794 -28.4154 0.05)
(50.3917 -30.152 0)
(50.3917 -30.152 0.05)
(50.7212 -31.9841 0)
(50.7212 -31.9841 0.05)
(51.0688 -33.9169 0)
(51.0688 -33.9169 0.05)
(51.4356 -35.956 0)
(51.4356 -35.956 0.05)
(51.8225 -38.1073 0)
(51.8225 -38.1073 0.05)
(52.2307 -40.3769 0)
(52.2307 -40.3769 0.05)
(52.6613 -42.7714 0)
(52.6613 -42.7714 0.05)
(53.1156 -45.2975 0)
(53.1156 -45.2975 0.05)
(53.595 -47.9626 0)
(53.595 -47.9626 0.05)
(54.1006 -50.7742 0)
(54.1006 -50.7742 0.05)
(54.6341 -53.7405 0)
(54.6341 -53.7405 0.05)
(55.197 -56.87 0)
(55.197 -56.87 0.05)
(55.7907 -60.1715 0)
(55.7907 -60.1715 0.05)
(56.4172 -63.6547 0)
(56.4172 -63.6547 0.05)
(57.0781 -67.3294 0)
(57.0781 -67.3294 0.05)
(57.7753 -71.2062 0)
(57.7753 -71.2062 0.05)
(58.5109 -75.2963 0)
(58.5109 -75.2963 0.05)
(59.287 -79.6113 0)
(59.287 -79.6113 0.05)
(60.1057 -84.1636 0)
(60.1057 -84.1636 0.05)
(60.9695 -88.9663 0)
(60.9695 -88.9663 0.05)
(61.8808 -94.0332 0)
(61.8808 -94.0332 0.05)
(62.8422 -99.3787 0)
(62.8422 -99.3787 0.05)
(63.8565 -105.018 0)
(63.8565 -105.018 0.05)
(64.9265 -110.968 0)
(64.9265 -110.968 0.05)
(65.7658 -115.522 0)
(65.7658 -115.522 0.05)
(66.689 -120.532 0)
(66.689 -120.532 0.05)
(67.7045 -126.042 0)
(67.7045 -126.042 0.05)
(68.8216 -132.104 0)
(68.8216 -132.104 0.05)
(70.0503 -138.772 0)
(70.0503 -138.772 0.05)
(71.402 -146.107 0)
(71.402 -146.107 0.05)
(72.8888 -154.175 0)
(72.8888 -154.175 0.05)
(49.2189 -5.0487e-06 0)
(49.2189 -5.0487e-06 0.05)
(49.2501 -0.173719 0)
(49.2501 -0.173719 0.05)
(49.2831 -0.356987 0)
(49.2831 -0.356987 0.05)
(49.3178 -0.550336 0)
(49.3178 -0.550336 0.05)
(49.3545 -0.754318 0)
(49.3545 -0.754318 0.05)
(49.3932 -0.969519 0)
(49.3932 -0.969519 0.05)
(49.4341 -1.19656 0)
(49.4341 -1.19656 0.05)
(49.4771 -1.43608 0)
(49.4771 -1.43608 0.05)
(49.5226 -1.68878 0)
(49.5226 -1.68878 0.05)
(49.5705 -1.95538 0)
(49.5705 -1.95538 0.05)
(49.6211 -2.23663 0)
(49.6211 -2.23663 0.05)
(49.6745 -2.53336 0)
(49.6745 -2.53336 0.05)
(49.7308 -2.84641 0)
(49.7308 -2.84641 0.05)
(49.7902 -3.17668 0)
(49.7902 -3.17668 0.05)
(49.8529 -3.52511 0)
(49.8529 -3.52511 0.05)
(49.919 -3.8927 0)
(49.919 -3.8927 0.05)
(49.9887 -4.28052 0)
(49.9887 -4.28052 0.05)
(50.0623 -4.68966 0)
(50.0623 -4.68966 0.05)
(50.1399 -5.1213 0)
(50.1399 -5.1213 0.05)
(50.2218 -5.57669 0)
(50.2218 -5.57669 0.05)
(50.3082 -6.05712 0)
(50.3082 -6.05712 0.05)
(50.3994 -6.56397 0)
(50.3994 -6.56397 0.05)
(50.4956 -7.09871 0)
(50.4956 -7.09871 0.05)
(50.597 -7.66285 0)
(50.597 -7.66285 0.05)
(50.7041 -8.25802 0)
(50.7041 -8.25802 0.05)
(50.817 -8.88592 0)
(50.817 -8.88592 0.05)
(50.9361 -9.54836 0)
(50.9361 -9.54836 0.05)
(51.0618 -10.2472 0)
(51.0618 -10.2472 0.05)
(51.1944 -10.9845 0)
(51.1944 -10.9845 0.05)
(51.3343 -11.7624 0)
(51.3343 -11.7624 0.05)
(51.4819 -12.5831 0)
(51.4819 -12.5831 0.05)
(51.6377 -13.4488 0)
(51.6377 -13.4488 0.05)
(51.8019 -14.3622 0)
(51.8019 -14.3622 0.05)
(51.9752 -15.3259 0)
(51.9752 -15.3259 0.05)
(52.1581 -16.3425 0)
(52.1581 -16.3425 0.05)
(52.351 -17.4151 0)
(52.351 -17.4151 0.05)
(52.5545 -18.5466 0)
(52.5545 -18.5466 0.05)
(52.7692 -19.7404 0)
(52.7692 -19.7404 0.05)
(52.9957 -20.9998 0)
(52.9957 -20.9998 0.05)
(53.2347 -22.3285 0)
(53.2347 -22.3285 0.05)
(53.4868 -23.7303 0)
(53.4868 -23.7303 0.05)
(53.7528 -25.2092 0)
(53.7528 -25.2092 0.05)
(54.0334 -26.7694 0)
(54.0334 -26.7694 0.05)
(54.3294 -28.4154 0)
(54.3294 -28.4154 0.05)
(54.6417 -30.152 0)
(54.6417 -30.152 0.05)
(54.9712 -31.9841 0)
(54.9712 -31.9841 0.05)
(55.3188 -33.9169 0)
(55.3188 -33.9169 0.05)
(55.6856 -35.956 0)
(55.6856 -35.956 0.05)
(56.0725 -38.1073 0)
(56.0725 -38.1073 0.05)
(56.4807 -40.3769 0)
(56.4807 -40.3769 0.05)
(56.9113 -42.7714 0)
(56.9113 -42.7714 0.05)
(57.3657 -45.2975 0)
(57.3657 -45.2975 0.05)
(57.845 -47.9626 0)
(57.845 -47.9626 0.05)
(58.3507 -50.7742 0)
(58.3507 -50.7742 0.05)
(58.8842 -53.7405 0)
(58.8842 -53.7405 0.05)
(59.447 -56.87 0)
(59.447 -56.87 0.05)
(60.0408 -60.1715 0)
(60.0408 -60.1715 0.05)
(60.6672 -63.6547 0)
(60.6672 -63.6547 0.05)
(61.3281 -67.3294 0)
(61.3281 -67.3294 0.05)
(62.0254 -71.2062 0)
(62.0254 -71.2062 0.05)
(62.761 -75.2963 0)
(62.761 -75.2963 0.05)
(63.537 -79.6113 0)
(63.537 -79.6113 0.05)
(64.3558 -84.1636 0)
(64.3558 -84.1636 0.05)
(65.2195 -88.9663 0)
(65.2195 -88.9663 0.05)
(66.1308 -94.0332 0)
(66.1308 -94.0332 0.05)
(67.0922 -99.3787 0)
(67.0922 -99.3787 0.05)
(68.1065 -105.018 0)
(68.1065 -105.018 0.05)
(69.1766 -110.968 0)
(69.1766 -110.968 0.05)
(70.0158 -115.522 0)
(70.0158 -115.522 0.05)
(70.939 -120.532 0)
(70.939 -120.532 0.05)
(71.9545 -126.042 0)
(71.9545 -126.042 0.05)
(73.0716 -132.104 0)
(73.0716 -132.104 0.05)
(53.6814 -5.0487e-06 0)
(53.6814 -5.0487e-06 0.05)
(53.7126 -0.173719 0)
(53.7126 -0.173719 0.05)
(53.7456 -0.356987 0)
(53.7456 -0.356987 0.05)
(53.7804 -0.550336 0)
(53.7804 -0.550336 0.05)
(53.8171 -0.754318 0)
(53.8171 -0.754318 0.05)
(53.8558 -0.969519 0)
(53.8558 -0.969519 0.05)
(53.8966 -1.19656 0)
(53.8966 -1.19656 0.05)
(53.9397 -1.43608 0)
(53.9397 -1.43608 0.05)
(53.9851 -1.68878 0)
(53.9851 -1.68878 0.05)
(54.0331 -1.95538 0)
(54.0331 -1.95538 0.05)
(54.0837 -2.23663 0)
(54.0837 -2.23663 0.05)
(54.137 -2.53336 0)
(54.137 -2.53336 0.05)
(54.1933 -2.84641 0)
(54.1933 -2.84641 0.05)
(54.2527 -3.17668 0)
(54.2527 -3.17668 0.05)
(54.3154 -3.52511 0)
(54.3154 -3.52511 0.05)
(54.3815 -3.8927 0)
(54.3815 -3.8927 0.05)
(54.4512 -4.28052 0)
(54.4512 -4.28052 0.05)
(54.5248 -4.68966 0)
(54.5248 -4.68966 0.05)
(54.6025 -5.1213 0)
(54.6025 -5.1213 0.05)
(54.6844 -5.57669 0)
(54.6844 -5.57669 0.05)
(54.7708 -6.05712 0)
(54.7708 -6.05712 0.05)
(54.8619 -6.56397 0)
(54.8619 -6.56397 0.05)
(54.9581 -7.09871 0)
(54.9581 -7.09871 0.05)
(55.0596 -7.66285 0)
(55.0596 -7.66285 0.05)
(55.1666 -8.25802 0)
(55.1666 -8.25802 0.05)
(55.2795 -8.88592 0)
(55.2795 -8.88592 0.05)
(55.3987 -9.54836 0)
(55.3987 -9.54836 0.05)
(55.5244 -10.2472 0)
(55.5244 -10.2472 0.05)
(55.657 -10.9845 0)
(55.657 -10.9845 0.05)
(55.7969 -11.7624 0)
(55.7969 -11.7624 0.05)
(55.9445 -12.5831 0)
(55.9445 -12.5831 0.05)
(56.1002 -13.4488 0)
(56.1002 -13.4488 0.05)
(56.2645 -14.3622 0)
(56.2645 -14.3622 0.05)
(56.4378 -15.3259 0)
(56.4378 -15.3259 0.05)
(56.6206 -16.3425 0)
(56.6206 -16.3425 0.05)
(56.8135 -17.4151 0)
(56.8135 -17.4151 0.05)
(57.017 -18.5466 0)
(57.017 -18.5466 0.05)
(57.2317 -19.7404 0)
(57.2317 -19.7404 0.05)
(57.4582 -20.9998 0)
(57.4582 -20.9998 0.05)
(57.6972 -22.3285 0)
(57.6972 -22.3285 0.05)
(57.9493 -23.7303 0)
(57.9493 -23.7303 0.05)
(58.2153 -25.2092 0)
(58.2153 -25.2092 0.05)
(58.4959 -26.7694 0)
(58.4959 -26.7694 0.05)
(58.7919 -28.4154 0)
(58.7919 -28.4154 0.05)
(59.1043 -30.152 0)
(59.1043 -30.152 0.05)
(59.4338 -31.9841 0)
(59.4338 -31.9841 0.05)
(59.7814 -33.9169 0)
(59.7814 -33.9169 0.05)
(60.1481 -35.956 0)
(60.1481 -35.956 0.05)
(60.535 -38.1073 0)
(60.535 -38.1073 0.05)
(60.9432 -40.3769 0)
(60.9432 -40.3769 0.05)
(61.3739 -42.7714 0)
(61.3739 -42.7714 0.05)
(61.8282 -45.2975 0)
(61.8282 -45.2975 0.05)
(62.3075 -47.9626 0)
(62.3075 -47.9626 0.05)
(62.8132 -50.7742 0)
(62.8132 -50.7742 0.05)
(63.3467 -53.7405 0)
(63.3467 -53.7405 0.05)
(63.9095 -56.87 0)
(63.9095 -56.87 0.05)
(64.5033 -60.1715 0)
(64.5033 -60.1715 0.05)
(65.1297 -63.6547 0)
(65.1297 -63.6547 0.05)
(65.7906 -67.3294 0)
(65.7906 -67.3294 0.05)
(66.4879 -71.2062 0)
(66.4879 -71.2062 0.05)
(67.2235 -75.2963 0)
(67.2235 -75.2963 0.05)
(67.9996 -79.6113 0)
(67.9996 -79.6113 0.05)
(68.8183 -84.1636 0)
(68.8183 -84.1636 0.05)
(69.6821 -88.9663 0)
(69.6821 -88.9663 0.05)
(70.5933 -94.0332 0)
(70.5933 -94.0332 0.05)
(71.5547 -99.3787 0)
(71.5547 -99.3787 0.05)
(72.569 -105.018 0)
(72.569 -105.018 0.05)
(58.3671 -5.0487e-06 0)
(58.3671 -5.0487e-06 0.05)
(58.3983 -0.173719 0)
(58.3983 -0.173719 0.05)
(58.4313 -0.356987 0)
(58.4313 -0.356987 0.05)
(58.466 -0.550336 0)
(58.466 -0.550336 0.05)
(58.5027 -0.754318 0)
(58.5027 -0.754318 0.05)
(58.5414 -0.969519 0)
(58.5414 -0.969519 0.05)
(58.5823 -1.19656 0)
(58.5823 -1.19656 0.05)
(58.6253 -1.43608 0)
(58.6253 -1.43608 0.05)
(58.6708 -1.68878 0)
(58.6708 -1.68878 0.05)
(58.7187 -1.95538 0)
(58.7187 -1.95538 0.05)
(58.7693 -2.23663 0)
(58.7693 -2.23663 0.05)
(58.8227 -2.53336 0)
(58.8227 -2.53336 0.05)
(58.879 -2.84641 0)
(58.879 -2.84641 0.05)
(58.9384 -3.17668 0)
(58.9384 -3.17668 0.05)
(59.001 -3.52511 0)
(59.001 -3.52511 0.05)
(59.0672 -3.8927 0)
(59.0672 -3.8927 0.05)
(59.1369 -4.28052 0)
(59.1369 -4.28052 0.05)
(59.2105 -4.68966 0)
(59.2105 -4.68966 0.05)
(59.2881 -5.1213 0)
(59.2881 -5.1213 0.05)
(59.37 -5.57669 0)
(59.37 -5.57669 0.05)
(59.4564 -6.05712 0)
(59.4564 -6.05712 0.05)
(59.5476 -6.56397 0)
(59.5476 -6.56397 0.05)
(59.6438 -7.09871 0)
(59.6438 -7.09871 0.05)
(59.7452 -7.66285 0)
(59.7452 -7.66285 0.05)
(59.8523 -8.25802 0)
(59.8523 -8.25802 0.05)
(59.9652 -8.88592 0)
(59.9652 -8.88592 0.05)
(60.0843 -9.54836 0)
(60.0843 -9.54836 0.05)
(60.21 -10.2472 0)
(60.21 -10.2472 0.05)
(60.3426 -10.9845 0)
(60.3426 -10.9845 0.05)
(60.4825 -11.7624 0)
(60.4825 -11.7624 0.05)
(60.6301 -12.5831 0)
(60.6301 -12.5831 0.05)
(60.7858 -13.4488 0)
(60.7858 -13.4488 0.05)
(60.9501 -14.3622 0)
(60.9501 -14.3622 0.05)
(61.1234 -15.3259 0)
(61.1234 -15.3259 0.05)
(61.3063 -16.3425 0)
(61.3063 -16.3425 0.05)
(61.4992 -17.4151 0)
(61.4992 -17.4151 0.05)
(61.7027 -18.5466 0)
(61.7027 -18.5466 0.05)
(61.9174 -19.7404 0)
(61.9174 -19.7404 0.05)
(62.1439 -20.9998 0)
(62.1439 -20.9998 0.05)
(62.3829 -22.3285 0)
(62.3829 -22.3285 0.05)
(62.635 -23.7303 0)
(62.635 -23.7303 0.05)
(62.9009 -25.2092 0)
(62.9009 -25.2092 0.05)
(63.1815 -26.7694 0)
(63.1815 -26.7694 0.05)
(63.4776 -28.4154 0)
(63.4776 -28.4154 0.05)
(63.7899 -30.152 0)
(63.7899 -30.152 0.05)
(64.1194 -31.9841 0)
(64.1194 -31.9841 0.05)
(64.467 -33.9169 0)
(64.467 -33.9169 0.05)
(64.8338 -35.956 0)
(64.8338 -35.956 0.05)
(65.2207 -38.1073 0)
(65.2207 -38.1073 0.05)
(65.6289 -40.3769 0)
(65.6289 -40.3769 0.05)
(66.0595 -42.7714 0)
(66.0595 -42.7714 0.05)
(66.5138 -45.2975 0)
(66.5138 -45.2975 0.05)
(66.9932 -47.9626 0)
(66.9932 -47.9626 0.05)
(67.4988 -50.7742 0)
(67.4988 -50.7742 0.05)
(68.0323 -53.7405 0)
(68.0323 -53.7405 0.05)
(68.5952 -56.87 0)
(68.5952 -56.87 0.05)
(69.189 -60.1715 0)
(69.189 -60.1715 0.05)
(69.8154 -63.6547 0)
(69.8154 -63.6547 0.05)
(70.4763 -67.3294 0)
(70.4763 -67.3294 0.05)
(71.1735 -71.2062 0)
(71.1735 -71.2062 0.05)
(71.9092 -75.2963 0)
(71.9092 -75.2963 0.05)
(72.6852 -79.6113 0)
(72.6852 -79.6113 0.05)
(63.287 -5.0487e-06 0)
(63.287 -5.0487e-06 0.05)
(63.3182 -0.173719 0)
(63.3182 -0.173719 0.05)
(63.3512 -0.356987 0)
(63.3512 -0.356987 0.05)
(63.386 -0.550336 0)
(63.386 -0.550336 0.05)
(63.4227 -0.754318 0)
(63.4227 -0.754318 0.05)
(63.4614 -0.969519 0)
(63.4614 -0.969519 0.05)
(63.5022 -1.19656 0)
(63.5022 -1.19656 0.05)
(63.5453 -1.43608 0)
(63.5453 -1.43608 0.05)
(63.5907 -1.68878 0)
(63.5907 -1.68878 0.05)
(63.6387 -1.95538 0)
(63.6387 -1.95538 0.05)
(63.6893 -2.23663 0)
(63.6893 -2.23663 0.05)
(63.7426 -2.53336 0)
(63.7426 -2.53336 0.05)
(63.7989 -2.84641 0)
(63.7989 -2.84641 0.05)
(63.8583 -3.17668 0)
(63.8583 -3.17668 0.05)
(63.921 -3.52511 0)
(63.921 -3.52511 0.05)
(63.9871 -3.8927 0)
(63.9871 -3.8927 0.05)
(64.0568 -4.28052 0)
(64.0568 -4.28052 0.05)
(64.1304 -4.68966 0)
(64.1304 -4.68966 0.05)
(64.2081 -5.1213 0)
(64.2081 -5.1213 0.05)
(64.29 -5.57669 0)
(64.29 -5.57669 0.05)
(64.3764 -6.05712 0)
(64.3764 -6.05712 0.05)
(64.4675 -6.56397 0)
(64.4675 -6.56397 0.05)
(64.5637 -7.09871 0)
(64.5637 -7.09871 0.05)
(64.6652 -7.66285 0)
(64.6652 -7.66285 0.05)
(64.7722 -8.25802 0)
(64.7722 -8.25802 0.05)
(64.8851 -8.88592 0)
(64.8851 -8.88592 0.05)
(65.0043 -9.54836 0)
(65.0043 -9.54836 0.05)
(65.13 -10.2472 0)
(65.13 -10.2472 0.05)
(65.2626 -10.9845 0)
(65.2626 -10.9845 0.05)
(65.4025 -11.7624 0)
(65.4025 -11.7624 0.05)
(65.5501 -12.5831 0)
(65.5501 -12.5831 0.05)
(65.7058 -13.4488 0)
(65.7058 -13.4488 0.05)
(65.87 -14.3622 0)
(65.87 -14.3622 0.05)
(66.0434 -15.3259 0)
(66.0434 -15.3259 0.05)
(66.2262 -16.3425 0)
(66.2262 -16.3425 0.05)
(66.4191 -17.4151 0)
(66.4191 -17.4151 0.05)
(66.6226 -18.5466 0)
(66.6226 -18.5466 0.05)
(66.8373 -19.7404 0)
(66.8373 -19.7404 0.05)
(67.0638 -20.9998 0)
(67.0638 -20.9998 0.05)
(67.3028 -22.3285 0)
(67.3028 -22.3285 0.05)
(67.5549 -23.7303 0)
(67.5549 -23.7303 0.05)
(67.8209 -25.2092 0)
(67.8209 -25.2092 0.05)
(68.1015 -26.7694 0)
(68.1015 -26.7694 0.05)
(68.3975 -28.4154 0)
(68.3975 -28.4154 0.05)
(68.7098 -30.152 0)
(68.7098 -30.152 0.05)
(69.0394 -31.9841 0)
(69.0394 -31.9841 0.05)
(69.387 -33.9169 0)
(69.387 -33.9169 0.05)
(69.7537 -35.956 0)
(69.7537 -35.956 0.05)
(70.1406 -38.1073 0)
(70.1406 -38.1073 0.05)
(70.5488 -40.3769 0)
(70.5488 -40.3769 0.05)
(70.9795 -42.7714 0)
(70.9795 -42.7714 0.05)
(71.4338 -45.2975 0)
(71.4338 -45.2975 0.05)
(71.9131 -47.9626 0)
(71.9131 -47.9626 0.05)
(72.4188 -50.7742 0)
(72.4188 -50.7742 0.05)
(72.9523 -53.7405 0)
(72.9523 -53.7405 0.05)
(68.4529 -5.0487e-06 0)
(68.4529 -5.0487e-06 0.05)
(68.4842 -0.173719 0)
(68.4842 -0.173719 0.05)
(68.5171 -0.356987 0)
(68.5171 -0.356987 0.05)
(68.5519 -0.550336 0)
(68.5519 -0.550336 0.05)
(68.5886 -0.754318 0)
(68.5886 -0.754318 0.05)
(68.6273 -0.969519 0)
(68.6273 -0.969519 0.05)
(68.6681 -1.19656 0)
(68.6681 -1.19656 0.05)
(68.7112 -1.43608 0)
(68.7112 -1.43608 0.05)
(68.7567 -1.68878 0)
(68.7567 -1.68878 0.05)
(68.8046 -1.95538 0)
(68.8046 -1.95538 0.05)
(68.8552 -2.23663 0)
(68.8552 -2.23663 0.05)
(68.9085 -2.53336 0)
(68.9085 -2.53336 0.05)
(68.9649 -2.84641 0)
(68.9649 -2.84641 0.05)
(69.0243 -3.17668 0)
(69.0243 -3.17668 0.05)
(69.0869 -3.52511 0)
(69.0869 -3.52511 0.05)
(69.153 -3.8927 0)
(69.153 -3.8927 0.05)
(69.2228 -4.28052 0)
(69.2228 -4.28052 0.05)
(69.2964 -4.68966 0)
(69.2964 -4.68966 0.05)
(69.374 -5.1213 0)
(69.374 -5.1213 0.05)
(69.4559 -5.57669 0)
(69.4559 -5.57669 0.05)
(69.5423 -6.05712 0)
(69.5423 -6.05712 0.05)
(69.6335 -6.56397 0)
(69.6335 -6.56397 0.05)
(69.7296 -7.09871 0)
(69.7296 -7.09871 0.05)
(69.8311 -7.66285 0)
(69.8311 -7.66285 0.05)
(69.9381 -8.25802 0)
(69.9381 -8.25802 0.05)
(70.0511 -8.88592 0)
(70.0511 -8.88592 0.05)
(70.1702 -9.54836 0)
(70.1702 -9.54836 0.05)
(70.2959 -10.2472 0)
(70.2959 -10.2472 0.05)
(70.4285 -10.9845 0)
(70.4285 -10.9845 0.05)
(70.5684 -11.7624 0)
(70.5684 -11.7624 0.05)
(70.716 -12.5831 0)
(70.716 -12.5831 0.05)
(70.8717 -13.4488 0)
(70.8717 -13.4488 0.05)
(71.036 -14.3622 0)
(71.036 -14.3622 0.05)
(71.2093 -15.3259 0)
(71.2093 -15.3259 0.05)
(71.3921 -16.3425 0)
(71.3921 -16.3425 0.05)
(71.585 -17.4151 0)
(71.585 -17.4151 0.05)
(71.7885 -18.5466 0)
(71.7885 -18.5466 0.05)
(72.0032 -19.7404 0)
(72.0032 -19.7404 0.05)
(72.2298 -20.9998 0)
(72.2298 -20.9998 0.05)
(72.4687 -22.3285 0)
(72.4687 -22.3285 0.05)
(72.7208 -23.7303 0)
(72.7208 -23.7303 0.05)
(72.9868 -25.2092 0)
(72.9868 -25.2092 0.05)
(73.2674 -26.7694 0)
(73.2674 -26.7694 0.05)
)


// ************************************************************************* //
