/*--------------------------------*- C++ -*----------------------------------*\
| =========                 |                                                 |
| \\      /  F ield         | OpenFOAM: The Open Source CFD Toolbox           |
|  \\    /   O peration     | Version:  2212                                  |
|   \\  /    A nd           | Website:  www.openfoam.com                      |
|    \\/     M anipulation  |                                                 |
\*---------------------------------------------------------------------------*/
FoamFile
{
    version     2.0;
    format      ascii;
    arch        "LSB;label=32;scalar=64";
    class       labelList;
    location    "constant/polyMesh";
    object      pointProcAddressing;
}
// * * * * * * * * * * * * * * * * * * * * * * * * * * * * * * * * * * * * * //


2884
(
39
74
75
76
77
117
152
153
154
155
230
231
232
233
234
309
310
311
312
313
388
389
390
391
392
467
468
469
470
471
546
547
548
549
550
625
626
627
628
629
704
705
706
707
708
783
784
785
786
787
862
863
864
865
866
941
942
943
944
945
1020
1021
1022
1023
1024
1099
1100
1101
1102
1103
1178
1179
1180
1181
1182
1257
1258
1259
1260
1261
1336
1337
1338
1339
1340
1415
1416
1417
1418
1419
1494
1495
1496
1497
1498
1573
1574
1575
1576
1577
1652
1653
1654
1655
1656
1731
1732
1733
1734
1735
1810
1811
1812
1813
1814
1889
1890
1891
1892
1893
1968
1969
1970
1971
1972
2047
2048
2049
2050
2051
2126
2127
2128
2129
2130
2205
2206
2207
2208
2209
2284
2285
2286
2287
2288
2363
2364
2365
2366
2367
2442
2443
2444
2445
2446
2521
2522
2523
2524
2525
2600
2601
2602
2603
2604
2679
2680
2681
2682
2683
2758
2759
2760
2761
2762
2837
2838
2839
2840
2841
2916
2917
2918
2919
2920
2995
2996
2997
2998
2999
3074
3075
3076
3077
3078
3153
3154
3155
3156
3157
3232
3233
3234
3235
3236
3311
3312
3313
3314
3315
3390
3391
3392
3393
3394
3469
3470
3471
3472
3473
3548
3549
3550
3551
3552
3627
3628
3629
3630
3631
3706
3707
3708
3709
3710
3785
3786
3787
3788
3789
3864
3865
3866
3867
3868
3943
3944
3945
3946
3947
4022
4023
4024
4025
4026
4101
4102
4103
4104
4105
4180
4181
4182
4183
4184
4259
4260
4261
4262
4263
4338
4339
4340
4341
4342
4417
4418
4419
4420
4421
4496
4497
4498
4499
4500
4575
4576
4577
4578
4579
4654
4655
4656
4657
4658
4733
4734
4735
4736
4737
4812
4813
4814
4815
4816
4891
4892
4893
4894
4895
4970
4971
4972
4973
4974
5049
5050
5051
5052
5053
5128
5129
5130
5131
5132
5207
5208
5209
5210
5211
5286
5287
5288
5289
5290
5365
5366
5367
5368
5369
5444
5445
5446
5447
5448
5523
5524
5525
5526
5527
5602
5603
5604
5605
5606
5681
5682
5683
5684
5685
5760
5761
5762
5763
5764
5839
5840
5841
5842
5843
5918
5919
5920
5921
5922
5997
5998
5999
6000
6001
6075
6076
6077
6078
6079
6080
6154
6155
6156
6157
6158
6159
6233
6234
6235
6236
6237
6238
6312
6313
6314
6315
6316
6317
6391
6392
6393
6394
6395
6396
6470
6471
6472
6473
6474
6475
6549
6550
6551
6552
6553
6554
6628
6629
6630
6631
6632
6633
6707
6708
6709
6710
6711
6712
6786
6787
6788
6789
6790
6791
6865
6866
6867
6868
6869
6870
6944
6945
6946
6947
6948
6949
7023
7024
7025
7026
7027
7028
7102
7103
7104
7105
7106
7107
7181
7182
7183
7184
7185
7186
7260
7261
7262
7263
7264
7265
7339
7340
7341
7342
7343
7344
7418
7419
7420
7421
7422
7423
7497
7498
7499
7500
7501
7502
7576
7577
7578
7579
7580
7581
7655
7656
7657
7658
7659
7660
7734
7735
7736
7737
7738
7739
7813
7814
7815
7816
7817
7818
7892
7893
7894
7895
7896
7897
7971
7972
7973
7974
7975
7976
8050
8051
8052
8053
8054
8055
8129
8130
8131
8132
8133
8134
8208
8209
8210
8211
8212
8213
8286
8287
8288
8289
8290
8291
8292
8365
8366
8367
8368
8369
8370
8371
8444
8445
8446
8447
8448
8449
8450
8523
8524
8525
8526
8527
8528
8529
8602
8603
8604
8605
8606
8607
8608
8681
8682
8683
8684
8685
8686
8687
8760
8761
8762
8763
8764
8765
8766
8839
8840
8841
8842
8843
8844
8845
8918
8919
8920
8921
8922
8923
8924
8997
8998
8999
9000
9001
9002
9003
9076
9077
9078
9079
9080
9081
9082
9155
9156
9157
9158
9159
9160
9161
9234
9235
9236
9237
9238
9239
9240
9313
9314
9315
9316
9317
9318
9319
9392
9393
9394
9395
9396
9397
9398
9471
9472
9473
9474
9475
9476
9477
9550
9551
9552
9553
9554
9555
9556
9629
9630
9631
9632
9633
9634
9635
9707
9708
9709
9710
9711
9712
9713
9714
9786
9787
9788
9789
9790
9791
9792
9793
9865
9866
9867
9868
9869
9870
9871
9872
9944
9945
9946
9947
9948
9949
9950
9951
10023
10024
10025
10026
10027
10028
10029
10030
10102
10103
10104
10105
10106
10107
10108
10109
10181
10182
10183
10184
10185
10186
10187
10188
10260
10261
10262
10263
10264
10265
10266
10267
10339
10340
10341
10342
10343
10344
10345
10346
10418
10419
10420
10421
10422
10423
10424
10425
10497
10498
10499
10500
10501
10502
10503
10504
10576
10577
10578
10579
10580
10581
10582
10583
10655
10656
10657
10658
10659
10660
10661
10662
10734
10735
10736
10737
10738
10739
10740
10741
10813
10814
10815
10816
10817
10818
10819
10820
10892
10893
10894
10895
10896
10897
10898
10899
10971
10972
10973
10974
10975
10976
10977
10978
11050
11051
11052
11053
11054
11055
11056
11057
11129
11130
11131
11132
11133
11134
11135
11136
11208
11209
11210
11211
11212
11213
11214
11215
11286
11287
11288
11289
11290
11291
11292
11293
11294
11365
11366
11367
11368
11369
11370
11371
11372
11373
11444
11445
11446
11447
11448
11449
11450
11451
11452
11523
11524
11525
11526
11527
11528
11529
11530
11531
11602
11603
11604
11605
11606
11607
11608
11609
11610
11681
11682
11683
11684
11685
11686
11687
11688
11689
11760
11761
11762
11763
11764
11765
11766
11767
11768
11839
11840
11841
11842
11843
11844
11845
11846
11847
11918
11919
11920
11921
11922
11923
11924
11925
11926
11997
11998
11999
12000
12001
12002
12003
12004
12005
12076
12077
12078
12079
12080
12081
12082
12083
12084
12155
12156
12157
12158
12159
12160
12161
12162
12163
12234
12235
12236
12237
12238
12239
12240
12241
12242
12313
12314
12315
12316
12317
12318
12319
12320
12321
12392
12393
12394
12395
12396
12397
12398
12399
12400
12471
12472
12473
12474
12475
12476
12477
12478
12479
12550
12551
12552
12553
12554
12555
12556
12557
12558
12629
12630
12631
12632
12633
12634
12635
12636
12637
12708
12709
12710
12711
12712
12713
12714
12715
12716
12787
12788
12789
12790
12791
12792
12793
12794
12795
12796
12797
12799
12801
12803
12805
12807
12809
12811
12813
12815
12817
12819
12821
12823
12825
12827
12829
12831
12833
12835
12837
12839
12841
12843
12845
12847
12849
12851
12853
12855
12857
12859
12861
12863
12865
12867
12869
12871
12873
12875
12877
12879
12881
12883
12885
12887
12889
12891
12893
12895
12897
12899
12901
12903
12905
12907
12909
12911
12913
12915
12917
12919
12921
12923
12925
12927
12929
12931
12933
12935
12937
12939
12941
12943
12945
12947
12949
12951
12953
12955
12957
12959
12961
12963
12965
12967
12969
12971
12973
12975
12977
12979
12981
12983
12985
12987
12989
12991
12993
12995
12997
12999
13001
13003
13005
13007
13009
13011
13013
13015
13017
13019
13021
13023
13025
13027
13029
13031
13033
13035
13037
13039
13041
13043
13045
13047
13049
13051
13053
13055
13057
13059
13061
13063
13065
13067
13069
13071
13073
13075
13077
13079
13081
13083
13085
13087
13089
13091
13093
13095
13097
13099
13101
13103
13105
13107
13109
13111
13113
13115
13117
13118
13119
13121
13123
13125
13127
13129
13131
13133
13135
13137
13139
13141
13143
13145
13147
13149
13151
13153
13155
13157
13159
13161
13163
13165
13167
13169
13171
13173
13175
13177
13179
13181
13183
13185
13187
13189
13191
13193
13195
13197
13199
13201
13203
13205
13207
13209
13211
13213
13215
13217
13219
13221
13223
13225
13227
13229
13231
13233
13235
13237
13239
13241
13243
13245
13247
13249
13251
13253
13255
13257
13259
13261
13263
13265
13267
13269
13271
13273
13275
13277
13279
13281
13283
13285
13287
13289
13291
13293
13295
13297
13299
13301
13303
13305
13307
13309
13311
13313
13315
13317
13319
13321
13323
13325
13327
13329
13331
13333
13335
13337
13339
13341
13343
13345
13347
13349
13351
13353
13355
13357
13359
13361
13363
13365
13367
13369
13371
13373
13375
13377
13379
13381
13383
13385
13387
13389
13391
13393
13395
13397
13399
13401
13403
13405
13407
13409
13411
13413
13415
13417
13419
13421
13423
13425
13427
13429
13431
13433
13435
13437
13439
13440
13441
13443
13445
13447
13449
13451
13453
13455
13457
13459
13461
13463
13465
13467
13469
13471
13473
13475
13477
13479
13481
13483
13485
13487
13489
13491
13493
13495
13497
13499
13501
13503
13505
13507
13509
13511
13513
13515
13517
13519
13521
13523
13525
13527
13529
13531
13533
13535
13537
13539
13541
13543
13545
13547
13549
13551
13553
13555
13557
13559
13561
13563
13565
13567
13569
13571
13573
13575
13577
13579
13581
13583
13585
13587
13589
13591
13593
13595
13597
13599
13601
13603
13605
13607
13609
13611
13613
13615
13617
13619
13621
13623
13625
13627
13629
13631
13633
13635
13637
13639
13641
13643
13645
13647
13649
13651
13653
13655
13657
13659
13661
13663
13665
13667
13669
13671
13673
13675
13677
13679
13681
13683
13685
13687
13689
13691
13693
13695
13697
13699
13701
13703
13705
13707
13709
13711
13713
13715
13717
13719
13721
13723
13725
13727
13729
13731
13733
13735
13737
13739
13741
13743
13745
13747
13749
13751
13753
13755
13757
13759
13761
13762
13763
13765
13767
13769
13771
13773
13775
13777
13779
13781
13783
13785
13787
13789
13791
13793
13795
13797
13799
13801
13803
13805
13807
13809
13811
13813
13815
13817
13819
13821
13823
13825
13827
13829
13831
13833
13835
13837
13839
13841
13843
13845
13847
13849
13851
13853
13855
13857
13859
13861
13863
13865
13867
13869
13871
13873
13875
13877
13879
13881
13883
13885
13887
13889
13891
13893
13895
13897
13899
13901
13903
13905
13907
13909
13911
13913
13915
13917
13919
13921
13923
13925
13927
13929
13931
13933
13935
13937
13939
13941
13943
13945
13947
13949
13951
13953
13955
13957
13959
13961
13963
13965
13967
13969
13971
13973
13975
13977
13979
13981
13983
13985
13987
13989
13991
13993
13995
13997
13999
14001
14003
14005
14007
14009
14011
14013
14015
14017
14019
14021
14023
14025
14027
14029
14031
14033
14035
14037
14039
14041
14043
14045
14047
14049
14051
14053
14055
14057
14059
14061
14063
14065
14067
14069
14071
14073
14075
14077
14079
14081
14083
14084
14085
14087
14089
14091
14093
14095
14097
14099
14101
14103
14105
14107
14109
14111
14113
14115
14117
14119
14121
14123
14125
14127
14129
14131
14133
14135
14137
14139
14141
14143
14145
14147
14149
14151
14153
14155
14157
14159
14161
14163
14165
14167
14169
14171
14173
14175
14177
14179
14181
14183
14185
14187
14189
14191
14193
14195
14197
14199
14201
14203
14205
14207
14209
14211
14213
14215
14217
14219
14221
14223
14225
14227
14229
14231
14233
14235
14237
14239
14241
14243
14245
14247
14249
14251
14253
14255
14257
14259
14261
14263
14265
14267
14269
14271
14273
14275
14277
14279
14281
14283
14285
14287
14289
14291
14293
14295
14297
14299
14301
14303
14305
14307
14309
14311
14313
14315
14317
14319
14321
14323
14325
14327
14329
14331
14333
14335
14337
14339
14341
14343
14345
14347
14349
14351
14353
14355
14357
14359
14361
14363
14365
14367
14369
14371
14373
14375
14377
14379
14381
14383
14385
14387
14389
14391
14393
14395
14397
14399
14401
14403
14405
14406
14407
14409
14411
14413
14415
14417
14419
14421
14423
14425
14427
14429
14431
14433
14435
14437
14439
14441
14443
14445
14447
14449
14451
14453
14455
14457
14459
14461
14463
14465
14467
14469
14471
14473
14475
14477
14479
14481
14483
14485
14487
14489
14491
14493
14495
14497
14499
14501
14503
14505
14507
14509
14511
14513
14515
14517
14519
14521
14523
14525
14527
14529
14531
14533
14535
14537
14539
14541
14543
14545
14547
14549
14551
14553
14555
14557
14559
14561
14563
14565
14567
14569
14571
14573
14575
14577
14579
14581
14583
14585
14587
14589
14591
14593
14595
14597
14599
14601
14603
14605
14607
14609
14611
14613
14615
14617
14619
14621
14623
14625
14627
14629
14631
14633
14635
14637
14639
14641
14643
14645
14647
14649
14651
14653
14655
14657
14659
14661
14663
14665
14667
14669
14671
14673
14675
14677
14679
14681
14683
14685
14687
14689
14691
14693
14695
14697
14699
14701
14703
14705
14707
14709
14711
14713
14715
14717
14719
14728
14729
14731
14733
14735
14737
14739
14741
14743
14745
14747
14749
14751
14753
14755
14757
14759
14761
14763
14765
14767
14769
14771
14773
14775
14777
14779
14781
14783
14785
14787
14789
14791
14793
14795
14797
14799
14801
14803
14805
14807
14809
14811
14813
14815
14817
14819
14821
14823
14825
14827
14829
14831
14833
14835
14837
14839
14841
14843
14845
14847
14849
14851
14853
14855
14857
14859
14861
14863
14865
14867
14869
14871
14873
14875
14877
14879
14881
14883
14885
14887
14889
14891
14893
14895
14897
14899
14901
14903
14905
14907
14909
14911
14913
14915
14917
14919
14921
14923
14925
14927
14929
14931
14933
14935
14937
14939
14941
14943
14945
14947
14949
14951
14953
14955
14957
14959
14961
14963
14965
14967
14969
14971
14973
14975
14977
14979
14981
14983
14985
14987
14989
14991
14993
14995
14997
14999
15001
15003
15005
15007
15009
15011
15013
15015
15017
15019
15021
15023
15025
15027
15029
15031
15033
15050
15051
15053
15055
15057
15059
15061
15063
15065
15067
15069
15071
15073
15075
15077
15079
15081
15083
15085
15087
15089
15091
15093
15095
15097
15099
15101
15103
15105
15107
15109
15111
15113
15115
15117
15119
15121
15123
15125
15127
15129
15131
15133
15135
15137
15139
15141
15143
15145
15147
15149
15151
15153
15155
15157
15159
15161
15163
15165
15167
15169
15171
15173
15175
15177
15179
15181
15183
15185
15187
15189
15191
15193
15195
15197
15199
15201
15203
15205
15207
15209
15211
15213
15215
15217
15219
15221
15223
15225
15227
15229
15231
15233
15235
15237
15239
15241
15243
15245
15247
15249
15251
15253
15255
15257
15259
15261
15263
15265
15267
15269
15271
15273
15275
15277
15279
15281
15283
15285
15287
15289
15291
15293
15295
15297
15299
15301
15303
15305
15307
15309
15311
15313
15315
15317
15319
15321
15323
15325
15327
15329
15331
15333
15335
15337
15339
15341
15343
15345
15347
15372
15373
15375
15377
15379
15381
15383
15385
15387
15389
15391
15393
15395
15397
15399
15401
15403
15405
15407
15409
15411
15413
15415
15417
15419
15421
15423
15425
15427
15429
15431
15433
15435
15437
15439
15441
15443
15445
15447
15449
15451
15453
15455
15457
15459
15461
15463
15465
15467
15469
15471
15473
15475
15477
15479
15481
15483
15485
15487
15489
15491
15493
15495
15497
15499
15501
15503
15505
15507
15509
15511
15513
15515
15517
15519
15521
15523
15525
15527
15529
15531
15533
15535
15537
15539
15541
15543
15545
15547
15549
15551
15553
15555
15557
15559
15561
15563
15565
15567
15569
15571
15573
15575
15577
15579
15581
15583
15585
15587
15589
15591
15593
15595
15597
15599
15601
15603
15605
15607
15609
15611
15613
15615
15617
15619
15621
15623
15625
15627
15629
15631
15633
15635
15637
15639
15641
15643
15645
15647
15649
15651
15653
15655
15657
15694
15695
15697
15699
15701
15703
15705
15707
15709
15711
15713
15715
15717
15719
15721
15723
15725
15727
15729
15731
15733
15735
15737
15739
15741
15743
15745
15747
15749
15751
15753
15755
15757
15759
15761
15763
15765
15767
15769
15771
15773
15775
15777
15779
15781
15783
15785
15787
15789
15791
15793
15795
15797
15799
15801
15803
15805
15807
15809
15811
15813
15815
15817
15819
15821
15823
15825
15827
15829
15831
15833
15835
15837
15839
15841
15843
15845
15847
15849
15851
15853
15855
15857
15859
15861
15863
15865
15867
15869
15871
15873
15875
15877
15879
15881
15883
15885
15887
15889
15891
15893
15895
15897
15899
15901
15903
15905
15907
15909
15911
15913
15915
15917
15919
15921
15923
15925
15927
15929
15931
15933
15935
15937
15939
15941
15943
15945
15947
15949
15951
15953
15955
15957
15959
16016
16017
16019
16021
16023
16025
16027
16029
16031
16033
16035
16037
16039
16041
16043
16045
16047
16049
16051
16053
16055
16057
16059
16061
16063
16065
16067
16069
16071
16073
16075
16077
16079
16081
16083
16085
16087
16089
16091
16093
16095
16097
16099
16101
16103
16105
16107
16109
16111
16113
16115
16117
16119
16121
16123
16125
16127
16129
16131
16133
16135
16137
16139
16141
16143
16145
16147
16149
16151
16153
16155
16157
16159
16161
16163
16165
16167
16169
16171
16173
16175
16177
16179
16181
16183
16185
16187
16189
16191
16193
16195
16197
16199
16201
16203
16205
16207
16209
16211
16213
16215
16217
16219
16221
16223
16225
16227
16229
16231
16233
16235
16237
16239
16241
16243
16245
16247
16249
16251
16253
16255
16257
16259
16261
16338
16339
16341
16343
16345
16347
16349
16351
16353
16355
16357
16359
16361
16363
16365
16367
16369
16371
16373
16375
16377
16379
16381
16383
16385
16387
16389
16391
16393
16395
16397
16399
16401
16403
16405
16407
16409
16411
16413
16415
16417
16419
16421
16423
16425
16427
16429
16431
16433
16435
16437
16439
16441
16443
16445
16447
16449
16451
16453
16455
16457
16459
16461
16463
16465
16467
16469
16471
16473
16475
16477
16479
16481
16483
16485
16487
16489
16491
16493
16495
16497
16499
16501
16503
16505
16507
16509
16511
16513
16515
16517
16519
16521
16523
16525
16527
16529
16531
16533
16535
16537
16539
16541
16543
16545
16547
16549
16551
16553
16555
16660
16661
16663
16665
16667
16669
16671
16673
16675
16677
16679
16681
16683
16685
16687
16689
16691
16693
16695
16697
16699
16701
16703
16705
16707
16709
16711
16713
16715
16717
16719
16721
16723
16725
16727
16729
16731
16733
16735
16737
16739
16741
16743
16745
16747
16749
16751
16753
16755
16757
16759
16761
16763
16765
16767
16769
16771
16773
16775
16777
16779
16781
16783
16785
16787
16789
16791
16793
16795
16797
16799
16801
16803
16805
16807
16809
16811
16813
16815
16817
16819
16821
16823
16825
16827
16829
)


// ************************************************************************* //
