/*--------------------------------*- C++ -*----------------------------------*\
| =========                 |                                                 |
| \\      /  F ield         | OpenFOAM: The Open Source CFD Toolbox           |
|  \\    /   O peration     | Version:  2212                                  |
|   \\  /    A nd           | Website:  www.openfoam.com                      |
|    \\/     M anipulation  |                                                 |
\*---------------------------------------------------------------------------*/
FoamFile
{
    version     2.0;
    format      ascii;
    arch        "LSB;label=32;scalar=64";
    note        "nPoints:2906  nCells:1340  nFaces:5472  nInternalFaces:2568";
    class       labelList;
    location    "constant/polyMesh";
    object      neighbour;
}
// * * * * * * * * * * * * * * * * * * * * * * * * * * * * * * * * * * * * * //


2568
(
1
29
2
30
3
31
4
32
5
33
6
34
7
35
8
36
9
37
10
38
11
39
12
40
13
41
14
42
15
43
16
44
17
45
18
46
19
47
20
48
21
49
22
50
23
51
24
52
25
53
26
54
27
55
56
29
57
30
58
31
59
32
60
33
61
34
62
35
63
36
64
37
65
38
66
39
67
40
68
41
69
42
70
43
71
44
72
45
73
46
74
47
75
48
76
49
77
50
78
51
79
52
80
53
81
54
82
55
83
56
84
85
58
87
59
88
60
89
61
90
62
91
63
92
64
93
65
94
66
95
67
96
68
97
69
98
70
99
71
100
72
101
73
102
74
103
75
104
76
105
77
106
78
107
79
108
80
109
81
110
82
111
83
112
84
113
85
114
115
87
116
88
117
89
118
90
119
91
120
92
121
93
122
94
123
95
124
96
125
97
126
98
127
99
128
100
129
101
130
102
131
103
132
104
133
105
134
106
135
107
136
108
137
109
138
110
139
111
140
112
141
113
142
114
143
115
144
145
117
147
118
148
119
149
120
150
121
151
122
152
123
153
124
154
125
155
126
156
127
157
128
158
129
159
130
160
131
161
132
162
133
163
134
164
135
165
136
166
137
167
138
168
139
169
140
170
141
171
142
172
143
173
144
174
145
175
176
147
177
148
178
149
179
150
180
151
181
152
182
153
183
154
184
155
185
156
186
157
187
158
188
159
189
160
190
161
191
162
192
163
193
164
194
165
195
166
196
167
197
168
198
169
199
170
200
171
201
172
202
173
203
174
204
175
205
176
206
207
178
208
179
209
180
210
181
211
182
212
183
213
184
214
185
215
186
216
187
217
188
218
189
219
190
220
191
221
192
222
193
223
194
224
195
225
196
226
197
227
198
228
199
229
200
230
201
231
202
232
203
233
204
234
205
235
206
236
207
237
238
209
240
210
241
211
242
212
243
213
244
214
245
215
246
216
247
217
248
218
249
219
250
220
251
221
252
222
253
223
254
224
255
225
256
226
257
227
258
228
259
229
260
230
261
231
262
232
263
233
264
234
265
235
266
236
267
237
268
238
269
270
240
241
271
242
272
243
273
244
274
245
275
246
276
247
277
248
278
249
279
250
280
251
281
252
282
253
283
254
284
255
285
256
286
257
287
258
288
259
289
260
290
261
291
262
292
263
293
264
294
265
295
266
296
267
297
268
298
269
299
270
300
301
272
273
302
274
303
275
304
276
305
277
306
278
307
279
308
280
309
281
310
282
311
283
312
284
313
285
314
286
315
287
316
288
317
289
318
290
319
291
320
292
321
293
322
294
323
295
324
296
325
297
326
298
327
299
328
300
329
301
330
331
303
304
332
305
333
306
334
307
335
308
336
309
337
310
338
311
339
312
340
313
341
314
342
315
343
316
344
317
345
318
346
319
347
320
348
321
349
322
350
323
351
324
352
325
353
326
354
327
355
328
356
329
357
330
358
331
359
360
333
334
361
335
362
336
363
337
364
338
365
339
366
340
367
341
368
342
369
343
370
344
371
345
372
346
373
347
374
348
375
349
376
350
377
351
378
352
379
353
380
354
381
355
382
356
383
357
384
358
385
359
386
360
387
388
362
363
389
364
390
365
391
366
392
367
393
368
394
369
395
370
396
371
397
372
398
373
399
374
400
375
401
376
402
377
403
378
404
379
405
380
406
381
407
382
408
383
409
384
410
385
411
386
412
387
413
388
414
415
390
391
416
392
417
393
418
394
419
395
420
396
421
397
422
398
423
399
424
400
425
401
426
402
427
403
428
404
429
405
430
406
431
407
432
408
433
409
434
410
435
411
436
412
437
413
438
414
439
415
440
441
417
442
418
443
419
444
420
445
421
446
422
447
423
448
424
449
425
450
426
451
427
452
428
453
429
454
430
455
431
456
432
457
433
458
434
459
435
460
436
461
437
462
438
463
439
464
440
465
441
466
467
443
444
468
445
469
446
470
447
471
448
472
449
473
450
474
451
475
452
476
453
477
454
478
455
479
456
480
457
481
458
482
459
483
460
484
461
485
462
486
463
487
464
488
465
489
466
490
467
491
492
469
493
470
494
471
495
472
496
473
497
474
498
475
499
476
500
477
501
478
502
479
503
480
504
481
505
482
506
483
507
484
508
485
509
486
510
487
511
488
512
489
513
490
514
491
515
492
516
517
494
495
518
496
519
497
520
498
521
499
522
500
523
501
524
502
525
503
526
504
527
505
528
506
529
507
530
508
531
509
532
510
533
511
534
512
535
513
536
514
537
515
538
516
539
517
540
541
519
542
520
543
521
544
522
545
523
546
524
547
525
548
526
549
527
550
528
551
529
552
530
553
531
554
532
555
533
556
534
557
535
558
536
559
537
560
538
561
539
562
540
563
541
564
565
543
566
544
567
545
568
546
569
547
570
548
571
549
572
550
573
551
574
552
575
553
576
554
577
555
578
556
579
557
580
558
581
559
582
560
583
561
584
562
585
563
586
564
587
565
588
589
567
568
590
569
591
570
592
571
593
572
594
573
595
574
596
575
597
576
598
577
599
578
600
579
601
580
602
581
603
582
604
583
605
584
606
585
607
586
608
587
609
588
610
589
611
612
591
613
592
614
593
615
594
616
595
617
596
618
597
619
598
620
599
621
600
622
601
623
602
624
603
625
604
626
605
627
606
628
607
629
608
630
609
631
610
632
611
633
612
634
635
614
615
636
616
637
617
638
618
639
619
640
620
641
621
642
622
643
623
644
624
645
625
646
626
647
627
648
628
649
629
650
630
651
631
652
632
653
633
654
634
655
635
656
657
637
658
638
659
639
660
640
661
641
662
642
663
643
664
644
665
645
666
646
667
647
668
648
669
649
670
650
671
651
672
652
673
653
674
654
675
655
676
656
677
657
678
679
659
680
660
681
661
682
662
683
663
684
664
685
665
686
666
687
667
688
668
689
669
690
670
691
671
692
672
693
673
694
674
695
675
696
676
697
677
698
678
699
679
700
701
681
682
702
683
703
684
704
685
705
686
706
687
707
688
708
689
709
690
710
691
711
692
712
693
713
694
714
695
715
696
716
697
717
698
718
699
719
700
720
701
721
722
703
723
704
724
705
725
706
726
707
727
708
728
709
729
710
730
711
731
712
732
713
733
714
734
715
735
716
736
717
737
718
738
719
739
720
740
721
741
722
742
743
724
744
725
745
726
746
727
747
728
748
729
749
730
750
731
751
732
752
733
753
734
754
735
755
736
756
737
757
738
758
739
759
740
760
741
761
742
762
743
763
764
745
746
765
747
766
748
767
749
768
750
769
751
770
752
771
753
772
754
773
755
774
756
775
757
776
758
777
759
778
760
779
761
780
762
781
763
782
764
783
784
766
785
767
786
768
787
769
788
770
789
771
790
772
791
773
792
774
793
775
794
776
795
777
796
778
797
779
798
780
799
781
800
782
801
783
802
784
803
804
786
787
805
788
806
789
807
790
808
791
809
792
810
793
811
794
812
795
813
796
814
797
815
798
816
799
817
800
818
801
819
802
820
803
821
804
822
823
806
824
807
825
808
826
809
827
810
828
811
829
812
830
813
831
814
832
815
833
816
834
817
835
818
836
819
837
820
838
821
839
822
840
823
841
842
825
843
826
844
827
845
828
846
829
847
830
848
831
849
832
850
833
851
834
852
835
853
836
854
837
855
838
856
839
857
840
858
841
859
842
860
861
844
845
862
846
863
847
864
848
865
849
866
850
867
851
868
852
869
853
870
854
871
855
872
856
873
857
874
858
875
859
876
860
877
861
878
879
863
880
864
881
865
882
866
883
867
884
868
885
869
886
870
887
871
888
872
889
873
890
874
891
875
892
876
893
877
894
878
895
879
896
897
881
898
882
899
883
900
884
901
885
902
886
903
887
904
888
905
889
906
890
907
891
908
892
909
893
910
894
911
895
912
896
913
897
914
915
899
900
916
901
917
902
918
903
919
904
920
905
921
906
922
907
923
908
924
909
925
910
926
911
927
912
928
913
929
914
930
915
931
932
917
933
918
934
919
935
920
936
921
937
922
938
923
939
924
940
925
941
926
942
927
943
928
944
929
945
930
946
931
947
932
948
934
949
935
950
936
951
937
952
938
953
939
954
940
955
941
956
942
957
943
958
944
959
945
960
946
961
947
962
948
963
964
950
951
965
952
966
953
967
954
968
955
969
956
970
957
971
958
972
959
973
960
974
961
975
962
976
963
977
964
978
979
966
980
967
981
968
982
969
983
970
984
971
985
972
986
973
987
974
988
975
989
976
990
977
991
978
992
979
993
994
981
995
982
996
983
997
984
998
985
999
986
1000
987
1001
988
1002
989
1003
990
1004
991
1005
992
1006
993
1007
994
1008
1009
996
997
1010
998
1011
999
1012
1000
1013
1001
1014
1002
1015
1003
1016
1004
1017
1005
1018
1006
1019
1007
1020
1008
1021
1009
1022
1023
1011
1024
1012
1025
1013
1026
1014
1027
1015
1028
1016
1029
1017
1030
1018
1031
1019
1032
1020
1033
1021
1034
1022
1035
1023
1036
1037
1025
1038
1026
1039
1027
1040
1028
1041
1029
1042
1030
1043
1031
1044
1032
1045
1033
1046
1034
1047
1035
1048
1036
1049
1037
1050
1051
1039
1040
1052
1041
1053
1042
1054
1043
1055
1044
1056
1045
1057
1046
1058
1047
1059
1048
1060
1049
1061
1050
1062
1051
1063
1064
1053
1065
1054
1066
1055
1067
1056
1068
1057
1069
1058
1070
1059
1071
1060
1072
1061
1073
1062
1074
1063
1075
1064
1076
1077
1066
1078
1067
1079
1068
1080
1069
1081
1070
1082
1071
1083
1072
1084
1073
1085
1074
1086
1075
1087
1076
1088
1077
1089
1090
1079
1091
1080
1092
1081
1093
1082
1094
1083
1095
1084
1096
1085
1097
1086
1098
1087
1099
1088
1100
1089
1101
1090
1102
1103
1092
1093
1104
1094
1105
1095
1106
1096
1107
1097
1108
1098
1109
1099
1110
1100
1111
1101
1112
1102
1113
1103
1114
1115
1105
1116
1106
1117
1107
1118
1108
1119
1109
1120
1110
1121
1111
1122
1112
1123
1113
1124
1114
1125
1115
1126
1127
1117
1128
1118
1129
1119
1130
1120
1131
1121
1132
1122
1133
1123
1134
1124
1135
1125
1136
1126
1137
1127
1138
1129
1139
1130
1140
1131
1141
1132
1142
1133
1143
1134
1144
1135
1145
1136
1146
1137
1147
1138
1148
1149
1140
1141
1150
1142
1151
1143
1152
1144
1153
1145
1154
1146
1155
1147
1156
1148
1157
1149
1158
1159
1151
1160
1152
1161
1153
1162
1154
1163
1155
1164
1156
1165
1157
1166
1158
1167
1159
1168
1169
1161
1170
1162
1171
1163
1172
1164
1173
1165
1174
1166
1175
1167
1176
1168
1177
1169
1178
1179
1171
1180
1172
1181
1173
1182
1174
1183
1175
1184
1176
1185
1177
1186
1178
1187
1179
1188
1189
1181
1190
1182
1191
1183
1192
1184
1193
1185
1194
1186
1195
1187
1196
1188
1197
1189
1198
1199
1191
1192
1200
1193
1201
1194
1202
1195
1203
1196
1204
1197
1205
1198
1206
1199
1207
1208
1201
1209
1202
1210
1203
1211
1204
1212
1205
1213
1206
1214
1207
1215
1208
1216
1217
1210
1218
1211
1219
1212
1220
1213
1221
1214
1222
1215
1223
1216
1224
1217
1225
1219
1226
1220
1227
1221
1228
1222
1229
1223
1230
1224
1231
1225
1232
1233
1227
1234
1228
1235
1229
1236
1230
1237
1231
1238
1232
1239
1233
1240
1241
1235
1242
1236
1243
1237
1244
1238
1245
1239
1246
1240
1247
1241
1248
1249
1243
1244
1250
1245
1251
1246
1252
1247
1253
1248
1254
1249
1255
1256
1251
1257
1252
1258
1253
1259
1254
1260
1255
1261
1256
1262
1263
1258
1264
1259
1265
1260
1266
1261
1267
1262
1268
1263
1269
1270
1265
1271
1266
1272
1267
1273
1268
1274
1269
1275
1270
1276
1277
1272
1278
1273
1279
1274
1280
1275
1281
1276
1282
1277
1283
1284
1279
1285
1280
1286
1281
1287
1282
1288
1283
1289
1284
1290
1291
1286
1292
1287
1293
1288
1294
1289
1295
1290
1296
1291
1297
1293
1298
1294
1299
1295
1300
1296
1301
1297
1302
1303
1299
1304
1300
1305
1301
1306
1302
1307
1303
1308
1309
1305
1306
1310
1307
1311
1308
1312
1309
1313
1314
1311
1315
1312
1316
1313
1317
1314
1318
1319
1316
1320
1317
1321
1318
1322
1319
1323
1324
1321
1325
1322
1326
1323
1327
1324
1328
1329
1326
1330
1327
1331
1328
1332
1329
1333
1334
1331
1335
1332
1336
1333
1337
1334
1338
1339
1336
1337
1338
1339
)


// ************************************************************************* //
