/*--------------------------------*- C++ -*----------------------------------*\
| =========                 |                                                 |
| \\      /  F ield         | OpenFOAM: The Open Source CFD Toolbox           |
|  \\    /   O peration     | Version:  2212                                  |
|   \\  /    A nd           | Website:  www.openfoam.com                      |
|    \\/     M anipulation  |                                                 |
\*---------------------------------------------------------------------------*/
FoamFile
{
    version     2.0;
    format      ascii;
    arch        "LSB;label=32;scalar=64";
    class       vectorField;
    location    "constant/polyMesh";
    object      points;
}
// * * * * * * * * * * * * * * * * * * * * * * * * * * * * * * * * * * * * * //


2906
(
(-17.2353 -0.469453 0)
(-17.1135 -0.595699 0)
(-16.967 -0.721197 0)
(-16.7942 -0.84439 0)
(-16.5941 -0.964642 0)
(-16.3659 -1.08228 0)
(-16.1079 -1.19749 0)
(-15.8184 -1.31053 0)
(-15.4954 -1.42239 0)
(-15.1361 -1.53339 0)
(-14.7376 -1.64422 0)
(-14.2963 -1.75519 0)
(-13.8084 -1.86663 0)
(-13.2692 -1.97821 0)
(-12.6739 -2.08937 0)
(-12.0167 -2.19857 0)
(-11.2914 -2.30322 0)
(-10.491 -2.39854 0)
(-9.60806 -2.48004 0)
(-8.63486 -2.54503 0)
(-7.56293 -2.59043 0)
(-6.38295 -2.61298 0)
(-5.08474 -2.60901 0)
(-3.65712 -2.57462 0)
(-2.08779 -2.50566 0)
(-0.363235 -2.39771 0)
(1.53142 -2.24595 0)
(3.61256 -2.0451 0)
(5.89814 -1.78898 0)
(-17.2353 -0.469453 0.05)
(-17.1135 -0.595699 0.05)
(-16.967 -0.721197 0.05)
(-16.7942 -0.84439 0.05)
(-16.5941 -0.964642 0.05)
(-16.3659 -1.08228 0.05)
(-16.1079 -1.19749 0.05)
(-15.8184 -1.31053 0.05)
(-15.4954 -1.42239 0.05)
(-15.1361 -1.53339 0.05)
(-14.7376 -1.64422 0.05)
(-14.2963 -1.75519 0.05)
(-13.8084 -1.86663 0.05)
(-13.2692 -1.97821 0.05)
(-12.6739 -2.08937 0.05)
(-12.0167 -2.19857 0.05)
(-11.2914 -2.30322 0.05)
(-10.491 -2.39854 0.05)
(-9.60806 -2.48004 0.05)
(-8.63486 -2.54503 0.05)
(-7.56293 -2.59043 0.05)
(-6.38295 -2.61298 0.05)
(-5.08474 -2.60901 0.05)
(-3.65712 -2.57462 0.05)
(-2.08779 -2.50566 0.05)
(-0.363235 -2.39771 0.05)
(1.53142 -2.24595 0.05)
(3.61256 -2.0451 0.05)
(5.89814 -1.78898 0.05)
(-17.4783 -0.443513 0)
(-17.3687 -0.584937 0)
(-17.2346 -0.724124 0)
(-17.0758 -0.860212 0)
(-16.891 -0.992 0)
(-16.6801 -1.11881 0)
(-16.4423 -1.24137 0)
(-16.176 -1.36032 0)
(-15.8794 -1.47616 0)
(-15.5503 -1.59013 0)
(-15.1858 -1.70275 0)
(-14.7828 -1.81484 0)
(-14.3375 -1.92682 0)
(-13.8459 -2.03909 0)
(-13.3033 -2.15139 0)
(-12.7046 -2.26319 0)
(-12.0438 -2.37299 0)
(-11.3145 -2.47821 0)
(-10.5095 -2.57406 0)
(-9.62205 -2.65598 0)
(-8.64448 -2.72127 0)
(-7.56835 -2.76685 0)
(-6.38437 -2.78948 0)
(-5.08235 -2.78549 0)
(-3.65112 -2.75102 0)
(-2.0784 -2.68191 0)
(-0.350675 -2.57376 0)
(1.54695 -2.42176 0)
(3.63086 -2.22065 0)
(5.9191 -1.96423 0)
(-17.4783 -0.443513 0.05)
(-17.3687 -0.584937 0.05)
(-17.2346 -0.724124 0.05)
(-17.0758 -0.860212 0.05)
(-16.891 -0.992 0.05)
(-16.6801 -1.11881 0.05)
(-16.4423 -1.24137 0.05)
(-16.176 -1.36032 0.05)
(-15.8794 -1.47616 0.05)
(-15.5503 -1.59013 0.05)
(-15.1858 -1.70275 0.05)
(-14.7828 -1.81484 0.05)
(-14.3375 -1.92682 0.05)
(-13.8459 -2.03909 0.05)
(-13.3033 -2.15139 0.05)
(-12.7046 -2.26319 0.05)
(-12.0438 -2.37299 0.05)
(-11.3145 -2.47821 0.05)
(-10.5095 -2.57406 0.05)
(-9.62205 -2.65598 0.05)
(-8.64448 -2.72127 0.05)
(-7.56835 -2.76685 0.05)
(-6.38437 -2.78948 0.05)
(-5.08235 -2.78549 0.05)
(-3.65112 -2.75102 0.05)
(-2.0784 -2.68191 0.05)
(-0.350675 -2.57376 0.05)
(1.54695 -2.42176 0.05)
(3.63086 -2.22065 0.05)
(5.9191 -1.96423 0.05)
(-17.6317 -0.549053 0)
(-17.5096 -0.706774 0)
(-17.3623 -0.859613 0)
(-17.1905 -1.00687 0)
(-16.9931 -1.14773 0)
(-16.7707 -1.28147 0)
(-16.5229 -1.4092 0)
(-16.2479 -1.53211 0)
(-15.9438 -1.6509 0)
(-15.6083 -1.76709 0)
(-15.2383 -1.88143 0)
(-14.8304 -1.99485 0)
(-14.3809 -2.10789 0)
(-13.8855 -2.22104 0)
(-13.3393 -2.33409 0)
(-12.7369 -2.44656 0)
(-12.0723 -2.55699 0)
(-11.3388 -2.66282 0)
(-10.5291 -2.75924 0)
(-9.63681 -2.8416 0)
(-8.65462 -2.9072 0)
(-7.57407 -2.95297 0)
(-6.38586 -2.97568 0)
(-5.07982 -2.97168 0)
(-3.64479 -2.93712 0)
(-2.0685 -2.86785 0)
(-0.337424 -2.7595 0)
(1.56333 -2.60725 0)
(3.65018 -2.40586 0)
(5.94121 -2.14912 0)
(-17.6317 -0.549053 0.05)
(-17.5096 -0.706774 0.05)
(-17.3623 -0.859613 0.05)
(-17.1905 -1.00687 0.05)
(-16.9931 -1.14773 0.05)
(-16.7707 -1.28147 0.05)
(-16.5229 -1.4092 0.05)
(-16.2479 -1.53211 0.05)
(-15.9438 -1.6509 0.05)
(-15.6083 -1.76709 0.05)
(-15.2383 -1.88143 0.05)
(-14.8304 -1.99485 0.05)
(-14.3809 -2.10789 0.05)
(-13.8855 -2.22104 0.05)
(-13.3393 -2.33409 0.05)
(-12.7369 -2.44656 0.05)
(-12.0723 -2.55699 0.05)
(-11.3388 -2.66282 0.05)
(-10.5291 -2.75924 0.05)
(-9.63681 -2.8416 0.05)
(-8.65462 -2.9072 0.05)
(-7.57407 -2.95297 0.05)
(-6.38586 -2.97568 0.05)
(-5.07982 -2.97168 0.05)
(-3.64479 -2.93712 0.05)
(-2.0685 -2.86785 0.05)
(-0.337424 -2.7595 0.05)
(1.56333 -2.60725 0.05)
(3.65018 -2.40586 0.05)
(5.94121 -2.14912 0.05)
(-17.9011 -0.483546 0)
(-17.7936 -0.660399 0)
(-17.6581 -0.835311 0)
(-17.4971 -1.00255 0)
(-17.3116 -1.1616 0)
(-17.1008 -1.31202 0)
(-16.8664 -1.45306 0)
(-16.608 -1.58627 0)
(-16.3237 -1.71334 0)
(-16.0117 -1.83525 0)
(-15.6694 -1.95378 0)
(-15.2936 -2.06993 0)
(-14.8807 -2.18475 0)
(-14.4268 -2.29892 0)
(-13.9273 -2.413 0)
(-13.3772 -2.52684 0)
(-12.771 -2.64003 0)
(-12.1025 -2.75112 0)
(-11.3644 -2.85759 0)
(-10.5498 -2.9546 0)
(-9.65239 -3.03744 0)
(-8.66533 -3.10336 0)
(-7.5801 -3.14933 0)
(-6.38744 -3.17212 0)
(-5.07716 -3.16812 0)
(-3.63811 -3.13346 0)
(-2.05805 -3.06403 0)
(-0.323444 -2.95545 0)
(1.5806 -2.80294 0)
(3.67055 -2.60125 0)
(5.96454 -2.34418 0)
(-17.9011 -0.483546 0.05)
(-17.7936 -0.660399 0.05)
(-17.6581 -0.835311 0.05)
(-17.4971 -1.00255 0.05)
(-17.3116 -1.1616 0.05)
(-17.1008 -1.31202 0.05)
(-16.8664 -1.45306 0.05)
(-16.608 -1.58627 0.05)
(-16.3237 -1.71334 0.05)
(-16.0117 -1.83525 0.05)
(-15.6694 -1.95378 0.05)
(-15.2936 -2.06993 0.05)
(-14.8807 -2.18475 0.05)
(-14.4268 -2.29892 0.05)
(-13.9273 -2.413 0.05)
(-13.3772 -2.52684 0.05)
(-12.771 -2.64003 0.05)
(-12.1025 -2.75112 0.05)
(-11.3644 -2.85759 0.05)
(-10.5498 -2.9546 0.05)
(-9.65239 -3.03744 0.05)
(-8.66533 -3.10336 0.05)
(-7.5801 -3.14933 0.05)
(-6.38744 -3.17212 0.05)
(-5.07716 -3.16812 0.05)
(-3.63811 -3.13346 0.05)
(-2.05805 -3.06403 0.05)
(-0.323444 -2.95545 0.05)
(1.5806 -2.80294 0.05)
(3.67055 -2.60125 0.05)
(5.96454 -2.34418 0.05)
(-18.0838 -0.581368 0)
(-17.9643 -0.777868 0)
(-17.8148 -0.970918 0)
(-17.6393 -1.15336 0)
(-17.4393 -1.32484 0)
(-17.2144 -1.48535 0)
(-16.9673 -1.6341 0)
(-16.6978 -1.77308 0)
(-16.4037 -1.90454 0)
(-16.0833 -2.02974 0)
(-15.734 -2.15074 0)
(-15.3519 -2.2688 0)
(-14.9337 -2.38511 0)
(-14.4751 -2.50046 0)
(-13.9714 -2.61551 0)
(-13.4172 -2.7302 0)
(-12.807 -2.84413 0)
(-12.1343 -2.95592 0)
(-11.3915 -3.06307 0)
(-10.5715 -3.16071 0)
(-9.66882 -3.24404 0)
(-8.67662 -3.31031 0)
(-7.58647 -3.35649 0)
(-6.3891 -3.37937 0)
(-5.07434 -3.37535 0)
(-3.63107 -3.34059 0)
(-2.04703 -3.27099 0)
(-0.308696 -3.16218 0)
(1.59883 -3.00939 0)
(3.69205 -2.80739 0)
(5.98916 -2.54997 0)
(-18.0838 -0.581368 0.05)
(-17.9643 -0.777868 0.05)
(-17.8148 -0.970918 0.05)
(-17.6393 -1.15336 0.05)
(-17.4393 -1.32484 0.05)
(-17.2144 -1.48535 0.05)
(-16.9673 -1.6341 0.05)
(-16.6978 -1.77308 0.05)
(-16.4037 -1.90454 0.05)
(-16.0833 -2.02974 0.05)
(-15.734 -2.15074 0.05)
(-15.3519 -2.2688 0.05)
(-14.9337 -2.38511 0.05)
(-14.4751 -2.50046 0.05)
(-13.9714 -2.61551 0.05)
(-13.4172 -2.7302 0.05)
(-12.807 -2.84413 0.05)
(-12.1343 -2.95592 0.05)
(-11.3915 -3.06307 0.05)
(-10.5715 -3.16071 0.05)
(-9.66882 -3.24404 0.05)
(-8.67662 -3.31031 0.05)
(-7.58647 -3.35649 0.05)
(-6.3891 -3.37937 0.05)
(-5.07434 -3.37535 0.05)
(-3.63107 -3.34059 0.05)
(-2.04703 -3.27099 0.05)
(-0.308696 -3.16218 0.05)
(1.59883 -3.00939 0.05)
(3.69205 -2.80739 0.05)
(5.98916 -2.54997 0.05)
(-18.3761 -0.472117 0)
(-18.2766 -0.68457 0)
(-18.1445 -0.901798 0)
(-17.9802 -1.11398 0)
(-17.7893 -1.31245 0)
(-17.574 -1.49705 0)
(-17.3343 -1.66822 0)
(-17.0737 -1.82509 0)
(-16.7925 -1.97016 0)
(-16.4881 -2.10626 0)
(-16.1588 -2.23492 0)
(-15.802 -2.35853 0)
(-15.4135 -2.4786 0)
(-14.9897 -2.59648 0)
(-14.5261 -2.71308 0)
(-14.0179 -2.82916 0)
(-13.4595 -2.94473 0)
(-12.845 -3.05946 0)
(-12.1678 -3.17199 0)
(-11.42 -3.27986 0)
(-10.5945 -3.37815 0)
(-9.68615 -3.462 0)
(-8.68853 -3.52864 0)
(-7.59318 -3.57504 0)
(-6.39086 -3.59802 0)
(-5.07138 -3.59399 0)
(-3.62364 -3.55912 0)
(-2.0354 -3.48933 0)
(-0.293136 -3.38028 0)
(1.61807 -3.2272 0)
(3.71472 -3.02486 0)
(6.01512 -2.76708 0)
(-18.3761 -0.472117 0.05)
(-18.2766 -0.68457 0.05)
(-18.1445 -0.901798 0.05)
(-17.9802 -1.11398 0.05)
(-17.7893 -1.31245 0.05)
(-17.574 -1.49705 0.05)
(-17.3343 -1.66822 0.05)
(-17.0737 -1.82509 0.05)
(-16.7925 -1.97016 0.05)
(-16.4881 -2.10626 0.05)
(-16.1588 -2.23492 0.05)
(-15.802 -2.35853 0.05)
(-15.4135 -2.4786 0.05)
(-14.9897 -2.59648 0.05)
(-14.5261 -2.71308 0.05)
(-14.0179 -2.82916 0.05)
(-13.4595 -2.94473 0.05)
(-12.845 -3.05946 0.05)
(-12.1678 -3.17199 0.05)
(-11.42 -3.27986 0.05)
(-10.5945 -3.37815 0.05)
(-9.68615 -3.462 0.05)
(-8.68853 -3.52864 0.05)
(-7.59318 -3.57504 0.05)
(-6.39086 -3.59802 0.05)
(-5.07138 -3.59399 0.05)
(-3.62364 -3.55912 0.05)
(-2.0354 -3.48933 0.05)
(-0.293136 -3.38028 0.05)
(1.61807 -3.2272 0.05)
(3.71472 -3.02486 0.05)
(6.01512 -2.76708 0.05)
(-18.5897 -0.559188 0)
(-18.4799 -0.793448 0)
(-18.3345 -1.03254 0)
(-18.1546 -1.26492 0)
(-17.9475 -1.4803 0)
(-17.7161 -1.67874 0)
(-17.4608 -1.86114 0)
(-17.186 -2.02659 0)
(-16.8924 -2.17808 0)
(-16.5771 -2.31907 0)
(-16.2385 -2.45139 0)
(-15.8738 -2.57776 0)
(-15.4785 -2.69995 0)
(-15.0487 -2.81948 0)
(-14.5799 -2.9374 0)
(-14.0669 -3.05457 0)
(-13.504 -3.17107 0)
(-12.8851 -3.28663 0)
(-12.2032 -3.39994 0)
(-11.4501 -3.50856 0)
(-10.6188 -3.60756 0)
(-9.70444 -3.69196 0)
(-8.7011 -3.75897 0)
(-7.60027 -3.80561 0)
(-6.39271 -3.82869 0)
(-5.06825 -3.82465 0)
(-3.61579 -3.78967 0)
(-2.02313 -3.71969 0)
(-0.27672 -3.61038 0)
(1.63836 -3.45698 0)
(3.73865 -3.2543 0)
(6.04252 -2.99612 0)
(-18.5897 -0.559188 0.05)
(-18.4799 -0.793448 0.05)
(-18.3345 -1.03254 0.05)
(-18.1546 -1.26492 0.05)
(-17.9475 -1.4803 0.05)
(-17.7161 -1.67874 0.05)
(-17.4608 -1.86114 0.05)
(-17.186 -2.02659 0.05)
(-16.8924 -2.17808 0.05)
(-16.5771 -2.31907 0.05)
(-16.2385 -2.45139 0.05)
(-15.8738 -2.57776 0.05)
(-15.4785 -2.69995 0.05)
(-15.0487 -2.81948 0.05)
(-14.5799 -2.9374 0.05)
(-14.0669 -3.05457 0.05)
(-13.504 -3.17107 0.05)
(-12.8851 -3.28663 0.05)
(-12.2032 -3.39994 0.05)
(-11.4501 -3.50856 0.05)
(-10.6188 -3.60756 0.05)
(-9.70444 -3.69196 0.05)
(-8.7011 -3.75897 0.05)
(-7.60027 -3.80561 0.05)
(-6.39271 -3.82869 0.05)
(-5.06825 -3.82465 0.05)
(-3.61579 -3.78967 0.05)
(-2.02313 -3.71969 0.05)
(-0.27672 -3.61038 0.05)
(1.63836 -3.45698 0.05)
(3.73865 -3.2543 0.05)
(6.04252 -2.99612 0.05)
(-18.8151 -0.651048 0)
(-18.6945 -0.908314 0)
(-18.535 -1.17048 0)
(-18.3387 -1.42415 0)
(-18.1145 -1.65738 0)
(-17.8661 -1.87042 0)
(-17.5942 -2.06467 0)
(-17.3045 -2.23917 0)
(-16.9978 -2.39744 0)
(-16.671 -2.54359 0)
(-16.3226 -2.67977 0)
(-15.9496 -2.80904 0)
(-15.547 -2.93347 0)
(-15.111 -3.05474 0)
(-14.6367 -3.17405 0)
(-14.1187 -3.29237 0)
(-13.551 -3.40986 0)
(-12.9274 -3.5263 0)
(-12.2405 -3.64043 0)
(-11.4819 -3.74985 0)
(-10.6443 -3.84958 0)
(-9.72373 -3.93456 0)
(-8.71436 -4.00198 0)
(-7.60774 -4.04886 0)
(-6.39466 -4.07205 0)
(-5.06494 -4.06799 0)
(-3.60752 -4.0329 0)
(-2.01018 -3.96271 0)
(-0.259402 -3.85313 0)
(1.65976 -3.69941 0)
(3.76389 -3.49635 0)
(6.07142 -3.23777 0)
(-18.8151 -0.651048 0.05)
(-18.6945 -0.908314 0.05)
(-18.535 -1.17048 0.05)
(-18.3387 -1.42415 0.05)
(-18.1145 -1.65738 0.05)
(-17.8661 -1.87042 0.05)
(-17.5942 -2.06467 0.05)
(-17.3045 -2.23917 0.05)
(-16.9978 -2.39744 0.05)
(-16.671 -2.54359 0.05)
(-16.3226 -2.67977 0.05)
(-15.9496 -2.80904 0.05)
(-15.547 -2.93347 0.05)
(-15.111 -3.05474 0.05)
(-14.6367 -3.17405 0.05)
(-14.1187 -3.29237 0.05)
(-13.551 -3.40986 0.05)
(-12.9274 -3.5263 0.05)
(-12.2405 -3.64043 0.05)
(-11.4819 -3.74985 0.05)
(-10.6443 -3.84958 0.05)
(-9.72373 -3.93456 0.05)
(-8.71436 -4.00198 0.05)
(-7.60774 -4.04886 0.05)
(-6.39466 -4.07205 0.05)
(-5.06494 -4.06799 0.05)
(-3.60752 -4.0329 0.05)
(-2.01018 -3.96271 0.05)
(-0.259402 -3.85313 0.05)
(1.65976 -3.69941 0.05)
(3.76389 -3.49635 0.05)
(6.07142 -3.23777 0.05)
(-19.1495 -0.472 0)
(-19.0528 -0.74796 0)
(-18.9208 -1.0295 0)
(-18.7465 -1.31601 0)
(-18.5329 -1.59215 0)
(-18.2906 -1.84419 0)
(-18.0243 -2.07264 0)
(-17.735 -2.2794 0)
(-17.4295 -2.46344 0)
(-17.109 -2.62886 0)
(-16.7701 -2.78045 0)
(-16.4114 -2.9207 0)
(-16.0295 -3.05303 0)
(-15.6193 -3.17984 0)
(-15.1767 -3.30294 0)
(-14.6966 -3.42372 0)
(-14.1733 -3.54325 0)
(-13.6006 -3.66178 0)
(-12.972 -3.77914 0)
(-12.2799 -3.89414 0)
(-11.5154 -4.00441 0)
(-10.6713 -4.10491 0)
(-9.74409 -4.1905 0)
(-8.72835 -4.25835 0)
(-7.61563 -4.30549 0)
(-6.39672 -4.3288 0)
(-5.06146 -4.32472 0)
(-3.59879 -4.2895 0)
(-1.99652 -4.2191 0)
(-0.241131 -4.10923 0)
(1.68234 -3.95517 0)
(3.79052 -3.75172 0)
(6.10191 -3.4927 0)
(-19.1495 -0.472 0.05)
(-19.0528 -0.74796 0.05)
(-18.9208 -1.0295 0.05)
(-18.7465 -1.31601 0.05)
(-18.5329 -1.59215 0.05)
(-18.2906 -1.84419 0.05)
(-18.0243 -2.07264 0.05)
(-17.735 -2.2794 0.05)
(-17.4295 -2.46344 0.05)
(-17.109 -2.62886 0.05)
(-16.7701 -2.78045 0.05)
(-16.4114 -2.9207 0.05)
(-16.0295 -3.05303 0.05)
(-15.6193 -3.17984 0.05)
(-15.1767 -3.30294 0.05)
(-14.6966 -3.42372 0.05)
(-14.1733 -3.54325 0.05)
(-13.6006 -3.66178 0.05)
(-12.972 -3.77914 0.05)
(-12.2799 -3.89414 0.05)
(-11.5154 -4.00441 0.05)
(-10.6713 -4.10491 0.05)
(-9.74409 -4.1905 0.05)
(-8.72835 -4.25835 0.05)
(-7.61563 -4.30549 0.05)
(-6.39672 -4.3288 0.05)
(-5.06146 -4.32472 0.05)
(-3.59879 -4.2895 0.05)
(-1.99652 -4.2191 0.05)
(-0.241131 -4.10923 0.05)
(1.68234 -3.95517 0.05)
(3.79052 -3.75172 0.05)
(6.10191 -3.4927 0.05)
(-19.4093 -0.548535 0)
(-19.3037 -0.850203 0)
(-19.1596 -1.15735 0)
(-18.9697 -1.46953 0)
(-18.7377 -1.76938 0)
(-18.4764 -2.04129 0)
(-18.1912 -2.28598 0)
(-17.8835 -2.50593 0)
(-17.5614 -2.70004 0)
(-17.2263 -2.87301 0)
(-16.8746 -3.03034 0)
(-16.505 -3.17489 0)
(-16.1138 -3.31045 0)
(-15.6955 -3.43975 0)
(-15.2461 -3.56479 0)
(-14.7598 -3.68712 0)
(-14.2309 -3.80792 0)
(-13.6529 -3.92755 0)
(-13.0191 -4.0459 0)
(-12.3214 -4.16181 0)
(-11.5508 -4.27296 0)
(-10.6998 -4.37428 0)
(-9.76556 -4.46053 0)
(-8.7431 -4.52882 0)
(-7.62395 -4.57624 0)
(-6.39889 -4.59966 0)
(-5.05778 -4.59557 0)
(-3.58959 -4.56022 0)
(-1.98212 -4.48959 0)
(-0.221855 -4.37942 0)
(1.70617 -4.22499 0)
(3.81861 -4.02113 0)
(6.13408 -3.76166 0)
(-19.4093 -0.548535 0.05)
(-19.3037 -0.850203 0.05)
(-19.1596 -1.15735 0.05)
(-18.9697 -1.46953 0.05)
(-18.7377 -1.76938 0.05)
(-18.4764 -2.04129 0.05)
(-18.1912 -2.28598 0.05)
(-17.8835 -2.50593 0.05)
(-17.5614 -2.70004 0.05)
(-17.2263 -2.87301 0.05)
(-16.8746 -3.03034 0.05)
(-16.505 -3.17489 0.05)
(-16.1138 -3.31045 0.05)
(-15.6955 -3.43975 0.05)
(-15.2461 -3.56479 0.05)
(-14.7598 -3.68712 0.05)
(-14.2309 -3.80792 0.05)
(-13.6529 -3.92755 0.05)
(-13.0191 -4.0459 0.05)
(-12.3214 -4.16181 0.05)
(-11.5508 -4.27296 0.05)
(-10.6998 -4.37428 0.05)
(-9.76556 -4.46053 0.05)
(-8.7431 -4.52882 0.05)
(-7.62395 -4.57624 0.05)
(-6.39889 -4.59966 0.05)
(-5.05778 -4.59557 0.05)
(-3.58959 -4.56022 0.05)
(-1.98212 -4.48959 0.05)
(-0.221855 -4.37942 0.05)
(1.70617 -4.22499 0.05)
(3.81861 -4.02113 0.05)
(6.13408 -3.76166 0.05)
(-19.5683 -0.958069 0)
(-19.4116 -1.29223 0)
(-19.2051 -1.63151 0)
(-18.9538 -1.95636 0)
(-18.6724 -2.24922 0)
(-18.3673 -2.51106 0)
(-18.0401 -2.74493 0)
(-17.7005 -2.94966 0)
(-17.3501 -3.13059 0)
(-16.9849 -3.29398 0)
(-16.6037 -3.44306 0)
(-16.2027 -3.58203 0)
(-15.776 -3.71396 0)
(-15.3192 -3.84105 0)
(-14.8265 -3.965 0)
(-14.2917 -4.08716 0)
(-13.7081 -4.20795 0)
(-13.0687 -4.32732 0)
(-12.3652 -4.4442 0)
(-11.5881 -4.55629 0)
(-10.7298 -4.65847 0)
(-9.78822 -4.7454 0)
(-8.75867 -4.81417 0)
(-7.63273 -4.86187 0)
(-6.40119 -4.88542 0)
(-5.0539 -4.88131 0)
(-3.57987 -4.84582 0)
(-1.96692 -4.77496 0)
(-0.20152 -4.66446 0)
(1.7313 -4.50965 0)
(3.84825 -4.30536 0)
(6.16802 -4.04541 0)
(-19.5683 -0.958069 0.05)
(-19.4116 -1.29223 0.05)
(-19.2051 -1.63151 0.05)
(-18.9538 -1.95636 0.05)
(-18.6724 -2.24922 0.05)
(-18.3673 -2.51106 0.05)
(-18.0401 -2.74493 0.05)
(-17.7005 -2.94966 0.05)
(-17.3501 -3.13059 0.05)
(-16.9849 -3.29398 0.05)
(-16.6037 -3.44306 0.05)
(-16.2027 -3.58203 0.05)
(-15.776 -3.71396 0.05)
(-15.3192 -3.84105 0.05)
(-14.8265 -3.965 0.05)
(-14.2917 -4.08716 0.05)
(-13.7081 -4.20795 0.05)
(-13.0687 -4.32732 0.05)
(-12.3652 -4.4442 0.05)
(-11.5881 -4.55629 0.05)
(-10.7298 -4.65847 0.05)
(-9.78822 -4.7454 0.05)
(-8.75867 -4.81417 0.05)
(-7.63273 -4.86187 0.05)
(-6.40119 -4.88542 0.05)
(-5.0539 -4.88131 0.05)
(-3.57987 -4.84582 0.05)
(-1.96692 -4.77496 0.05)
(-0.20152 -4.66446 0.05)
(1.7313 -4.50965 0.05)
(3.84825 -4.30536 0.05)
(6.16802 -4.04541 0.05)
(-19.6774 -1.43453 0)
(-19.4535 -1.80239 0)
(-19.1818 -2.15362 0)
(-18.8792 -2.46859 0)
(-18.553 -2.74852 0)
(-18.2054 -2.99707 0)
(-17.8473 -3.21301 0)
(-17.4807 -3.40233 0)
(-17.1012 -3.57212 0)
(-16.7079 -3.72598 0)
(-16.2966 -3.86855 0)
(-15.8609 -4.00325 0)
(-15.3964 -4.1325 0)
(-14.8968 -4.25818 0)
(-14.3558 -4.38175 0)
(-13.7663 -4.50376 0)
(-13.1211 -4.62423 0)
(-12.4115 -4.74213 0)
(-11.6274 -4.8552 0)
(-10.7615 -4.95829 0)
(-9.81212 -5.04594 0)
(-8.7751 -5.11521 0)
(-7.64199 -5.16322 0)
(-6.4036 -5.1869 0)
(-5.04981 -5.18278 0)
(-3.56962 -5.14714 0)
(-1.95088 -5.07602 0)
(-0.180065 -4.96519 0)
(1.75782 -4.80997 0)
(3.87952 -4.60523 0)
(6.20382 -4.34477 0)
(-19.6774 -1.43453 0.05)
(-19.4535 -1.80239 0.05)
(-19.1818 -2.15362 0.05)
(-18.8792 -2.46859 0.05)
(-18.553 -2.74852 0.05)
(-18.2054 -2.99707 0.05)
(-17.8473 -3.21301 0.05)
(-17.4807 -3.40233 0.05)
(-17.1012 -3.57212 0.05)
(-16.7079 -3.72598 0.05)
(-16.2966 -3.86855 0.05)
(-15.8609 -4.00325 0.05)
(-15.3964 -4.1325 0.05)
(-14.8968 -4.25818 0.05)
(-14.3558 -4.38175 0.05)
(-13.7663 -4.50376 0.05)
(-13.1211 -4.62423 0.05)
(-12.4115 -4.74213 0.05)
(-11.6274 -4.8552 0.05)
(-10.7615 -4.95829 0.05)
(-9.81212 -5.04594 0.05)
(-8.7751 -5.11521 0.05)
(-7.64199 -5.16322 0.05)
(-6.4036 -5.1869 0.05)
(-5.04981 -5.18278 0.05)
(-3.56962 -5.14714 0.05)
(-1.95088 -5.07602 0.05)
(-0.180065 -4.96519 0.05)
(1.75782 -4.80997 0.05)
(3.87952 -4.60523 0.05)
(6.20382 -4.34477 0.05)
(-19.7156 -1.98266 0)
(-19.4223 -2.36174 0)
(-19.0974 -2.70002 0)
(-18.749 -2.99904 0)
(-18.3798 -3.26308 0)
(-18.0021 -3.49084 0)
(-17.6184 -3.68902 0)
(-17.224 -3.86555 0)
(-16.8178 -4.02445 0)
(-16.3956 -4.17082 0)
(-15.9505 -4.30845 0)
(-15.4778 -4.43997 0)
(-14.971 -4.56747 0)
(-14.4234 -4.69255 0)
(-13.8277 -4.81584 0)
(-13.1764 -4.93746 0)
(-12.4603 -5.05643 0)
(-11.6689 -5.17055 0)
(-10.7949 -5.2746 0)
(-9.83734 -5.36301 0)
(-8.79243 -5.43281 0)
(-7.65175 -5.48114 0)
(-6.40616 -5.50497 0)
(-5.0455 -5.50082 0)
(-3.55881 -5.46503 0)
(-1.93396 -5.39364 0)
(-0.157431 -5.28245 0)
(1.7858 -5.12681 0)
(3.91251 -4.92158 0)
(6.24159 -4.66059 0)
(-19.7156 -1.98266 0.05)
(-19.4223 -2.36174 0.05)
(-19.0974 -2.70002 0.05)
(-18.749 -2.99904 0.05)
(-18.3798 -3.26308 0.05)
(-18.0021 -3.49084 0.05)
(-17.6184 -3.68902 0.05)
(-17.224 -3.86555 0.05)
(-16.8178 -4.02445 0.05)
(-16.3956 -4.17082 0.05)
(-15.9505 -4.30845 0.05)
(-15.4778 -4.43997 0.05)
(-14.971 -4.56747 0.05)
(-14.4234 -4.69255 0.05)
(-13.8277 -4.81584 0.05)
(-13.1764 -4.93746 0.05)
(-12.4603 -5.05643 0.05)
(-11.6689 -5.17055 0.05)
(-10.7949 -5.2746 0.05)
(-9.83734 -5.36301 0.05)
(-8.79243 -5.43281 0.05)
(-7.65175 -5.48114 0.05)
(-6.40616 -5.50497 0.05)
(-5.0455 -5.50082 0.05)
(-3.55881 -5.46503 0.05)
(-1.93396 -5.39364 0.05)
(-0.157431 -5.28245 0.05)
(1.7858 -5.12681 0.05)
(3.91251 -4.92158 0.05)
(6.24159 -4.66059 0.05)
(-19.6761 -2.5813 0)
(-19.3276 -2.94418 0)
(-18.9558 -3.26333 0)
(-18.5638 -3.54371 0)
(-18.1655 -3.78395 0)
(-17.7638 -3.99148 0)
(-17.3535 -4.17512 0)
(-16.9338 -4.33935 0)
(-16.5 -4.48972 0)
(-16.0449 -4.63044 0)
(-15.5636 -4.76436 0)
(-15.0493 -4.89378 0)
(-14.4948 -5.02044 0)
(-13.8925 -5.14509 0)
(-13.2347 -5.26792 0)
(-12.5117 -5.38803 0)
(-11.7127 -5.50324 0)
(-10.8302 -5.60831 0)
(-9.86394 -5.69752 0)
(-8.81071 -5.76788 0)
(-7.66206 -5.81655 0)
(-6.40885 -5.84052 0)
(-5.04094 -5.83635 0)
(-3.5474 -5.8004 0)
(-1.91611 -5.72873 0)
(-0.133551 -5.61717 0)
(1.81531 -5.46108 0)
(3.94731 -5.25534 0)
(6.28144 -4.99378 0)
(-19.6761 -2.5813 0.05)
(-19.3276 -2.94418 0.05)
(-18.9558 -3.26333 0.05)
(-18.5638 -3.54371 0.05)
(-18.1655 -3.78395 0.05)
(-17.7638 -3.99148 0.05)
(-17.3535 -4.17512 0.05)
(-16.9338 -4.33935 0.05)
(-16.5 -4.48972 0.05)
(-16.0449 -4.63044 0.05)
(-15.5636 -4.76436 0.05)
(-15.0493 -4.89378 0.05)
(-14.4948 -5.02044 0.05)
(-13.8925 -5.14509 0.05)
(-13.2347 -5.26792 0.05)
(-12.5117 -5.38803 0.05)
(-11.7127 -5.50324 0.05)
(-10.8302 -5.60831 0.05)
(-9.86394 -5.69752 0.05)
(-8.81071 -5.76788 0.05)
(-7.66206 -5.81655 0.05)
(-6.40885 -5.84052 0.05)
(-5.04094 -5.83635 0.05)
(-3.5474 -5.8004 0.05)
(-1.91611 -5.72873 0.05)
(-0.133551 -5.61717 0.05)
(1.81531 -5.46108 0.05)
(3.94731 -5.25534 0.05)
(6.28144 -4.99378 0.05)
(-19.5705 -3.20178 0)
(-19.1739 -3.54217 0)
(-18.7579 -3.83979 0)
(-18.3378 -4.09319 0)
(-17.9171 -4.31057 0)
(-17.4901 -4.50172 0)
(-17.0561 -4.67156 0)
(-16.6102 -4.82615 0)
(-16.1446 -4.97014 0)
(-15.6542 -5.1066 0)
(-15.1319 -5.23803 0)
(-14.5701 -5.36636 0)
(-13.9609 -5.49245 0)
(-13.2962 -5.61656 0)
(-12.566 -5.73786 0)
(-11.7589 -5.85423 0)
(-10.8674 -5.96037 0)
(-9.89201 -6.05042 0)
(-8.83 -6.12137 0)
(-7.67294 -6.1704 0)
(-6.41169 -6.19453 0)
(-5.03614 -6.19034 0)
(-3.53537 -6.15422 0)
(-1.89728 -6.08225 0)
(-0.108359 -5.97029 0)
(1.84645 -5.81373 0)
(3.98403 -5.60745 0)
(6.32348 -5.34529 0)
(-19.5705 -3.20178 0.05)
(-19.1739 -3.54217 0.05)
(-18.7579 -3.83979 0.05)
(-18.3378 -4.09319 0.05)
(-17.9171 -4.31057 0.05)
(-17.4901 -4.50172 0.05)
(-17.0561 -4.67156 0.05)
(-16.6102 -4.82615 0.05)
(-16.1446 -4.97014 0.05)
(-15.6542 -5.1066 0.05)
(-15.1319 -5.23803 0.05)
(-14.5701 -5.36636 0.05)
(-13.9609 -5.49245 0.05)
(-13.2962 -5.61656 0.05)
(-12.566 -5.73786 0.05)
(-11.7589 -5.85423 0.05)
(-10.8674 -5.96037 0.05)
(-9.89201 -6.05042 0.05)
(-8.83 -6.12137 0.05)
(-7.67294 -6.1704 0.05)
(-6.41169 -6.19453 0.05)
(-5.03614 -6.19034 0.05)
(-3.53537 -6.15422 0.05)
(-1.89728 -6.08225 0.05)
(-0.108359 -5.97029 0.05)
(1.84645 -5.81373 0.05)
(3.98403 -5.60745 0.05)
(6.32348 -5.34529 0.05)
(-19.4041 -3.83633 0)
(-18.9627 -4.15215 0)
(-18.5197 -4.41943 0)
(-18.0789 -4.64722 0)
(-17.6342 -4.84628 0)
(-17.1852 -5.02205 0)
(-16.7264 -5.18109 0)
(-16.2498 -5.32852 0)
(-15.7498 -5.46765 0)
(-15.219 -5.60122 0)
(-14.6495 -5.73131 0)
(-14.033 -5.85891 0)
(-13.3611 -5.98437 0)
(-12.6233 -6.10694 0)
(-11.8077 -6.22453 0)
(-10.9066 -6.33179 0)
(-9.92162 -6.42274 0)
(-8.85034 -6.49431 0)
(-7.68441 -6.54372 0)
(-6.41469 -6.56801 0)
(-5.03107 -6.5638 0)
(-3.52267 -6.52749 0)
(-1.87742 -6.45521 0)
(-0.0817806 -6.34284 0)
(1.8793 -6.18577 0)
(4.02277 -5.97893 0)
(6.36784 -5.71614 0)
(-19.4041 -3.83633 0.05)
(-18.9627 -4.15215 0.05)
(-18.5197 -4.41943 0.05)
(-18.0789 -4.64722 0.05)
(-17.6342 -4.84628 0.05)
(-17.1852 -5.02205 0.05)
(-16.7264 -5.18109 0.05)
(-16.2498 -5.32852 0.05)
(-15.7498 -5.46765 0.05)
(-15.219 -5.60122 0.05)
(-14.6495 -5.73131 0.05)
(-14.033 -5.85891 0.05)
(-13.3611 -5.98437 0.05)
(-12.6233 -6.10694 0.05)
(-11.8077 -6.22453 0.05)
(-10.9066 -6.33179 0.05)
(-9.92162 -6.42274 0.05)
(-8.85034 -6.49431 0.05)
(-7.68441 -6.54372 0.05)
(-6.41469 -6.56801 0.05)
(-5.03107 -6.5638 0.05)
(-3.52267 -6.52749 0.05)
(-1.87742 -6.45521 0.05)
(-0.0817806 -6.34284 0.05)
(1.8793 -6.18577 0.05)
(4.02277 -5.97893 0.05)
(6.36784 -5.71614 0.05)
(-19.6469 -4.14668 0)
(-19.1787 -4.48168 0)
(-18.7115 -4.76362 0)
(-18.2495 -5.00238 0)
(-17.7863 -5.2098 0)
(-17.3213 -5.39181 0)
(-16.8491 -5.55556 0)
(-16.3607 -5.70661 0)
(-15.8507 -5.84856 0)
(-15.3109 -5.98438 0)
(-14.7333 -6.11633 0)
(-14.1091 -6.24553 0)
(-13.4295 -6.37241 0)
(-12.6837 -6.49631 0)
(-11.8591 -6.61519 0)
(-10.9481 -6.72365 0)
(-9.95286 -6.81554 0)
(-8.87181 -6.88776 0)
(-7.69651 -6.93757 0)
(-6.41785 -6.96203 0)
(-5.02572 -6.9578 0)
(-3.50928 -6.9213 0)
(-1.85646 -6.84869 0)
(-0.0537405 -6.73587 0)
(1.91396 -6.57828 0)
(4.06364 -6.37084 0)
(6.41463 -6.10739 0)
(-19.6469 -4.14668 0.05)
(-19.1787 -4.48168 0.05)
(-18.7115 -4.76362 0.05)
(-18.2495 -5.00238 0.05)
(-17.7863 -5.2098 0.05)
(-17.3213 -5.39181 0.05)
(-16.8491 -5.55556 0.05)
(-16.3607 -5.70661 0.05)
(-15.8507 -5.84856 0.05)
(-15.3109 -5.98438 0.05)
(-14.7333 -6.11633 0.05)
(-14.1091 -6.24553 0.05)
(-13.4295 -6.37241 0.05)
(-12.6837 -6.49631 0.05)
(-11.8591 -6.61519 0.05)
(-10.9481 -6.72365 0.05)
(-9.95286 -6.81554 0.05)
(-8.87181 -6.88776 0.05)
(-7.69651 -6.93757 0.05)
(-6.41785 -6.96203 0.05)
(-5.02572 -6.9578 0.05)
(-3.50928 -6.9213 0.05)
(-1.85646 -6.84869 0.05)
(-0.0537405 -6.73587 0.05)
(1.91396 -6.57828 0.05)
(4.06364 -6.37084 0.05)
(6.41463 -6.10739 0.05)
(-19.4066 -4.82934 0)
(-18.9139 -5.12673 0)
(-18.4296 -5.37707 0)
(-17.9467 -5.5933 0)
(-17.465 -5.78191 0)
(-16.9785 -5.95061 0)
(-16.4778 -6.1055 0)
(-15.9571 -6.25042 0)
(-15.4079 -6.38862 0)
(-14.8217 -6.52253 0)
(-14.1894 -6.65341 0)
(-13.5018 -6.7818 0)
(-12.7475 -6.9071 0)
(-11.9134 -7.02734 0)
(-10.9917 -7.13705 0)
(-9.98581 -7.22993 0)
(-8.89446 -7.30285 0)
(-7.70928 -7.35308 0)
(-6.42118 -7.37773 0)
(-5.02008 -7.37347 0)
(-3.49515 -7.33677 0)
(-1.83435 -7.26381 0)
(-0.0241583 -7.15053 0)
(1.95052 -6.99238 0)
(4.10675 -6.7843 0)
(6.464 -6.52016 0)
(-19.4066 -4.82934 0.05)
(-18.9139 -5.12673 0.05)
(-18.4296 -5.37707 0.05)
(-17.9467 -5.5933 0.05)
(-17.465 -5.78191 0.05)
(-16.9785 -5.95061 0.05)
(-16.4778 -6.1055 0.05)
(-15.9571 -6.25042 0.05)
(-15.4079 -6.38862 0.05)
(-14.8217 -6.52253 0.05)
(-14.1894 -6.65341 0.05)
(-13.5018 -6.7818 0.05)
(-12.7475 -6.9071 0.05)
(-11.9134 -7.02734 0.05)
(-10.9917 -7.13705 0.05)
(-9.98581 -7.22993 0.05)
(-8.89446 -7.30285 0.05)
(-7.70928 -7.35308 0.05)
(-6.42118 -7.37773 0.05)
(-5.02008 -7.37347 0.05)
(-3.49515 -7.33677 0.05)
(-1.83435 -7.26381 0.05)
(-0.0241583 -7.15053 0.05)
(1.95052 -6.99238 0.05)
(4.10675 -6.7843 0.05)
(6.464 -6.52016 0.05)
(-19.647 -5.19613 0)
(-19.1274 -5.50982 0)
(-18.6195 -5.77237 0)
(-18.1159 -5.9979 0)
(-17.6165 -6.19346 0)
(-17.115 -6.3674 0)
(-16.6013 -6.52632 0)
(-16.0693 -6.67439 0)
(-15.5102 -6.81509 0)
(-14.915 -6.95107 0)
(-14.2741 -7.08372 0)
(-13.578 -7.2137 0)
(-12.8148 -7.34048 0)
(-11.9707 -7.46216 0)
(-11.0378 -7.57319 0)
(-10.0206 -7.66712 0)
(-8.91835 -7.74077 0)
(-7.72275 -7.79144 0)
(-6.4247 -7.81628 0)
(-5.01413 -7.812 0)
(-3.48024 -7.77508 0)
(-1.81102 -7.70176 0)
(0.007051 -7.58798 0)
(1.9891 -7.42925 0)
(4.15224 -7.22051 0)
(6.51608 -6.95562 0)
(-19.647 -5.19613 0.05)
(-19.1274 -5.50982 0.05)
(-18.6195 -5.77237 0.05)
(-18.1159 -5.9979 0.05)
(-17.6165 -6.19346 0.05)
(-17.115 -6.3674 0.05)
(-16.6013 -6.52632 0.05)
(-16.0693 -6.67439 0.05)
(-15.5102 -6.81509 0.05)
(-14.915 -6.95107 0.05)
(-14.2741 -7.08372 0.05)
(-13.578 -7.2137 0.05)
(-12.8148 -7.34048 0.05)
(-11.9707 -7.46216 0.05)
(-11.0378 -7.57319 0.05)
(-10.0206 -7.66712 0.05)
(-8.91835 -7.74077 0.05)
(-7.72275 -7.79144 0.05)
(-6.4247 -7.81628 0.05)
(-5.01413 -7.812 0.05)
(-3.48024 -7.77508 0.05)
(-1.81102 -7.70176 0.05)
(0.007051 -7.58798 0.05)
(1.9891 -7.42925 0.05)
(4.15224 -7.22051 0.05)
(6.51608 -6.95562 0.05)
(-19.3527 -5.91397 0)
(-18.8199 -6.18941 0)
(-18.2945 -6.42475 0)
(-17.7764 -6.62765 0)
(-17.259 -6.80711 0)
(-16.7316 -6.97029 0)
(-16.1877 -7.12167 0)
(-15.6181 -7.26501 0)
(-15.0134 -7.40317 0)
(-14.3635 -7.53771 0)
(-13.6584 -7.66935 0)
(-12.8857 -7.7977 0)
(-12.031 -7.92089 0)
(-11.0865 -8.03332 0)
(-10.0573 -8.12836 0)
(-8.94356 -8.20277 0)
(-7.73696 -8.25392 0)
(-6.42841 -8.27896 0)
(-5.00785 -8.27464 0)
(-3.46451 -8.23751 0)
(-1.78641 -8.1638 0)
(0.0399768 -8.0495 0)
(2.02979 -7.89014 0)
(4.20023 -7.6807 0)
(6.57103 -7.41504 0)
(-19.3527 -5.91397 0.05)
(-18.8199 -6.18941 0.05)
(-18.2945 -6.42475 0.05)
(-17.7764 -6.62765 0.05)
(-17.259 -6.80711 0.05)
(-16.7316 -6.97029 0.05)
(-16.1877 -7.12167 0.05)
(-15.6181 -7.26501 0.05)
(-15.0134 -7.40317 0.05)
(-14.3635 -7.53771 0.05)
(-13.6584 -7.66935 0.05)
(-12.8857 -7.7977 0.05)
(-12.031 -7.92089 0.05)
(-11.0865 -8.03332 0.05)
(-10.0573 -8.12836 0.05)
(-8.94356 -8.20277 0.05)
(-7.73696 -8.25392 0.05)
(-6.42841 -8.27896 0.05)
(-5.00785 -8.27464 0.05)
(-3.46451 -8.23751 0.05)
(-1.78641 -8.1638 0.05)
(0.0399768 -8.0495 0.05)
(2.02979 -7.89014 0.05)
(4.20023 -7.6807 0.05)
(6.57103 -7.41504 0.05)
(-19.5903 -6.34036 0)
(-19.0314 -6.62939 0)
(-18.4829 -6.87508 0)
(-17.9451 -7.08572 0)
(-17.4109 -7.271 0)
(-16.869 -7.43868 0)
(-16.3126 -7.59355 0)
(-15.732 -7.73969 0)
(-15.1172 -7.88015 0)
(-14.4577 -8.01666 0)
(-13.7432 -8.15007 0)
(-12.9606 -8.28006 0)
(-12.0948 -8.40486 0)
(-11.1378 -8.51876 0)
(-10.096 -8.61496 0)
(-8.97016 -8.69019 0)
(-7.75195 -8.74183 0)
(-6.43233 -8.76708 0)
(-5.00123 -8.76274 0)
(-3.44792 -8.72536 0)
(-1.76044 -8.65124 0)
(0.0747135 -8.5364 0)
(2.07273 -8.37639 0)
(4.25085 -8.16621 0)
(6.629 -7.89972 0)
(-19.5903 -6.34036 0.05)
(-19.0314 -6.62939 0.05)
(-18.4829 -6.87508 0.05)
(-17.9451 -7.08572 0.05)
(-17.4109 -7.271 0.05)
(-16.869 -7.43868 0.05)
(-16.3126 -7.59355 0.05)
(-15.732 -7.73969 0.05)
(-15.1172 -7.88015 0.05)
(-14.4577 -8.01666 0.05)
(-13.7432 -8.15007 0.05)
(-12.9606 -8.28006 0.05)
(-12.0948 -8.40486 0.05)
(-11.1378 -8.51876 0.05)
(-10.096 -8.61496 0.05)
(-8.97016 -8.69019 0.05)
(-7.75195 -8.74183 0.05)
(-6.43233 -8.76708 0.05)
(-5.00123 -8.76274 0.05)
(-3.44792 -8.72536 0.05)
(-1.76044 -8.65124 0.05)
(0.0747135 -8.5364 0.05)
(2.07273 -8.37639 0.05)
(4.25085 -8.16621 0.05)
(6.629 -7.89972 0.05)
(-19.841 -6.7902 0)
(-19.2544 -7.09357 0)
(-18.6816 -7.35018 0)
(-18.123 -7.56898 0)
(-17.5712 -7.76041 0)
(-17.014 -7.93283 0)
(-16.4444 -8.09139 0)
(-15.8522 -8.24046 0)
(-15.2267 -8.38335 0)
(-14.5572 -8.52195 0)
(-13.8326 -8.65722 0)
(-13.0396 -8.78896 0)
(-12.162 -8.91544 0)
(-11.1919 -9.03089 0)
(-10.1368 -9.12833 0)
(-8.99821 -9.20441 0)
(-7.76777 -9.25657 0)
(-6.43646 -9.28205 0)
(-4.99424 -9.27768 0)
(-3.43041 -9.24005 0)
(-1.73305 -9.1655 0)
(0.111361 -9.05009 0)
(2.11802 -8.88938 0)
(4.30426 -8.67842 0)
(6.69016 -8.41107 0)
(-19.841 -6.7902 0.05)
(-19.2544 -7.09357 0.05)
(-18.6816 -7.35018 0.05)
(-18.123 -7.56898 0.05)
(-17.5712 -7.76041 0.05)
(-17.014 -7.93283 0.05)
(-16.4444 -8.09139 0.05)
(-15.8522 -8.24046 0.05)
(-15.2267 -8.38335 0.05)
(-14.5572 -8.52195 0.05)
(-13.8326 -8.65722 0.05)
(-13.0396 -8.78896 0.05)
(-12.162 -8.91544 0.05)
(-11.1919 -9.03089 0.05)
(-10.1368 -9.12833 0.05)
(-8.99821 -9.20441 0.05)
(-7.76777 -9.25657 0.05)
(-6.43646 -9.28205 0.05)
(-4.99424 -9.27768 0.05)
(-3.43041 -9.24005 0.05)
(-1.73305 -9.1655 0.05)
(0.111361 -9.05009 0.05)
(2.11802 -8.88938 0.05)
(4.30426 -8.67842 0.05)
(6.69016 -8.41107 0.05)
(-19.4897 -7.58328 0)
(-18.8913 -7.85141 0)
(-18.3108 -8.07882 0)
(-17.7403 -8.27674 0)
(-17.167 -8.45416 0)
(-16.5835 -8.61661 0)
(-15.9789 -8.76879 0)
(-15.3422 -8.91424 0)
(-14.6621 -9.05503 0)
(-13.927 -9.19227 0)
(-13.1229 -9.32584 0)
(-12.2329 -9.4541 0)
(-11.249 -9.5712 0)
(-10.1799 -9.66993 0)
(-9.02781 -9.74691 0)
(-7.78446 -9.79963 0)
(-6.44082 -9.82535 0)
(-4.98686 -9.82094 0)
(-3.41195 -9.78305 0)
(-1.70415 -9.70804 0)
(0.150023 -9.59202 0)
(2.16581 -9.43059 0)
(4.36061 -9.2188 0)
(6.75468 -8.95053 0)
(-19.4897 -7.58328 0.05)
(-18.8913 -7.85141 0.05)
(-18.3108 -8.07882 0.05)
(-17.7403 -8.27674 0.05)
(-17.167 -8.45416 0.05)
(-16.5835 -8.61661 0.05)
(-15.9789 -8.76879 0.05)
(-15.3422 -8.91424 0.05)
(-14.6621 -9.05503 0.05)
(-13.927 -9.19227 0.05)
(-13.1229 -9.32584 0.05)
(-12.2329 -9.4541 0.05)
(-11.249 -9.5712 0.05)
(-10.1799 -9.66993 0.05)
(-9.02781 -9.74691 0.05)
(-7.78446 -9.79963 0.05)
(-6.44082 -9.82535 0.05)
(-4.98686 -9.82094 0.05)
(-3.41195 -9.78305 0.05)
(-1.70415 -9.70804 0.05)
(0.150023 -9.59202 0.05)
(2.16581 -9.43059 0.05)
(4.36061 -9.2188 0.05)
(6.75468 -8.95053 0.05)
(-19.738 -8.09992 0)
(-19.1124 -8.3802 0)
(-18.5088 -8.61671 0)
(-17.9187 -8.82146 0)
(-17.3284 -9.00416 0)
(-16.7302 -9.17071 0)
(-16.1126 -9.32616 0)
(-15.4641 -9.47432 0)
(-14.7728 -9.61744 0)
(-14.0266 -9.75674 0)
(-13.2108 -9.89225 0)
(-12.3077 -10.0224 0)
(-11.3092 -10.1412 0)
(-10.2253 -10.2413 0)
(-9.05904 -10.3193 0)
(-7.80206 -10.3725 0)
(-6.44542 -10.3985 0)
(-4.97908 -10.3941 0)
(-3.39246 -10.3559 0)
(-1.67366 -10.2804 0)
(0.190813 -10.1638 0)
(2.21622 -10.0016 0)
(4.42006 -9.78891 0)
(6.82275 -9.51967 0)
(-19.738 -8.09992 0.05)
(-19.1124 -8.3802 0.05)
(-18.5088 -8.61671 0.05)
(-17.9187 -8.82146 0.05)
(-17.3284 -9.00416 0.05)
(-16.7302 -9.17071 0.05)
(-16.1126 -9.32616 0.05)
(-15.4641 -9.47432 0.05)
(-14.7728 -9.61744 0.05)
(-14.0266 -9.75674 0.05)
(-13.2108 -9.89225 0.05)
(-12.3077 -10.0224 0.05)
(-11.3092 -10.1412 0.05)
(-10.2253 -10.2413 0.05)
(-9.05904 -10.3193 0.05)
(-7.80206 -10.3725 0.05)
(-6.44542 -10.3985 0.05)
(-4.97908 -10.3941 0.05)
(-3.39246 -10.3559 0.05)
(-1.67366 -10.2804 0.05)
(0.190813 -10.1638 0.05)
(2.21622 -10.0016 0.05)
(4.42006 -9.78891 0.05)
(6.82275 -9.51967 0.05)
(-19.3458 -8.93808 0)
(-18.7178 -9.18418 0)
(-18.1069 -9.39614 0)
(-17.4987 -9.58441 0)
(-16.885 -9.75529 0)
(-16.2537 -9.9142 0)
(-15.5927 -10.0652 0)
(-14.8896 -10.2108 0)
(-14.1317 -10.3523 0)
(-13.3036 -10.4898 0)
(-12.3867 -10.6219 0)
(-11.3728 -10.7426 0)
(-10.2732 -10.8441 0)
(-9.09199 -10.9231 0)
(-7.82064 -10.977 0)
(-6.45027 -11.0032 0)
(-4.97088 -10.9987 0)
(-3.3719 -10.9603 0)
(-1.6415 -10.8843 0)
(0.233845 -10.7669 0)
(2.26941 -10.6039 0)
(4.48278 -10.3904 0)
(6.89456 -10.1201 0)
(-19.3458 -8.93808 0.05)
(-18.7178 -9.18418 0.05)
(-18.1069 -9.39614 0.05)
(-17.4987 -9.58441 0.05)
(-16.885 -9.75529 0.05)
(-16.2537 -9.9142 0.05)
(-15.5927 -10.0652 0.05)
(-14.8896 -10.2108 0.05)
(-14.1317 -10.3523 0.05)
(-13.3036 -10.4898 0.05)
(-12.3867 -10.6219 0.05)
(-11.3728 -10.7426 0.05)
(-10.2732 -10.8441 0.05)
(-9.09199 -10.9231 0.05)
(-7.82064 -10.977 0.05)
(-6.45027 -11.0032 0.05)
(-4.97088 -10.9987 0.05)
(-3.3719 -10.9603 0.05)
(-1.6415 -10.8843 0.05)
(0.233845 -10.7669 0.05)
(2.26941 -10.6039 0.05)
(4.48278 -10.3904 0.05)
(6.89456 -10.1201 0.05)
(-19.592 -9.52664 0)
(-18.9383 -9.78286 0)
(-18.3055 -10.0024 0)
(-17.6783 -10.1966 0)
(-17.0482 -10.372 0)
(-16.4025 -10.5346 0)
(-15.7284 -10.6886 0)
(-15.0128 -10.8367 0)
(-14.2425 -10.9805 0)
(-13.4014 -11.1202 0)
(-12.47 -11.2545 0)
(-11.4398 -11.377 0)
(-10.3238 -11.4801 0)
(-9.12674 -11.5601 0)
(-7.84023 -11.6147 0)
(-6.45539 -11.6412 0)
(-4.96222 -11.6367 0)
(-3.35022 -11.5979 0)
(-1.60756 -11.5214 0)
(0.279245 -11.4033 0)
(2.32552 -11.2394 0)
(4.54895 -11.0249 0)
(6.97033 -10.7536 0)
(-19.592 -9.52664 0.05)
(-18.9383 -9.78286 0.05)
(-18.3055 -10.0024 0.05)
(-17.6783 -10.1966 0.05)
(-17.0482 -10.372 0.05)
(-16.4025 -10.5346 0.05)
(-15.7284 -10.6886 0.05)
(-15.0128 -10.8367 0.05)
(-14.2425 -10.9805 0.05)
(-13.4014 -11.1202 0.05)
(-12.47 -11.2545 0.05)
(-11.4398 -11.377 0.05)
(-10.3238 -11.4801 0.05)
(-9.12674 -11.5601 0.05)
(-7.84023 -11.6147 0.05)
(-6.45539 -11.6412 0.05)
(-4.96222 -11.6367 0.05)
(-3.35022 -11.5979 0.05)
(-1.60756 -11.5214 0.05)
(0.279245 -11.4033 0.05)
(2.32552 -11.2394 0.05)
(4.54895 -11.0249 0.05)
(6.97033 -10.7536 0.05)
(-19.8517 -10.1476 0)
(-19.1708 -10.4145 0)
(-18.515 -10.6421 0)
(-17.8678 -10.8424 0)
(-17.2205 -11.0227 0)
(-16.5595 -11.1891 0)
(-15.8716 -11.3463 0)
(-15.1428 -11.4971 0)
(-14.3595 -11.6434 0)
(-13.5046 -11.7854 0)
(-12.5578 -11.9218 0)
(-11.5105 -12.0464 0)
(-10.3772 -12.1511 0)
(-9.16341 -12.2322 0)
(-7.8609 -12.2874 0)
(-6.46079 -12.3142 0)
(-4.95309 -12.3097 0)
(-3.32734 -12.2706 0)
(-1.57176 -12.1935 0)
(0.327141 -12.0747 0)
(2.38472 -11.9099 0)
(4.61876 -11.6943 0)
(7.05026 -11.4219 0)
(-19.8517 -10.1476 0.05)
(-19.1708 -10.4145 0.05)
(-18.515 -10.6421 0.05)
(-17.8678 -10.8424 0.05)
(-17.2205 -11.0227 0.05)
(-16.5595 -11.1891 0.05)
(-15.8716 -11.3463 0.05)
(-15.1428 -11.4971 0.05)
(-14.3595 -11.6434 0.05)
(-13.5046 -11.7854 0.05)
(-12.5578 -11.9218 0.05)
(-11.5105 -12.0464 0.05)
(-10.3772 -12.1511 0.05)
(-9.16341 -12.2322 0.05)
(-7.8609 -12.2874 0.05)
(-6.46079 -12.3142 0.05)
(-4.95309 -12.3097 0.05)
(-3.32734 -12.2706 0.05)
(-1.57176 -12.1935 0.05)
(0.327141 -12.0747 0.05)
(2.38472 -11.9099 0.05)
(4.61876 -11.6943 0.05)
(7.05026 -11.4219 0.05)
(-19.4162 -11.0808 0)
(-18.736 -11.3169 0)
(-18.0678 -11.5238 0)
(-17.4022 -11.7091 0)
(-16.7252 -11.8796 0)
(-16.0226 -12.0401 0)
(-15.2799 -12.1939 0)
(-14.4829 -12.3427 0)
(-13.6135 -12.487 0)
(-12.6505 -12.6258 0)
(-11.5852 -12.7525 0)
(-10.4335 -12.8589 0)
(-9.2021 -12.9412 0)
(-7.88271 -12.9972 0)
(-6.46649 -13.0243 0)
(-4.94345 -13.0197 0)
(-3.3032 -12.9802 0)
(-1.53399 -12.9026 0)
(0.377672 -12.783 0)
(2.44718 -12.6172 0)
(4.6924 -12.4006 0)
(7.13459 -12.1269 0)
(-19.4162 -11.0808 0.05)
(-18.736 -11.3169 0.05)
(-18.0678 -11.5238 0.05)
(-17.4022 -11.7091 0.05)
(-16.7252 -11.8796 0.05)
(-16.0226 -12.0401 0.05)
(-15.2799 -12.1939 0.05)
(-14.4829 -12.3427 0.05)
(-13.6135 -12.487 0.05)
(-12.6505 -12.6258 0.05)
(-11.5852 -12.7525 0.05)
(-10.4335 -12.8589 0.05)
(-9.2021 -12.9412 0.05)
(-7.88271 -12.9972 0.05)
(-6.46649 -13.0243 0.05)
(-4.94345 -13.0197 0.05)
(-3.3032 -12.9802 0.05)
(-1.53399 -12.9026 0.05)
(0.377672 -12.783 0.05)
(2.44718 -12.6172 0.05)
(4.6924 -12.4006 0.05)
(7.13459 -12.1269 0.05)
(-19.6751 -11.7838 0)
(-18.9692 -12.0288 0)
(-18.2787 -12.2426 0)
(-17.5939 -12.4333 0)
(-16.8999 -12.608 0)
(-16.1819 -12.7721 0)
(-15.4246 -12.9289 0)
(-14.613 -13.0804 0)
(-13.7284 -13.2273 0)
(-12.7483 -13.3685 0)
(-11.6639 -13.4975 0)
(-10.4929 -13.6057 0)
(-9.24291 -13.6892 0)
(-7.90572 -13.7459 0)
(-6.4725 -13.7734 0)
(-4.93328 -13.7688 0)
(-3.27774 -13.729 0)
(-1.49415 -13.6506 0)
(0.430982 -13.5302 0)
(2.51307 -13.3635 0)
(4.7701 -13.1457 0)
(7.22355 -12.8708 0)
(-19.6751 -11.7838 0.05)
(-18.9692 -12.0288 0.05)
(-18.2787 -12.2426 0.05)
(-17.5939 -12.4333 0.05)
(-16.8999 -12.608 0.05)
(-16.1819 -12.7721 0.05)
(-15.4246 -12.9289 0.05)
(-14.613 -13.0804 0.05)
(-13.7284 -13.2273 0.05)
(-12.7483 -13.3685 0.05)
(-11.6639 -13.4975 0.05)
(-10.4929 -13.6057 0.05)
(-9.24291 -13.6892 0.05)
(-7.90572 -13.7459 0.05)
(-6.4725 -13.7734 0.05)
(-4.93328 -13.7688 0.05)
(-3.27774 -13.729 0.05)
(-1.49415 -13.6506 0.05)
(0.430982 -13.5302 0.05)
(2.51307 -13.3635 0.05)
(4.7701 -13.1457 0.05)
(7.22355 -12.8708 0.05)
(-19.9482 -12.5255 0)
(-19.2152 -12.7799 0)
(-18.5013 -13.001 0)
(-17.7962 -13.1973 0)
(-17.0843 -13.3766 0)
(-16.35 -13.5444 0)
(-15.5772 -13.7044 0)
(-14.7503 -13.8587 0)
(-13.8496 -14.0083 0)
(-12.8515 -14.1521 0)
(-11.747 -14.2835 0)
(-10.5555 -14.3935 0)
(-9.28597 -14.4784 0)
(-7.93 -14.5359 0)
(-6.47884 -14.5637 0)
(-4.92256 -14.559 0)
(-3.25087 -14.5188 0)
(-1.45211 -14.4399 0)
(0.487224 -14.3185 0)
(2.58259 -14.1508 0)
(4.85207 -13.9318 0)
(7.31741 -13.6555 0)
(-19.9482 -12.5255 0.05)
(-19.2152 -12.7799 0.05)
(-18.5013 -13.001 0.05)
(-17.7962 -13.1973 0.05)
(-17.0843 -13.3766 0.05)
(-16.35 -13.5444 0.05)
(-15.5772 -13.7044 0.05)
(-14.7503 -13.8587 0.05)
(-13.8496 -14.0083 0.05)
(-12.8515 -14.1521 0.05)
(-11.747 -14.2835 0.05)
(-10.5555 -14.3935 0.05)
(-9.28597 -14.4784 0.05)
(-7.93 -14.5359 0.05)
(-6.47884 -14.5637 0.05)
(-4.92256 -14.559 0.05)
(-3.25087 -14.5188 0.05)
(-1.45211 -14.4399 0.05)
(0.487224 -14.3185 0.05)
(2.58259 -14.1508 0.05)
(4.85207 -13.9318 0.05)
(7.31741 -13.6555 0.05)
(-19.4747 -13.5723 0)
(-18.736 -13.801 0)
(-18.0096 -14.0034 0)
(-17.2788 -14.1874 0)
(-16.5273 -14.3591 0)
(-15.7382 -14.5225 0)
(-14.8952 -14.6799 0)
(-13.9775 -14.8323 0)
(-12.9603 -14.9788 0)
(-11.8346 -15.1127 0)
(-10.6216 -15.2247 0)
(-9.3314 -15.311 0)
(-7.95561 -15.3693 0)
(-6.48553 -15.3975 0)
(-4.91124 -15.3928 0)
(-3.22253 -15.3522 0)
(-1.40776 -15.2725 0)
(0.546559 -15.1502 0)
(2.65592 -14.9813 0)
(4.93855 -14.7611 0)
(7.41643 -14.4834 0)
(-19.4747 -13.5723 0.05)
(-18.736 -13.801 0.05)
(-18.0096 -14.0034 0.05)
(-17.2788 -14.1874 0.05)
(-16.5273 -14.3591 0.05)
(-15.7382 -14.5225 0.05)
(-14.8952 -14.6799 0.05)
(-13.9775 -14.8323 0.05)
(-12.9603 -14.9788 0.05)
(-11.8346 -15.1127 0.05)
(-10.6216 -15.2247 0.05)
(-9.3314 -15.311 0.05)
(-7.95561 -15.3693 0.05)
(-6.48553 -15.3975 0.05)
(-4.91124 -15.3928 0.05)
(-3.22253 -15.3522 0.05)
(-1.40776 -15.2725 0.05)
(0.546559 -15.1502 0.05)
(2.65592 -14.9813 0.05)
(4.93855 -14.7611 0.05)
(7.41643 -14.4834 0.05)
(-19.7485 -14.4083 0)
(-18.9837 -14.6451 0)
(-18.2347 -14.8537 0)
(-17.484 -15.0428 0)
(-16.7144 -15.2187 0)
(-15.9081 -15.3856 0)
(-15.048 -15.5462 0)
(-14.1124 -15.7015 0)
(-13.0751 -15.8509 0)
(-11.927 -15.9875 0)
(-10.6914 -16.1016 0)
(-9.37932 -16.1893 0)
(-7.98263 -16.2486 0)
(-6.49259 -16.2772 0)
(-4.8993 -16.2724 0)
(-3.19262 -16.2313 0)
(-1.36097 -16.1509 0)
(0.609158 -16.0277 0)
(2.7333 -15.8576 0)
(5.02979 -15.636 0)
(7.5209 -15.3569 0)
(-19.7485 -14.4083 0.05)
(-18.9837 -14.6451 0.05)
(-18.2347 -14.8537 0.05)
(-17.484 -15.0428 0.05)
(-16.7144 -15.2187 0.05)
(-15.9081 -15.3856 0.05)
(-15.048 -15.5462 0.05)
(-14.1124 -15.7015 0.05)
(-13.0751 -15.8509 0.05)
(-11.927 -15.9875 0.05)
(-10.6914 -16.1016 0.05)
(-9.37932 -16.1893 0.05)
(-7.98263 -16.2486 0.05)
(-6.49259 -16.2772 0.05)
(-4.8993 -16.2724 0.05)
(-3.19262 -16.2313 0.05)
(-1.36097 -16.1509 0.05)
(0.609158 -16.0277 0.05)
(2.7333 -15.8576 0.05)
(5.02979 -15.636 0.05)
(7.5209 -15.3569 0.05)
(-19.2451 -15.5356 0)
(-18.4722 -15.7509 0)
(-17.7005 -15.9452 0)
(-16.9117 -16.1255 0)
(-16.0873 -16.2962 0)
(-15.2093 -16.4601 0)
(-14.2548 -16.6186 0)
(-13.1963 -16.771 0)
(-12.0246 -16.9104 0)
(-10.7649 -17.0268 0)
(-9.42989 -17.116 0)
(-8.01113 -17.1762 0)
(-6.50004 -17.2052 0)
(-4.88671 -17.2003 0)
(-3.16108 -17.1589 0)
(-1.3116 -17.0777 0)
(0.675199 -16.9534 0)
(2.81492 -16.7821 0)
(5.12604 -16.5591 0)
(7.63111 -16.2784 0)
(-19.2451 -15.5356 0.05)
(-18.4722 -15.7509 0.05)
(-17.7005 -15.9452 0.05)
(-16.9117 -16.1255 0.05)
(-16.0873 -16.2962 0.05)
(-15.2093 -16.4601 0.05)
(-14.2548 -16.6186 0.05)
(-13.1963 -16.771 0.05)
(-12.0246 -16.9104 0.05)
(-10.7649 -17.0268 0.05)
(-9.42989 -17.116 0.05)
(-8.01113 -17.1762 0.05)
(-6.50004 -17.2052 0.05)
(-4.88671 -17.2003 0.05)
(-3.16108 -17.1589 0.05)
(-1.3116 -17.0777 0.05)
(0.675199 -16.9534 0.05)
(2.81492 -16.7821 0.05)
(5.12604 -16.5591 0.05)
(7.63111 -16.2784 0.05)
(-19.5207 -16.4751 0)
(-18.7228 -16.6974 0)
(-17.9289 -16.8973 0)
(-17.1199 -17.0822 0)
(-16.2764 -17.2568 0)
(-15.3794 -17.4243 0)
(-14.4049 -17.5861 0)
(-13.3241 -17.7417 0)
(-12.1275 -17.8841 0)
(-10.8426 -18.0028 0)
(-9.48323 -18.0937 0)
(-8.0412 -18.1548 0)
(-6.50789 -18.1842 0)
(-4.87342 -18.1793 0)
(-3.12779 -18.1374 0)
(-1.25952 -18.0554 0)
(0.744873 -17.93 0)
(2.90104 -17.7574 0)
(5.22759 -17.5329 0)
(7.74738 -17.2505 0)
(-19.5207 -16.4751 0.05)
(-18.7228 -16.6974 0.05)
(-17.9289 -16.8973 0.05)
(-17.1199 -17.0822 0.05)
(-16.2764 -17.2568 0.05)
(-15.3794 -17.4243 0.05)
(-14.4049 -17.5861 0.05)
(-13.3241 -17.7417 0.05)
(-12.1275 -17.8841 0.05)
(-10.8426 -18.0028 0.05)
(-9.48323 -18.0937 0.05)
(-8.0412 -18.1548 0.05)
(-6.50789 -18.1842 0.05)
(-4.87342 -18.1793 0.05)
(-3.12779 -18.1374 0.05)
(-1.25952 -18.0554 0.05)
(0.744873 -17.93 0.05)
(2.90104 -17.7574 0.05)
(5.22759 -17.5329 0.05)
(7.74738 -17.2505 0.05)
(-19.8116 -17.4663 0)
(-18.9872 -17.6959 0)
(-18.1699 -17.9018 0)
(-17.3396 -18.0915 0)
(-16.4759 -18.2704 0)
(-15.5589 -18.4415 0)
(-14.5634 -18.6068 0)
(-13.4589 -18.7659 0)
(-12.236 -18.9113 0)
(-10.9245 -19.0325 0)
(-9.5395 -19.1251 0)
(-8.07293 -19.1873 0)
(-6.51618 -19.2172 0)
(-4.8594 -19.2122 0)
(-3.09268 -19.1697 0)
(-1.20458 -19.0869 0)
(0.818379 -18.9603 0)
(2.99189 -18.7863 0)
(5.33472 -18.5603 0)
(7.87005 -18.2762 0)
(-19.8116 -17.4663 0.05)
(-18.9872 -17.6959 0.05)
(-18.1699 -17.9018 0.05)
(-17.3396 -18.0915 0.05)
(-16.4759 -18.2704 0.05)
(-15.5589 -18.4415 0.05)
(-14.5634 -18.6068 0.05)
(-13.4589 -18.7659 0.05)
(-12.236 -18.9113 0.05)
(-10.9245 -19.0325 0.05)
(-9.5395 -19.1251 0.05)
(-8.07293 -19.1873 0.05)
(-6.51618 -19.2172 0.05)
(-4.8594 -19.2122 0.05)
(-3.09268 -19.1697 0.05)
(-1.20458 -19.0869 0.05)
(0.818379 -18.9603 0.05)
(2.99189 -18.7863 0.05)
(5.33472 -18.5603 0.05)
(7.87005 -18.2762 0.05)
(-19.2661 -18.7494 0)
(-18.4241 -18.9615 0)
(-17.5714 -19.1563 0)
(-16.6863 -19.3396 0)
(-15.7482 -19.5147 0)
(-14.7305 -19.6837 0)
(-13.6012 -19.8463 0)
(-12.3505 -19.995 0)
(-11.0109 -20.1188 0)
(-9.59888 -20.2132 0)
(-8.1064 -20.2766 0)
(-6.52493 -20.3069 0)
(-4.84462 -20.3018 0)
(-3.05564 -20.2589 0)
(-1.14662 -20.1751 0)
(0.895928 -20.0473 0)
(3.08774 -19.8718 0)
(5.44775 -19.6441 0)
(7.99947 -19.3582 0)
(-19.2661 -18.7494 0.05)
(-18.4241 -18.9615 0.05)
(-17.5714 -19.1563 0.05)
(-16.6863 -19.3396 0.05)
(-15.7482 -19.5147 0.05)
(-14.7305 -19.6837 0.05)
(-13.6012 -19.8463 0.05)
(-12.3505 -19.995 0.05)
(-11.0109 -20.1188 0.05)
(-9.59888 -20.2132 0.05)
(-8.1064 -20.2766 0.05)
(-6.52493 -20.3069 0.05)
(-4.84462 -20.3018 0.05)
(-3.05564 -20.2589 0.05)
(-1.14662 -20.1751 0.05)
(0.895928 -20.0473 0.05)
(3.08774 -19.8718 0.05)
(5.44775 -19.6441 0.05)
(7.99947 -19.3582 0.05)
(-19.5603 -19.8608 0)
(-18.6923 -20.0794 0)
(-17.8159 -20.2797 0)
(-16.9083 -20.4677 0)
(-15.948 -20.6469 0)
(-14.9068 -20.8198 0)
(-13.7513 -20.9861 0)
(-12.4714 -21.1384 0)
(-11.102 -21.2649 0)
(-9.66151 -21.3612 0)
(-8.14171 -21.4257 0)
(-6.53415 -21.4565 0)
(-4.82901 -21.4514 0)
(-3.01656 -21.4079 0)
(-1.08546 -21.3231 0)
(0.977742 -21.1941 0)
(3.18886 -21.0171 0)
(5.56699 -20.7876 0)
(8.136 -20.4998 0)
(-19.5603 -19.8608 0.05)
(-18.6923 -20.0794 0.05)
(-17.8159 -20.2797 0.05)
(-16.9083 -20.4677 0.05)
(-15.948 -20.6469 0.05)
(-14.9068 -20.8198 0.05)
(-13.7513 -20.9861 0.05)
(-12.4714 -21.1384 0.05)
(-11.102 -21.2649 0.05)
(-9.66151 -21.3612 0.05)
(-8.14171 -21.4257 0.05)
(-6.53415 -21.4565 0.05)
(-4.82901 -21.4514 0.05)
(-3.01656 -21.4079 0.05)
(-1.08546 -21.3231 0.05)
(0.977742 -21.1941 0.05)
(3.18886 -21.0171 0.05)
(5.56699 -20.7876 0.05)
(8.136 -20.4998 0.05)
(-19.8707 -21.0333 0)
(-18.9753 -21.2589 0)
(-18.0738 -21.4649 0)
(-17.1426 -21.6577 0)
(-16.1587 -21.8414 0)
(-15.0928 -22.0184 0)
(-13.9096 -22.1887 0)
(-12.5988 -22.3446 0)
(-11.1982 -22.474 0)
(-9.72759 -22.5723 0)
(-8.17897 -22.6381 0)
(-6.54388 -22.6694 0)
(-4.81255 -22.6643 0)
(-2.97533 -22.6201 0)
(-1.02095 -22.5344 0)
(1.06406 -22.404 0)
(3.29555 -22.2253 0)
(5.69279 -21.994 0)
(8.28004 -21.7041 0)
(-19.8707 -21.0333 0.05)
(-18.9753 -21.2589 0.05)
(-18.0738 -21.4649 0.05)
(-17.1426 -21.6577 0.05)
(-16.1587 -21.8414 0.05)
(-15.0928 -22.0184 0.05)
(-13.9096 -22.1887 0.05)
(-12.5988 -22.3446 0.05)
(-11.1982 -22.474 0.05)
(-9.72759 -22.5723 0.05)
(-8.17897 -22.6381 0.05)
(-6.54388 -22.6694 0.05)
(-4.81255 -22.6643 0.05)
(-2.97533 -22.6201 0.05)
(-1.02095 -22.5344 0.05)
(1.06406 -22.404 0.05)
(3.29555 -22.2253 0.05)
(5.69279 -21.994 0.05)
(8.28004 -21.7041 0.05)
(-19.2738 -22.5032 0)
(-18.346 -22.7153 0)
(-17.3897 -22.9133 0)
(-16.381 -23.1016 0)
(-15.2891 -23.2829 0)
(-14.0766 -23.4574 0)
(-12.7333 -23.6171 0)
(-11.2996 -23.7496 0)
(-9.79731 -23.8501 0)
(-8.21827 -23.9171 0)
(-6.55415 -23.949 0)
(-4.79519 -23.9438 0)
(-2.93183 -23.899 0)
(-0.952884 -23.8122 0)
(1.15512 -23.6804 0)
(3.4081 -23.5 0)
(5.8255 -23.2668 0)
(8.43201 -22.9747 0)
(-19.2738 -22.5032 0.05)
(-18.346 -22.7153 0.05)
(-17.3897 -22.9133 0.05)
(-16.381 -23.1016 0.05)
(-15.2891 -23.2829 0.05)
(-14.0766 -23.4574 0.05)
(-12.7333 -23.6171 0.05)
(-11.2996 -23.7496 0.05)
(-9.79731 -23.8501 0.05)
(-8.21827 -23.9171 0.05)
(-6.55415 -23.949 0.05)
(-4.79519 -23.9438 0.05)
(-2.93183 -23.899 0.05)
(-0.952884 -23.8122 0.05)
(1.15512 -23.6804 0.05)
(3.4081 -23.5 0.05)
(5.8255 -23.2668 0.05)
(8.43201 -22.9747 0.05)
(-19.5887 -23.816 0)
(-18.6331 -24.0344 0)
(-17.6504 -24.2379 0)
(-16.6156 -24.4311 0)
(-15.4962 -24.6169 0)
(-14.2528 -24.7959 0)
(-12.8752 -24.9597 0)
(-11.4066 -25.0954 0)
(-9.87086 -25.1981 0)
(-8.25974 -25.2665 0)
(-6.56498 -25.299 0)
(-4.77687 -25.2937 0)
(-2.88594 -25.2483 0)
(-0.881076 -25.1603 0)
(1.25119 -25.027 0)
(3.52684 -24.8448 0)
(5.96552 -24.6095 0)
(-19.5887 -23.816 0.05)
(-18.6331 -24.0344 0.05)
(-17.6504 -24.2379 0.05)
(-16.6156 -24.4311 0.05)
(-15.4962 -24.6169 0.05)
(-14.2528 -24.7959 0.05)
(-12.8752 -24.9597 0.05)
(-11.4066 -25.0954 0.05)
(-9.87086 -25.1981 0.05)
(-8.25974 -25.2665 0.05)
(-6.56498 -25.299 0.05)
(-4.77687 -25.2937 0.05)
(-2.88594 -25.2483 0.05)
(-0.881076 -25.1603 0.05)
(1.25119 -25.027 0.05)
(3.52684 -24.8448 0.05)
(5.96552 -24.6095 0.05)
(-19.921 -25.201 0)
(-18.936 -25.4261 0)
(-17.9255 -25.6354 0)
(-16.8631 -25.8337 0)
(-15.7146 -26.0243 0)
(-14.4388 -26.2079 0)
(-13.0249 -26.3761 0)
(-11.5196 -26.5152 0)
(-9.94846 -26.6202 0)
(-8.30348 -26.6901 0)
(-6.57641 -26.7232 0)
(-4.75754 -26.7178 0)
(-2.83752 -26.6717 0)
(-0.805319 -26.5826 0)
(1.35254 -26.4476 0)
(3.65211 -26.2635 0)
(6.11324 -26.0261 0)
(-19.921 -25.201 0.05)
(-18.936 -25.4261 0.05)
(-17.9255 -25.6354 0.05)
(-16.8631 -25.8337 0.05)
(-15.7146 -26.0243 0.05)
(-14.4388 -26.2079 0.05)
(-13.0249 -26.3761 0.05)
(-11.5196 -26.5152 0.05)
(-9.94846 -26.6202 0.05)
(-8.30348 -26.6901 0.05)
(-6.57641 -26.7232 0.05)
(-4.75754 -26.7178 0.05)
(-2.83752 -26.6717 0.05)
(-0.805319 -26.5826 0.05)
(1.35254 -26.4476 0.05)
(3.65211 -26.2635 0.05)
(6.11324 -26.0261 0.05)
(-19.2555 -26.8944 0)
(-18.2156 -27.1097 0)
(-17.1241 -27.3134 0)
(-15.9451 -27.5092 0)
(-14.6349 -27.6977 0)
(-13.1828 -27.8703 0)
(-11.6387 -28.0131 0)
(-10.0303 -28.1206 0)
(-8.34963 -28.192 0)
(-6.58847 -28.2258 0)
(-4.73715 -28.2203 0)
(-2.78644 -28.1735 0)
(-0.725395 -28.083 0)
(1.45947 -27.9464 0)
(3.78427 -27.7603 0)
(6.26908 -27.5206 0)
(-19.2555 -26.8944 0.05)
(-18.2156 -27.1097 0.05)
(-17.1241 -27.3134 0.05)
(-15.9451 -27.5092 0.05)
(-14.6349 -27.6977 0.05)
(-13.1828 -27.8703 0.05)
(-11.6387 -28.0131 0.05)
(-10.0303 -28.1206 0.05)
(-8.34963 -28.192 0.05)
(-6.58847 -28.2258 0.05)
(-4.73715 -28.2203 0.05)
(-2.78644 -28.1735 0.05)
(-0.725395 -28.083 0.05)
(1.45947 -27.9464 0.05)
(3.78427 -27.7603 0.05)
(6.26908 -27.5206 0.05)
(-19.5926 -28.4433 0)
(-18.5218 -28.6651 0)
(-17.3996 -28.8746 0)
(-16.1882 -29.0757 0)
(-14.8418 -29.2694 0)
(-13.3494 -29.4468 0)
(-11.7644 -29.5933 0)
(-10.1167 -29.7035 0)
(-8.39832 -29.7765 0)
(-6.60119 -29.811 0)
(-4.71563 -29.8054 0)
(-2.73256 -29.7578 0)
(-0.641075 -29.666 0)
(1.57228 -29.5276 0)
(3.9237 -29.3394 0)
(6.4335 -29.0973 0)
(-19.5926 -28.4433 0.05)
(-18.5218 -28.6651 0.05)
(-17.3996 -28.8746 0.05)
(-16.1882 -29.0757 0.05)
(-14.8418 -29.2694 0.05)
(-13.3494 -29.4468 0.05)
(-11.7644 -29.5933 0.05)
(-10.1167 -29.7035 0.05)
(-8.39832 -29.7765 0.05)
(-6.60119 -29.811 0.05)
(-4.71563 -29.8054 0.05)
(-2.73256 -29.7578 0.05)
(-0.641075 -29.666 0.05)
(1.57228 -29.5276 0.05)
(3.9237 -29.3394 0.05)
(6.4335 -29.0973 0.05)
(-19.9483 -30.0775 0)
(-18.8447 -30.3061 0)
(-17.6901 -30.5216 0)
(-16.4447 -30.7283 0)
(-15.0602 -30.9275 0)
(-13.5251 -31.11 0)
(-11.897 -31.2605 0)
(-10.2078 -31.3735 0)
(-8.44969 -31.4481 0)
(-6.6146 -31.4834 0)
(-4.69294 -31.4777 0)
(-2.67571 -31.4293 0)
(-0.552117 -31.3361 0)
(1.69129 -31.1958 0)
(4.0708 -31.0054 0)
(6.60696 -30.7607 0)
(-19.9483 -30.0775 0.05)
(-18.8447 -30.3061 0.05)
(-17.6901 -30.5216 0.05)
(-16.4447 -30.7283 0.05)
(-15.0602 -30.9275 0.05)
(-13.5251 -31.11 0.05)
(-11.897 -31.2605 0.05)
(-10.2078 -31.3735 0.05)
(-8.44969 -31.4481 0.05)
(-6.6146 -31.4834 0.05)
(-4.69294 -31.4777 0.05)
(-2.67571 -31.4293 0.05)
(-0.552117 -31.3361 0.05)
(1.69129 -31.1958 0.05)
(4.0708 -31.0054 0.05)
(6.60696 -30.7607 0.05)
(-19.1855 -32.0373 0)
(-17.9967 -32.2592 0)
(-16.7153 -32.4719 0)
(-15.2905 -32.6768 0)
(-13.7105 -32.8646 0)
(-12.0368 -33.0194 0)
(-10.3039 -33.1353 0)
(-8.50388 -33.2117 0)
(-6.62876 -33.2477 0)
(-4.66899 -33.2419 0)
(-2.61573 -33.1927 0)
(-0.458267 -33.098 0)
(1.81685 -32.9558 0)
(4.22599 -32.763 0)
(6.78995 -32.5156 0)
(-19.1855 -32.0373 0.05)
(-17.9967 -32.2592 0.05)
(-16.7153 -32.4719 0.05)
(-15.2905 -32.6768 0.05)
(-13.7105 -32.8646 0.05)
(-12.0368 -33.0194 0.05)
(-10.3039 -33.1353 0.05)
(-8.50388 -33.2117 0.05)
(-6.62876 -33.2477 0.05)
(-4.66899 -33.2419 0.05)
(-2.61573 -33.1927 0.05)
(-0.458267 -33.098 0.05)
(1.81685 -32.9558 0.05)
(4.22599 -32.763 0.05)
(6.78995 -32.5156 0.05)
(-19.545 -33.8637 0)
(-18.3201 -34.0923 0)
(-17.0008 -34.3113 0)
(-15.5335 -34.5224 0)
(-13.9062 -34.7158 0)
(-12.1844 -34.875 0)
(-10.4053 -34.994 0)
(-8.56106 -35.0723 0)
(-6.6437 -35.1091 0)
(-4.64373 -35.1032 0)
(-2.55245 -35.0531 0)
(-0.359255 -34.9569 0)
(1.94931 -34.8125 0)
(4.38972 -34.6172 0)
(6.98302 -34.3671 0)
(-19.545 -33.8637 0.05)
(-18.3201 -34.0923 0.05)
(-17.0008 -34.3113 0.05)
(-15.5335 -34.5224 0.05)
(-13.9062 -34.7158 0.05)
(-12.1844 -34.875 0.05)
(-10.4053 -34.994 0.05)
(-8.56106 -35.0723 0.05)
(-6.6437 -35.1091 0.05)
(-4.64373 -35.1032 0.05)
(-2.55245 -35.0531 0.05)
(-0.359255 -34.9569 0.05)
(1.94931 -34.8125 0.05)
(4.38972 -34.6172 0.05)
(6.98302 -34.3671 0.05)
(-19.9242 -35.7906 0)
(-18.6613 -36.0263 0)
(-17.302 -36.2519 0)
(-15.7898 -36.4694 0)
(-14.1126 -36.6688 0)
(-12.3401 -36.8326 0)
(-10.5123 -36.9549 0)
(-8.62138 -37.0352 0)
(-6.65945 -37.0729 0)
(-4.61708 -37.0669 0)
(-2.4857 -37.0158 0)
(-0.254797 -36.9179 0)
(2.08906 -36.7714 0)
(4.56245 -36.5734 0)
(7.1867 -36.3203 0)
(-19.9242 -35.7906 0.05)
(-18.6613 -36.0263 0.05)
(-17.302 -36.2519 0.05)
(-15.7898 -36.4694 0.05)
(-14.1126 -36.6688 0.05)
(-12.3401 -36.8326 0.05)
(-10.5123 -36.9549 0.05)
(-8.62138 -37.0352 0.05)
(-6.65945 -37.0729 0.05)
(-4.61708 -37.0669 0.05)
(-2.4857 -37.0158 0.05)
(-0.254797 -36.9179 0.05)
(2.08906 -36.7714 0.05)
(4.56245 -36.5734 0.05)
(7.1867 -36.3203 0.05)
(-19.0213 -38.0666 0)
(-17.6197 -38.2993 0)
(-16.0603 -38.5235 0)
(-14.3303 -38.7292 0)
(-12.5044 -38.898 0)
(-10.6252 -39.0237 0)
(-8.68501 -39.1061 0)
(-6.67608 -39.1447 0)
(-4.58896 -39.1386 0)
(-2.41527 -39.0864 0)
(-0.144595 -38.9869 0)
(2.2365 -38.838 0)
(4.74468 -38.6373 0)
(7.40158 -38.381 0)
(-19.0213 -38.0666 0.05)
(-17.6197 -38.2993 0.05)
(-16.0603 -38.5235 0.05)
(-14.3303 -38.7292 0.05)
(-12.5044 -38.898 0.05)
(-10.6252 -39.0237 0.05)
(-8.68501 -39.1061 0.05)
(-6.67608 -39.1447 0.05)
(-4.58896 -39.1386 0.05)
(-2.41527 -39.0864 0.05)
(-0.144595 -38.9869 0.05)
(2.2365 -38.838 0.05)
(4.74468 -38.6373 0.05)
(7.40158 -38.381 0.05)
(-19.4011 -40.2192 0)
(-17.955 -40.4592 0)
(-16.3456 -40.6906 0)
(-14.56 -40.9029 0)
(-12.6776 -41.0769 0)
(-10.7443 -41.2062 0)
(-8.75215 -41.2909 0)
(-6.69362 -41.3305 0)
(-4.5593 -41.3242 0)
(-2.34097 -41.271 0)
(-0.0283306 -41.1696 0)
(2.39204 -41.0183 0)
(4.93693 -40.8146 0)
(7.62828 -40.555 0)
(-19.4011 -40.2192 0.05)
(-17.955 -40.4592 0.05)
(-16.3456 -40.6906 0.05)
(-14.56 -40.9029 0.05)
(-12.6776 -41.0769 0.05)
(-10.7443 -41.2062 0.05)
(-8.75215 -41.2909 0.05)
(-6.69362 -41.3305 0.05)
(-4.5593 -41.3242 0.05)
(-2.34097 -41.271 0.05)
(-0.0283306 -41.1696 0.05)
(2.39204 -41.0183 0.05)
(4.93693 -40.8146 0.05)
(7.62828 -40.555 0.05)
(-19.8017 -42.4902 0)
(-18.3086 -42.738 0)
(-16.6466 -42.9769 0)
(-14.8023 -43.1961 0)
(-12.8605 -43.3757 0)
(-10.8699 -43.5089 0)
(-8.82298 -43.5958 0)
(-6.71212 -43.6364 0)
(-4.528 -43.63 0)
(-2.26258 -43.5757 0)
(0.0943278 -43.4723 0)
(2.55614 -43.3185 0)
(5.13976 -43.1117 0)
(7.86745 -42.8486 0)
(-19.8017 -42.4902 0.05)
(-18.3086 -42.738 0.05)
(-16.6466 -42.9769 0.05)
(-14.8023 -43.1961 0.05)
(-12.8605 -43.3757 0.05)
(-10.8699 -43.5089 0.05)
(-8.82298 -43.5958 0.05)
(-6.71212 -43.6364 0.05)
(-4.528 -43.63 0.05)
(-2.26258 -43.5757 0.05)
(0.0943278 -43.4723 0.05)
(2.55614 -43.3185 0.05)
(5.13976 -43.1117 0.05)
(7.86745 -42.8486 0.05)
(-20.2244 -44.886 0)
(-18.6818 -45.142 0)
(-16.9642 -45.389 0)
(-15.058 -45.6155 0)
(-13.0533 -45.8009 0)
(-11.0025 -45.9381 0)
(-8.8977 -46.0275 0)
(-6.73164 -46.0692 0)
(-4.49499 -46.0626 0)
(-2.17988 -46.0071 0)
(0.223732 -45.9018 0)
(2.72927 -45.7452 0)
(5.35374 -45.5351 0)
(8.11978 -45.2683 0)
(-20.2244 -44.886 0.05)
(-18.6818 -45.142 0.05)
(-16.9642 -45.389 0.05)
(-15.058 -45.6155 0.05)
(-13.0533 -45.8009 0.05)
(-11.0025 -45.9381 0.05)
(-8.8977 -46.0275 0.05)
(-6.73164 -46.0692 0.05)
(-4.49499 -46.0626 0.05)
(-2.17988 -46.0071 0.05)
(0.223732 -45.9018 0.05)
(2.72927 -45.7452 0.05)
(5.35374 -45.5351 0.05)
(8.11978 -45.2683 0.05)
(-19.0754 -47.6783 0)
(-17.2992 -47.9337 0)
(-15.3278 -48.168 0)
(-13.2568 -48.3595 0)
(-11.1423 -48.501 0)
(-8.97653 -48.593 0)
(-6.75223 -48.6358 0)
(-4.46016 -48.6291 0)
(-2.09263 -48.5723 0)
(0.360254 -48.4648 0)
(2.91192 -48.3053 0)
(5.57949 -48.0919 0)
(8.38598 -47.8212 0)
(-19.0754 -47.6783 0.05)
(-17.2992 -47.9337 0.05)
(-15.3278 -48.168 0.05)
(-13.2568 -48.3595 0.05)
(-11.1423 -48.501 0.05)
(-8.97653 -48.593 0.05)
(-6.75223 -48.6358 0.05)
(-4.46016 -48.6291 0.05)
(-2.09263 -48.5723 0.05)
(0.360254 -48.4648 0.05)
(2.91192 -48.3053 0.05)
(5.57949 -48.0919 0.05)
(8.38598 -47.8212 0.05)
(-19.4907 -50.3541 0)
(-17.6527 -50.6184 0)
(-15.6123 -50.8608 0)
(-13.4715 -51.0588 0)
(-11.2898 -51.2048 0)
(-9.0597 -51.2996 0)
(-6.77396 -51.3435 0)
(-4.42341 -51.3366 0)
(-2.00058 -51.2786 0)
(0.504285 -51.1688 0)
(3.10461 -51.0063 0)
(5.81766 -50.7892 0)
(8.66683 -50.5144 0)
(-19.4907 -50.3541 0.05)
(-17.6527 -50.6184 0.05)
(-15.6123 -50.8608 0.05)
(-13.4715 -51.0588 0.05)
(-11.2898 -51.2048 0.05)
(-9.0597 -51.2996 0.05)
(-6.77396 -51.3435 0.05)
(-4.42341 -51.3366 0.05)
(-2.00058 -51.2786 0.05)
(0.504285 -51.1688 0.05)
(3.10461 -51.0063 0.05)
(5.81766 -50.7892 0.05)
(8.66683 -50.5144 0.05)
(-19.9288 -53.1771 0)
(-18.0256 -53.4507 0)
(-15.9125 -53.7017 0)
(-13.698 -53.9065 0)
(-11.4455 -54.0573 0)
(-9.14745 -54.155 0)
(-6.79688 -54.2002 0)
(-4.38464 -54.1931 0)
(-1.90347 -54.1337 0)
(0.656237 -54.0215 0)
(3.3079 -53.8558 0)
(6.06893 -53.6349 0)
(-19.9288 -53.1771 0.05)
(-18.0256 -53.4507 0.05)
(-15.9125 -53.7017 0.05)
(-13.698 -53.9065 0.05)
(-11.4455 -54.0573 0.05)
(-9.14745 -54.155 0.05)
(-6.79688 -54.2002 0.05)
(-4.38464 -54.1931 0.05)
(-1.90347 -54.1337 0.05)
(0.656237 -54.0215 0.05)
(3.3079 -53.8558 0.05)
(6.06893 -53.6349 0.05)
(-20.3911 -56.1553 0)
(-18.419 -56.4388 0)
(-16.2293 -56.6989 0)
(-13.9369 -56.9109 0)
(-11.6097 -57.0667 0)
(-9.24002 -57.1674 0)
(-6.82106 -57.214 0)
(-4.34374 -57.2067 0)
(-1.80102 -57.1458 0)
(0.816547 -57.0311 0)
(3.52237 -56.8621 0)
(6.33401 -56.6371 0)
(-20.3911 -56.1553 0.05)
(-18.419 -56.4388 0.05)
(-16.2293 -56.6989 0.05)
(-13.9369 -56.9109 0.05)
(-11.6097 -57.0667 0.05)
(-9.24002 -57.1674 0.05)
(-6.82106 -57.214 0.05)
(-4.34374 -57.2067 0.05)
(-1.80102 -57.1458 0.05)
(0.816547 -57.0311 0.05)
(3.52237 -56.8621 0.05)
(6.33401 -56.6371 0.05)
(-18.8341 -59.5912 0)
(-16.5634 -59.861 0)
(-14.189 -60.0806 0)
(-11.7829 -60.2416 0)
(-9.33768 -60.3456 0)
(-6.84658 -60.3935 0)
(-4.30059 -60.3861 0)
(-1.69294 -60.3236 0)
(0.985673 -60.2063 0)
(3.74864 -60.0336 0)
(6.61368 -59.8044 0)
(-18.8341 -59.5912 0.05)
(-16.5634 -59.861 0.05)
(-14.189 -60.0806 0.05)
(-11.7829 -60.2416 0.05)
(-9.33768 -60.3456 0.05)
(-6.84658 -60.3935 0.05)
(-4.30059 -60.3861 0.05)
(-1.69294 -60.3236 0.05)
(0.985673 -60.2063 0.05)
(3.74864 -60.0336 0.05)
(6.61368 -59.8044 0.05)
(-19.272 -62.9171 0)
(-16.916 -63.1969 0)
(-14.4549 -63.4246 0)
(-11.9657 -63.5912 0)
(-9.44071 -63.6985 0)
(-6.87349 -63.748 0)
(-4.25507 -63.7403 0)
(-1.57891 -63.6762 0)
(1.1641 -63.5561 0)
(3.98736 -63.3797 0)
(6.90873 -63.146 0)
(-19.272 -62.9171 0.05)
(-16.916 -63.1969 0.05)
(-14.4549 -63.4246 0.05)
(-11.9657 -63.5912 0.05)
(-9.44071 -63.6985 0.05)
(-6.87349 -63.748 0.05)
(-4.25507 -63.7403 0.05)
(-1.57891 -63.6762 0.05)
(1.1641 -63.5561 0.05)
(3.98736 -63.3797 0.05)
(6.90873 -63.146 0.05)
(-19.7339 -66.4258 0)
(-17.2879 -66.7164 0)
(-14.7355 -66.9524 0)
(-12.1585 -67.125 0)
(-9.54941 -67.2359 0)
(-6.90189 -67.2869 0)
(-4.20704 -67.279 0)
(-1.45861 -67.2132 0)
(1.35234 -67.0901 0)
(4.2392 -66.9097 0)
(7.22 -66.6713 0)
(-19.7339 -66.4258 0.05)
(-17.2879 -66.7164 0.05)
(-14.7355 -66.9524 0.05)
(-12.1585 -67.125 0.05)
(-9.54941 -67.2359 0.05)
(-6.90189 -67.2869 0.05)
(-4.20704 -67.279 0.05)
(-1.45861 -67.2132 0.05)
(1.35234 -67.0901 0.05)
(4.2392 -66.9097 0.05)
(7.22 -66.6713 0.05)
(-20.2213 -70.1275 0)
(-17.6803 -70.4294 0)
(-15.0315 -70.6744 0)
(-12.3619 -70.8531 0)
(-9.66409 -70.9678 0)
(-6.93185 -71.0204 0)
(-4.15637 -71.0124 0)
(-1.33169 -70.9447 0)
(1.55094 -70.8185 0)
(4.50489 -70.6339 0)
(7.5484 -70.3905 0)
(-20.2213 -70.1275 0.05)
(-17.6803 -70.4294 0.05)
(-15.0315 -70.6744 0.05)
(-12.3619 -70.8531 0.05)
(-9.66409 -70.9678 0.05)
(-6.93185 -71.0204 0.05)
(-4.15637 -71.0124 0.05)
(-1.33169 -70.9447 0.05)
(1.55094 -70.8185 0.05)
(4.50489 -70.6339 0.05)
(7.5484 -70.3905 0.05)
(-20.7355 -74.0329 0)
(-18.0942 -74.3466 0)
(-15.3438 -74.601 0)
(-12.5765 -74.7863 0)
(-9.78507 -74.905 0)
(-6.96345 -74.9593 0)
(-4.10291 -74.951 0)
(-1.19779 -74.8815 0)
(1.76046 -74.7519 0)
(4.7852 -74.563 0)
(7.89485 -74.3142 0)
(-20.7355 -74.0329 0.05)
(-18.0942 -74.3466 0.05)
(-15.3438 -74.601 0.05)
(-12.5765 -74.7863 0.05)
(-9.78507 -74.905 0.05)
(-6.96345 -74.9593 0.05)
(-4.10291 -74.951 0.05)
(-1.19779 -74.8815 0.05)
(1.76046 -74.7519 0.05)
(4.7852 -74.563 0.05)
(7.89485 -74.3142 0.05)
(-18.5309 -78.4793 0)
(-15.6733 -78.7436 0)
(-12.8029 -78.9358 0)
(-9.91271 -79.0587 0)
(-6.99679 -79.1149 0)
(-4.04652 -79.1063 0)
(-1.05653 -79.0348 0)
(1.9815 -78.9017 0)
(5.08092 -78.7081 0)
(8.26037 -78.4538 0)
(-18.5309 -78.4793 0.05)
(-15.6733 -78.7436 0.05)
(-12.8029 -78.9358 0.05)
(-9.91271 -79.0587 0.05)
(-6.99679 -79.1149 0.05)
(-4.04652 -79.1063 0.05)
(-1.05653 -79.0348 0.05)
(1.9815 -78.9017 0.05)
(5.08092 -78.7081 0.05)
(8.26037 -78.4538 0.05)
(-18.9917 -82.8392 0)
(-16.0208 -83.114 0)
(-13.0418 -83.3135 0)
(-10.0474 -83.4409 0)
(-7.03197 -83.499 0)
(-3.98702 -83.4902 0)
(-0.907496 -83.4165 0)
(2.2147 -83.2798 0)
(5.39291 -83.0812 0)
(8.64598 -82.8211 0)
(-18.9917 -82.8392 0.05)
(-16.0208 -83.114 0.05)
(-13.0418 -83.3135 0.05)
(-10.0474 -83.4409 0.05)
(-7.03197 -83.499 0.05)
(-3.98702 -83.4902 0.05)
(-0.907496 -83.4165 0.05)
(2.2147 -83.2798 0.05)
(5.39291 -83.0812 0.05)
(8.64598 -82.8211 0.05)
(-19.4778 -87.439 0)
(-16.3875 -87.7248 0)
(-13.2937 -87.932 0)
(-10.1894 -88.0641 0)
(-7.06908 -88.1242 0)
(-3.92425 -88.1151 0)
(-0.750267 -88.0392 0)
(2.46072 -87.8986 0)
(5.72206 -87.6949 0)
(-19.4778 -87.439 0.05)
(-16.3875 -87.7248 0.05)
(-13.2937 -87.932 0.05)
(-10.1894 -88.0641 0.05)
(-7.06908 -88.1242 0.05)
(-3.92425 -88.1151 0.05)
(-0.750267 -88.0392 0.05)
(2.46072 -87.8986 0.05)
(5.72206 -87.6949 0.05)
(-19.9906 -92.2917 0)
(-16.7744 -92.5892 0)
(-13.5596 -92.8045 0)
(-10.3393 -92.9415 0)
(-7.10824 -93.0038 0)
(-3.85803 -92.9944 0)
(-0.584391 -92.9161 0)
(2.72028 -92.7714 0)
(6.06931 -92.5623 0)
(-19.9906 -92.2917 0.05)
(-16.7744 -92.5892 0.05)
(-13.5596 -92.8045 0.05)
(-10.3393 -92.9415 0.05)
(-7.10824 -93.0038 0.05)
(-3.85803 -92.9944 0.05)
(-0.584391 -92.9161 0.05)
(2.72028 -92.7714 0.05)
(6.06931 -92.5623 0.05)
(-20.5316 -97.4114 0)
(-17.1825 -97.7212 0)
(-13.8401 -97.945 0)
(-10.4974 -98.0872 0)
(-7.14954 -98.1518 0)
(-3.78816 -98.1421 0)
(-0.409391 -98.0613 0)
(2.99411 -97.9123 0)
(6.43566 -97.6974 0)
(-20.5316 -97.4114 0.05)
(-17.1825 -97.7212 0.05)
(-13.8401 -97.945 0.05)
(-10.4974 -98.0872 0.05)
(-7.14954 -98.1518 0.05)
(-3.78816 -98.1421 0.05)
(-0.409391 -98.0613 0.05)
(2.99411 -97.9123 0.05)
(6.43566 -97.6974 0.05)
(-21.1024 -102.813 0)
(-17.6131 -103.135 0)
(-14.136 -103.368 0)
(-10.6643 -103.516 0)
(-7.19312 -103.583 0)
(-3.71446 -103.573 0)
(-0.224766 -103.489 0)
(3.283 -103.336 0)
(6.82216 -103.115 0)
(-21.1024 -102.813 0.05)
(-17.6131 -103.135 0.05)
(-14.136 -103.368 0.05)
(-10.6643 -103.516 0.05)
(-7.19312 -103.583 0.05)
(-3.71446 -103.573 0.05)
(-0.224766 -103.489 0.05)
(3.283 -103.336 0.05)
(6.82216 -103.115 0.05)
(-18.0674 -108.847 0)
(-14.4482 -109.09 0)
(-10.8402 -109.243 0)
(-7.2391 -109.313 0)
(-3.6367 -109.302 0)
(-0.0299869 -109.216 0)
(3.58779 -109.058 0)
(7.22991 -108.83 0)
(-18.0674 -108.847 0.05)
(-14.4482 -109.09 0.05)
(-10.8402 -109.243 0.05)
(-7.2391 -109.313 0.05)
(-3.6367 -109.302 0.05)
(-0.0299869 -109.216 0.05)
(3.58779 -109.058 0.05)
(7.22991 -108.83 0.05)
(-18.5467 -114.874 0)
(-14.7775 -115.126 0)
(-11.0259 -115.286 0)
(-7.2876 -115.358 0)
(-3.55466 -115.347 0)
(0.175505 -115.258 0)
(3.90933 -115.094 0)
(7.6601 -114.86 0)
(-18.5467 -114.874 0.05)
(-14.7775 -115.126 0.05)
(-11.0259 -115.286 0.05)
(-7.2876 -115.358 0.05)
(-3.55466 -115.347 0.05)
(0.175505 -115.258 0.05)
(3.90933 -115.094 0.05)
(7.6601 -114.86 0.05)
(-18.8977 -119.268 0)
(-15.0174 -119.511 0)
(-11.1607 -119.664 0)
(-7.32276 -119.733 0)
(-3.49533 -119.723 0)
(0.324317 -119.637 0)
(4.14277 -119.48 0)
(7.9736 -119.256 0)
(-18.8977 -119.268 0.05)
(-15.0174 -119.511 0.05)
(-11.1607 -119.664 0.05)
(-7.32276 -119.733 0.05)
(-3.49533 -119.723 0.05)
(0.324317 -119.637 0.05)
(4.14277 -119.48 0.05)
(7.9736 -119.256 0.05)
(-19.2838 -124.103 0)
(-15.2813 -124.334 0)
(-11.3089 -124.48 0)
(-7.36143 -124.546 0)
(-3.43007 -124.536 0)
(0.48801 -124.454 0)
(4.39955 -124.305 0)
(8.31846 -124.091 0)
(-19.2838 -124.103 0.05)
(-15.2813 -124.334 0.05)
(-11.3089 -124.48 0.05)
(-7.36143 -124.546 0.05)
(-3.43007 -124.536 0.05)
(0.48801 -124.454 0.05)
(4.39955 -124.305 0.05)
(8.31846 -124.091 0.05)
(-19.7085 -129.421 0)
(-15.5716 -129.639 0)
(-11.472 -129.777 0)
(-7.40397 -129.84 0)
(-3.35828 -129.83 0)
(0.668072 -129.753 0)
(4.682 -129.612 0)
(8.6978 -129.409 0)
(-19.7085 -129.421 0.05)
(-15.5716 -129.639 0.05)
(-11.472 -129.777 0.05)
(-7.40397 -129.84 0.05)
(-3.35828 -129.83 0.05)
(0.668072 -129.753 0.05)
(4.682 -129.612 0.05)
(8.6978 -129.409 0.05)
(-20.1757 -135.271 0)
(-15.8909 -135.475 0)
(-11.6513 -135.605 0)
(-7.45077 -135.663 0)
(-3.27931 -135.654 0)
(0.866141 -135.582 0)
(4.99271 -135.45 0)
(9.11507 -135.26 0)
(-20.1757 -135.271 0.05)
(-15.8909 -135.475 0.05)
(-11.6513 -135.605 0.05)
(-7.45077 -135.663 0.05)
(-3.27931 -135.654 0.05)
(0.866141 -135.582 0.05)
(4.99271 -135.45 0.05)
(9.11507 -135.26 0.05)
(-20.6897 -141.705 0)
(-16.2422 -141.895 0)
(-11.8486 -142.015 0)
(-7.50224 -142.069 0)
(-3.19244 -142.061 0)
(1.08402 -141.994 0)
(5.33448 -141.871 0)
(-20.6897 -141.705 0.05)
(-16.2422 -141.895 0.05)
(-11.8486 -142.015 0.05)
(-7.50224 -142.069 0.05)
(-3.19244 -142.061 0.05)
(1.08402 -141.994 0.05)
(5.33448 -141.871 0.05)
(-21.255 -148.783 0)
(-16.6285 -148.956 0)
(-12.0657 -149.066 0)
(-7.55887 -149.115 0)
(-3.09689 -149.108 0)
(1.32368 -149.047 0)
(5.71043 -148.935 0)
(-21.255 -148.783 0.05)
(-16.6285 -148.956 0.05)
(-12.0657 -149.066 0.05)
(-7.55887 -149.115 0.05)
(-3.09689 -149.108 0.05)
(1.32368 -149.047 0.05)
(5.71043 -148.935 0.05)
(-21.8769 -156.569 0)
(-17.0536 -156.724 0)
(-12.3044 -156.822 0)
(-7.62115 -156.866 0)
(-2.99179 -156.86 0)
(1.58731 -156.805 0)
(6.12398 -156.705 0)
(-21.8769 -156.569 0.05)
(-17.0536 -156.724 0.05)
(-12.3044 -156.822 0.05)
(-7.62115 -156.866 0.05)
(-2.99179 -156.86 0.05)
(1.58731 -156.805 0.05)
(6.12398 -156.705 0.05)
(-17.5211 -165.269 0)
(-12.567 -165.354 0)
(-7.68966 -165.392 0)
(-2.87617 -165.387 0)
(1.8773 -165.339 0)
(6.57888 -165.252 0)
(-17.5211 -165.269 0.05)
(-12.567 -165.354 0.05)
(-7.68966 -165.392 0.05)
(-2.87617 -165.387 0.05)
(1.8773 -165.339 0.05)
(6.57888 -165.252 0.05)
(-18.0353 -174.668 0)
(-12.8559 -174.739 0)
(-7.76503 -174.771 0)
(-2.74899 -174.766 0)
(2.19629 -174.726 0)
(7.07927 -174.653 0)
(-18.0353 -174.668 0.05)
(-12.8559 -174.739 0.05)
(-7.76503 -174.771 0.05)
(-2.74899 -174.766 0.05)
(2.19629 -174.726 0.05)
(7.07927 -174.653 0.05)
(-18.601 -185.006 0)
(-13.1736 -185.062 0)
(-7.84793 -185.087 0)
(-2.6091 -185.084 0)
(2.54718 -185.052 0)
(7.6297 -184.995 0)
(-18.601 -185.006 0.05)
(-13.1736 -185.062 0.05)
(-7.84793 -185.087 0.05)
(-2.6091 -185.084 0.05)
(2.54718 -185.052 0.05)
(7.6297 -184.995 0.05)
(-19.2233 -196.379 0)
(-13.5232 -196.418 0)
(-7.93912 -196.436 0)
(-2.45521 -196.433 0)
(2.93316 -196.411 0)
(8.23517 -196.371 0)
(-19.2233 -196.379 0.05)
(-13.5232 -196.418 0.05)
(-7.93912 -196.436 0.05)
(-2.45521 -196.433 0.05)
(2.93316 -196.411 0.05)
(8.23517 -196.371 0.05)
(-19.9078 -208.889 0)
(-13.9077 -208.909 0)
(-8.03943 -208.919 0)
(-2.28594 -208.917 0)
(3.35774 -208.906 0)
(8.90119 -208.885 0)
(-19.9078 -208.889 0.05)
(-13.9077 -208.909 0.05)
(-8.03943 -208.919 0.05)
(-2.28594 -208.917 0.05)
(3.35774 -208.906 0.05)
(8.90119 -208.885 0.05)
(-20.6607 -222.65 0)
(-14.3306 -222.65 0)
(-8.14977 -222.65 0)
(-2.09974 -222.65 0)
(3.82478 -222.65 0)
(9.63381 -222.65 0)
(-20.6607 -222.65 0.05)
(-14.3306 -222.65 0.05)
(-8.14977 -222.65 0.05)
(-2.09974 -222.65 0.05)
(3.82478 -222.65 0.05)
(9.63381 -222.65 0.05)
)


// ************************************************************************* //
