/*--------------------------------*- C++ -*----------------------------------*\
| =========                 |                                                 |
| \\      /  F ield         | OpenFOAM: The Open Source CFD Toolbox           |
|  \\    /   O peration     | Version:  2212                                  |
|   \\  /    A nd           | Website:  www.openfoam.com                      |
|    \\/     M anipulation  |                                                 |
\*---------------------------------------------------------------------------*/
FoamFile
{
    version     2.0;
    format      ascii;
    arch        "LSB;label=32;scalar=64";
    note        "nPoints:2894  nCells:1340  nFaces:5466  nInternalFaces:2574";
    class       labelList;
    location    "constant/polyMesh";
    object      neighbour;
}
// * * * * * * * * * * * * * * * * * * * * * * * * * * * * * * * * * * * * * //


2574
(
2
2
4
5
4
7
5
8
9
7
12
8
13
9
14
15
11
18
12
19
13
20
14
21
15
22
23
17
27
18
28
19
29
20
30
21
31
22
32
23
33
34
25
38
26
39
27
40
28
41
29
42
30
43
31
44
32
45
33
46
34
47
48
36
53
37
54
38
55
39
56
40
57
41
58
42
59
43
60
44
61
45
62
46
63
47
64
48
65
66
50
72
51
73
52
74
53
75
54
76
55
77
56
78
57
79
58
80
59
81
60
82
61
83
62
84
63
85
64
86
65
87
66
88
89
68
97
69
98
70
99
71
100
72
101
73
102
74
103
75
104
76
105
77
106
78
107
79
108
80
109
81
110
82
111
83
112
84
113
85
114
86
115
87
116
88
117
89
118
119
91
132
92
133
93
134
94
135
95
136
96
137
97
138
98
139
99
140
100
141
101
142
102
143
103
144
104
145
105
146
106
147
107
148
108
149
109
150
110
151
111
152
112
153
113
154
114
155
115
156
116
157
117
158
118
159
119
160
161
121
199
122
200
123
201
124
202
125
203
126
204
127
205
128
206
129
207
130
208
131
209
132
210
133
211
134
212
135
213
136
214
137
215
138
216
139
217
140
218
141
219
142
220
143
221
144
222
145
223
146
224
147
225
148
226
149
227
150
228
151
229
152
230
153
231
154
232
155
233
156
234
157
235
158
236
159
237
160
238
161
239
240
163
241
164
242
165
243
166
244
167
245
168
246
169
247
170
248
171
249
172
250
173
251
174
252
175
253
176
254
177
255
178
256
179
257
180
258
181
259
182
260
183
261
184
262
185
263
186
264
187
265
188
266
189
267
190
268
191
269
192
270
193
271
194
272
195
273
196
274
197
275
198
276
199
277
200
278
201
279
202
280
203
281
204
282
205
283
206
284
207
285
208
286
209
287
210
288
211
289
212
290
213
291
214
292
215
293
216
294
217
295
218
296
219
297
220
298
221
299
222
300
223
301
224
302
225
303
226
304
227
305
228
306
229
307
230
308
231
309
232
310
233
311
234
312
235
313
236
314
237
315
238
316
239
317
240
318
319
242
320
243
321
244
322
245
323
246
324
247
325
248
326
249
327
250
328
251
329
252
330
253
331
254
332
255
333
256
334
257
335
258
336
259
337
260
338
261
339
262
340
263
341
264
342
265
343
266
344
267
345
268
346
269
347
270
348
271
349
272
350
273
351
274
352
275
353
276
354
277
355
278
356
279
357
280
358
281
359
282
360
283
361
284
362
285
363
286
364
287
365
288
366
289
367
290
368
291
369
292
370
293
371
294
372
295
373
296
374
297
375
298
376
299
377
300
378
301
379
302
380
303
381
304
382
305
383
306
384
307
385
308
386
309
387
310
388
311
389
312
390
313
391
314
392
315
393
316
394
317
395
318
396
319
397
398
321
399
322
400
323
401
324
402
325
403
326
404
327
405
328
406
329
407
330
408
331
409
332
410
333
411
334
412
335
413
336
414
337
415
338
416
339
417
340
418
341
419
342
420
343
421
344
422
345
423
346
424
347
425
348
426
349
427
350
428
351
429
352
430
353
431
354
432
355
433
356
434
357
435
358
436
359
437
360
438
361
439
362
440
363
441
364
442
365
443
366
444
367
445
368
446
369
447
370
448
371
449
372
450
373
451
374
452
375
453
376
454
377
455
378
456
379
457
380
458
381
459
382
460
383
461
384
462
385
463
386
464
387
465
388
466
389
467
390
468
391
469
392
470
393
471
394
472
395
473
396
474
397
475
398
476
477
400
478
401
479
402
480
403
481
404
482
405
483
406
484
407
485
408
486
409
487
410
488
411
489
412
490
413
491
414
492
415
493
416
494
417
495
418
496
419
497
420
498
421
499
422
500
423
501
424
502
425
503
426
504
427
505
428
506
429
507
430
508
431
509
432
510
433
511
434
512
435
513
436
514
437
515
438
516
439
517
440
518
441
519
442
520
443
521
444
522
445
523
446
524
447
525
448
526
449
527
450
528
451
529
452
530
453
531
454
532
455
533
456
534
457
535
458
536
459
537
460
538
461
539
462
540
463
541
464
542
465
543
466
544
467
545
468
546
469
547
470
548
471
549
472
550
473
551
474
552
475
553
476
554
477
555
556
479
557
480
558
481
559
482
560
483
561
484
562
485
563
486
564
487
565
488
566
489
567
490
568
491
569
492
570
493
571
494
572
495
573
496
574
497
575
498
576
499
577
500
578
501
579
502
580
503
581
504
582
505
583
506
584
507
585
508
586
509
587
510
588
511
589
512
590
513
591
514
592
515
593
516
594
517
595
518
596
519
597
520
598
521
599
522
600
523
601
524
602
525
603
526
604
527
605
528
606
529
607
530
608
531
609
532
610
533
611
534
612
535
613
536
614
537
615
538
616
539
617
540
618
541
619
542
620
543
621
544
622
545
623
546
624
547
625
548
626
549
627
550
628
551
629
552
630
553
631
554
632
555
633
556
634
635
558
636
559
637
560
638
561
639
562
640
563
641
564
642
565
643
566
644
567
645
568
646
569
647
570
648
571
649
572
650
573
651
574
652
575
653
576
654
577
655
578
656
579
657
580
658
581
659
582
660
583
661
584
662
585
663
586
664
587
665
588
666
589
667
590
668
591
669
592
670
593
671
594
672
595
673
596
674
597
675
598
676
599
677
600
678
601
679
602
680
603
681
604
682
605
683
606
684
607
685
608
686
609
687
610
688
611
689
612
690
613
691
614
692
615
693
616
694
617
695
618
696
619
697
620
698
621
699
622
700
623
701
624
702
625
703
626
704
627
705
628
706
629
707
630
708
631
709
632
710
633
711
634
712
635
713
714
637
715
638
716
639
717
640
718
641
719
642
720
643
721
644
722
645
723
646
724
647
725
648
726
649
727
650
728
651
729
652
730
653
731
654
732
655
733
656
734
657
735
658
736
659
737
660
738
661
739
662
740
663
741
664
742
665
743
666
744
667
745
668
746
669
747
670
748
671
749
672
750
673
751
674
752
675
753
676
754
677
755
678
756
679
757
680
758
681
759
682
760
683
761
684
762
685
763
686
764
687
765
688
766
689
767
690
768
691
769
692
770
693
771
694
772
695
773
696
774
697
775
698
776
699
777
700
778
701
779
702
780
703
781
704
782
705
783
706
784
707
785
708
786
709
787
710
788
711
789
712
790
713
791
714
792
793
716
717
794
718
795
719
796
720
797
721
798
722
799
723
800
724
801
725
802
726
803
727
804
728
805
729
806
730
807
731
808
732
809
733
810
734
811
735
812
736
813
737
814
738
815
739
816
740
817
741
818
742
819
743
820
744
821
745
822
746
823
747
824
748
825
749
826
750
827
751
828
752
829
753
830
754
831
755
832
756
833
757
834
758
835
759
836
760
837
761
838
762
839
763
840
764
841
765
842
766
843
767
844
768
845
769
846
770
847
771
848
772
849
773
850
774
851
775
852
776
853
777
854
778
855
779
856
780
857
781
858
782
859
783
860
784
861
785
862
786
863
787
864
788
865
789
866
790
867
791
868
792
869
793
870
871
795
872
796
873
797
874
798
875
799
876
800
877
801
878
802
879
803
880
804
881
805
882
806
883
807
884
808
885
809
886
810
887
811
888
812
889
813
890
814
891
815
892
816
893
817
894
818
895
819
896
820
897
821
898
822
899
823
900
824
901
825
902
826
903
827
904
828
905
829
906
830
907
831
908
832
909
833
910
834
911
835
912
836
913
837
914
838
915
839
916
840
917
841
918
842
919
843
920
844
921
845
922
846
923
847
924
848
925
849
926
850
927
851
928
852
929
853
930
854
931
855
932
856
933
857
934
858
935
859
936
860
937
861
938
862
939
863
940
864
941
865
942
866
943
867
944
868
945
869
946
870
947
871
948
949
873
950
874
951
875
952
876
953
877
954
878
955
879
956
880
957
881
958
882
959
883
960
884
961
885
962
886
963
887
964
888
965
889
966
890
967
891
968
892
969
893
970
894
971
895
972
896
973
897
974
898
975
899
976
900
977
901
978
902
979
903
980
904
981
905
982
906
983
907
984
908
985
909
986
910
987
911
988
912
989
913
990
914
991
915
992
916
993
917
994
918
995
919
996
920
997
921
998
922
999
923
1000
924
1001
925
1002
926
1003
927
1004
928
1005
929
1006
930
1007
931
1008
932
1009
933
1010
934
1011
935
1012
936
1013
937
1014
938
1015
939
1016
940
1017
941
1018
942
1019
943
1020
944
1021
945
1022
946
1023
947
1024
948
1025
949
1026
1027
951
1028
952
1029
953
1030
954
1031
955
1032
956
1033
957
1034
958
1035
959
1036
960
1037
961
1038
962
1039
963
1040
964
1041
965
1042
966
1043
967
1044
968
1045
969
1046
970
1047
971
1048
972
1049
973
1050
974
1051
975
1052
976
1053
977
1054
978
1055
979
1056
980
1057
981
1058
982
1059
983
1060
984
1061
985
1062
986
1063
987
1064
988
1065
989
1066
990
1067
991
1068
992
1069
993
1070
994
1071
995
1072
996
1073
997
1074
998
1075
999
1076
1000
1077
1001
1078
1002
1079
1003
1080
1004
1081
1005
1082
1006
1083
1007
1084
1008
1085
1009
1086
1010
1087
1011
1088
1012
1089
1013
1090
1014
1091
1015
1092
1016
1093
1017
1094
1018
1095
1019
1096
1020
1097
1021
1098
1022
1099
1023
1100
1024
1101
1025
1102
1026
1103
1027
1104
1105
1029
1106
1030
1107
1031
1108
1032
1109
1033
1110
1034
1111
1035
1112
1036
1113
1037
1114
1038
1115
1039
1116
1040
1117
1041
1118
1042
1119
1043
1120
1044
1121
1045
1122
1046
1123
1047
1124
1048
1125
1049
1126
1050
1127
1051
1128
1052
1129
1053
1130
1054
1131
1055
1132
1056
1133
1057
1134
1058
1135
1059
1136
1060
1137
1061
1138
1062
1139
1063
1140
1064
1141
1065
1142
1066
1143
1067
1144
1068
1145
1069
1146
1070
1147
1071
1148
1072
1149
1073
1150
1074
1151
1075
1152
1076
1153
1077
1154
1078
1155
1079
1156
1080
1157
1081
1158
1082
1159
1083
1160
1084
1161
1085
1162
1086
1163
1087
1164
1088
1165
1089
1166
1090
1167
1091
1168
1092
1169
1093
1170
1094
1171
1095
1172
1096
1173
1097
1174
1098
1175
1099
1176
1100
1177
1101
1178
1102
1179
1103
1180
1104
1181
1105
1182
1183
1107
1184
1108
1185
1109
1186
1110
1187
1111
1188
1112
1189
1113
1190
1114
1191
1115
1192
1116
1193
1117
1194
1118
1195
1119
1196
1120
1197
1121
1198
1122
1199
1123
1200
1124
1201
1125
1202
1126
1203
1127
1204
1128
1205
1129
1206
1130
1207
1131
1208
1132
1209
1133
1210
1134
1211
1135
1212
1136
1213
1137
1214
1138
1215
1139
1216
1140
1217
1141
1218
1142
1219
1143
1220
1144
1221
1145
1222
1146
1223
1147
1224
1148
1225
1149
1226
1150
1227
1151
1228
1152
1229
1153
1230
1154
1231
1155
1232
1156
1233
1157
1234
1158
1235
1159
1236
1160
1237
1161
1238
1162
1239
1163
1240
1164
1241
1165
1242
1166
1243
1167
1244
1168
1245
1169
1246
1170
1247
1171
1248
1172
1249
1173
1250
1174
1251
1175
1252
1176
1253
1177
1254
1178
1255
1179
1256
1180
1257
1181
1258
1182
1259
1183
1260
1261
1185
1262
1186
1263
1187
1264
1188
1265
1189
1266
1190
1267
1191
1268
1192
1269
1193
1270
1194
1271
1195
1272
1196
1273
1197
1274
1198
1275
1199
1276
1200
1277
1201
1278
1202
1279
1203
1280
1204
1281
1205
1282
1206
1283
1207
1284
1208
1285
1209
1286
1210
1287
1211
1288
1212
1289
1213
1290
1214
1291
1215
1292
1216
1293
1217
1294
1218
1295
1219
1296
1220
1297
1221
1298
1222
1299
1223
1300
1224
1301
1225
1302
1226
1303
1227
1304
1228
1305
1229
1306
1230
1307
1231
1308
1232
1309
1233
1310
1234
1311
1235
1312
1236
1313
1237
1314
1238
1315
1239
1316
1240
1317
1241
1318
1242
1319
1243
1320
1244
1321
1245
1322
1246
1323
1247
1324
1248
1325
1249
1326
1250
1327
1251
1328
1252
1329
1253
1330
1254
1331
1255
1332
1256
1333
1257
1334
1258
1335
1259
1336
1260
1337
1261
1338
1339
1263
1264
1265
1266
1267
1268
1269
1270
1271
1272
1273
1274
1275
1276
1277
1278
1279
1280
1281
1282
1283
1284
1285
1286
1287
1288
1289
1290
1291
1292
1293
1294
1295
1296
1297
1298
1299
1300
1301
1302
1303
1304
1305
1306
1307
1308
1309
1310
1311
1312
1313
1314
1315
1316
1317
1318
1319
1320
1321
1322
1323
1324
1325
1326
1327
1328
1329
1330
1331
1332
1333
1334
1335
1336
1337
1338
1339
)


// ************************************************************************* //
