/*--------------------------------*- C++ -*----------------------------------*\
| =========                 |                                                 |
| \\      /  F ield         | OpenFOAM: The Open Source CFD Toolbox           |
|  \\    /   O peration     | Version:  2212                                  |
|   \\  /    A nd           | Website:  www.openfoam.com                      |
|    \\/     M anipulation  |                                                 |
\*---------------------------------------------------------------------------*/
FoamFile
{
    version     2.0;
    format      ascii;
    arch        "LSB;label=32;scalar=64";
    class       vectorField;
    location    "constant/polyMesh";
    object      points;
}
// * * * * * * * * * * * * * * * * * * * * * * * * * * * * * * * * * * * * * //


2894
(
(68.167 208.957 0)
(68.167 208.957 0.05)
(71.538 223.483 0)
(71.538 223.483 0.05)
(68.1229 195.752 0)
(68.1229 195.752 0.05)
(71.1874 208.957 0)
(71.1874 208.957 0.05)
(74.5584 223.483 0)
(74.5584 223.483 0.05)
(68.5084 183.747 0)
(68.5084 183.747 0.05)
(71.2943 195.752 0)
(71.2943 195.752 0.05)
(74.3588 208.957 0)
(74.3588 208.957 0.05)
(77.7298 223.483 0)
(77.7298 223.483 0.05)
(69.3057 172.833 0)
(69.3057 172.833 0.05)
(71.8384 183.747 0)
(71.8384 183.747 0.05)
(74.6243 195.752 0)
(74.6243 195.752 0.05)
(77.6888 208.957 0)
(77.6888 208.957 0.05)
(81.0598 223.483 0)
(81.0598 223.483 0.05)
(68.4067 153.892 0)
(68.4067 153.892 0.05)
(70.4998 162.912 0)
(70.4998 162.912 0.05)
(72.8022 172.833 0)
(72.8022 172.833 0.05)
(75.3349 183.747 0)
(75.3349 183.747 0.05)
(78.1208 195.752 0)
(78.1208 195.752 0.05)
(81.1854 208.957 0)
(81.1854 208.957 0.05)
(84.5563 223.483 0)
(84.5563 223.483 0.05)
(68.4454 138.239 0)
(68.4454 138.239 0.05)
(70.1752 145.693 0)
(70.1752 145.693 0.05)
(72.078 153.892 0)
(72.078 153.892 0.05)
(74.1711 162.912 0)
(74.1711 162.912 0.05)
(76.4736 172.833 0)
(76.4736 172.833 0.05)
(79.0062 183.747 0)
(79.0062 183.747 0.05)
(81.7922 195.752 0)
(81.7922 195.752 0.05)
(84.8567 208.957 0)
(84.8567 208.957 0.05)
(88.2277 223.483 0)
(88.2277 223.483 0.05)
(67.9984 119.702 0)
(67.9984 119.702 0.05)
(69.2981 125.302 0)
(69.2981 125.302 0.05)
(70.7277 131.463 0)
(70.7277 131.463 0.05)
(72.3003 138.239 0)
(72.3003 138.239 0.05)
(74.0301 145.693 0)
(74.0301 145.693 0.05)
(75.9329 153.892 0)
(75.9329 153.892 0.05)
(78.026 162.912 0)
(78.026 162.912 0.05)
(80.3285 172.833 0)
(80.3285 172.833 0.05)
(82.8611 183.747 0)
(82.8611 183.747 0.05)
(85.6471 195.752 0)
(85.6471 195.752 0.05)
(88.7116 208.957 0)
(88.7116 208.957 0.05)
(92.0826 223.483 0)
(92.0826 223.483 0.05)
(68.4596 104.085 0)
(68.4596 104.085 0.05)
(69.7904 109.982 0)
(69.7904 109.982 0.05)
(70.8645 114.611 0)
(70.8645 114.611 0.05)
(72.046 119.702 0)
(72.046 119.702 0.05)
(73.3457 125.302 0)
(73.3457 125.302 0.05)
(74.7753 131.463 0)
(74.7753 131.463 0.05)
(76.3479 138.239 0)
(76.3479 138.239 0.05)
(78.0777 145.693 0)
(78.0777 145.693 0.05)
(79.9806 153.892 0)
(79.9806 153.892 0.05)
(82.0737 162.912 0)
(82.0737 162.912 0.05)
(84.3761 172.833 0)
(84.3761 172.833 0.05)
(86.9088 183.747 0)
(86.9088 183.747 0.05)
(89.6947 195.752 0)
(89.6947 195.752 0.05)
(92.7592 208.957 0)
(92.7592 208.957 0.05)
(96.1302 223.483 0)
(96.1302 223.483 0.05)
(68.0448 83.416 0)
(68.0448 83.416 0.05)
(69.1191 88.176 0)
(69.1191 88.176 0.05)
(70.2524 93.1979 0)
(70.2524 93.1979 0.05)
(71.4481 98.4959 0)
(71.4481 98.4959 0.05)
(72.7096 104.085 0)
(72.7096 104.085 0.05)
(74.0405 109.982 0)
(74.0405 109.982 0.05)
(75.1146 114.611 0)
(75.1146 114.611 0.05)
(76.2961 119.702 0)
(76.2961 119.702 0.05)
(77.5957 125.302 0)
(77.5957 125.302 0.05)
(79.0253 131.463 0)
(79.0253 131.463 0.05)
(80.5979 138.239 0)
(80.5979 138.239 0.05)
(82.3278 145.693 0)
(82.3278 145.693 0.05)
(84.2306 153.892 0)
(84.2306 153.892 0.05)
(86.3237 162.912 0)
(86.3237 162.912 0.05)
(88.6261 172.833 0)
(88.6261 172.833 0.05)
(91.1588 183.747 0)
(91.1588 183.747 0.05)
(93.9447 195.752 0)
(93.9447 195.752 0.05)
(97.0093 208.957 0)
(97.0093 208.957 0.05)
(100.38 223.483 0)
(100.38 223.483 0.05)
(67.9198 63.0892 0)
(67.9198 63.0892 0.05)
(68.7418 66.7313 0)
(68.7418 66.7313 0.05)
(69.609 70.5737 0)
(69.609 70.5737 0.05)
(70.5239 74.6274 0)
(70.5239 74.6274 0.05)
(71.489 78.9041 0)
(71.489 78.9041 0.05)
(72.5073 83.416 0)
(72.5073 83.416 0.05)
(73.5816 88.176 0)
(73.5816 88.176 0.05)
(74.715 93.1979 0)
(74.715 93.1979 0.05)
(75.9107 98.4959 0)
(75.9107 98.4959 0.05)
(77.1721 104.085 0)
(77.1721 104.085 0.05)
(78.503 109.982 0)
(78.503 109.982 0.05)
(79.5771 114.611 0)
(79.5771 114.611 0.05)
(80.7586 119.702 0)
(80.7586 119.702 0.05)
(82.0583 125.302 0)
(82.0583 125.302 0.05)
(83.4879 131.463 0)
(83.4879 131.463 0.05)
(85.0605 138.239 0)
(85.0605 138.239 0.05)
(86.7903 145.693 0)
(86.7903 145.693 0.05)
(88.6931 153.892 0)
(88.6931 153.892 0.05)
(90.7862 162.912 0)
(90.7862 162.912 0.05)
(93.0887 172.833 0)
(93.0887 172.833 0.05)
(95.6213 183.747 0)
(95.6213 183.747 0.05)
(98.4073 195.752 0)
(98.4073 195.752 0.05)
(101.472 208.957 0)
(101.472 208.957 0.05)
(104.843 223.483 0)
(104.843 223.483 0.05)
(67.9343 42.3914 0)
(67.9343 42.3914 0.05)
(68.4993 44.8951 0)
(68.4993 44.8951 0.05)
(69.0954 47.5365 0)
(69.0954 47.5365 0.05)
(69.7244 50.3232 0)
(69.7244 50.3232 0.05)
(70.3879 53.2631 0)
(70.3879 53.2631 0.05)
(71.0879 56.3648 0)
(71.0879 56.3648 0.05)
(71.8264 59.637 0)
(71.8264 59.637 0.05)
(72.6055 63.0892 0)
(72.6055 63.0892 0.05)
(73.4275 66.7313 0)
(73.4275 66.7313 0.05)
(74.2946 70.5737 0)
(74.2946 70.5737 0.05)
(75.2095 74.6274 0)
(75.2095 74.6274 0.05)
(76.1747 78.9041 0)
(76.1747 78.9041 0.05)
(77.193 83.416 0)
(77.193 83.416 0.05)
(78.2673 88.176 0)
(78.2673 88.176 0.05)
(79.4006 93.1979 0)
(79.4006 93.1979 0.05)
(80.5963 98.4959 0)
(80.5963 98.4959 0.05)
(81.8578 104.085 0)
(81.8578 104.085 0.05)
(83.1886 109.982 0)
(83.1886 109.982 0.05)
(84.2627 114.611 0)
(84.2627 114.611 0.05)
(85.4442 119.702 0)
(85.4442 119.702 0.05)
(86.7439 125.302 0)
(86.7439 125.302 0.05)
(88.1735 131.463 0)
(88.1735 131.463 0.05)
(89.7461 138.239 0)
(89.7461 138.239 0.05)
(91.476 145.693 0)
(91.476 145.693 0.05)
(93.3788 153.892 0)
(93.3788 153.892 0.05)
(95.4719 162.912 0)
(95.4719 162.912 0.05)
(97.7743 172.833 0)
(97.7743 172.833 0.05)
(100.307 183.747 0)
(100.307 183.747 0.05)
(103.093 195.752 0)
(103.093 195.752 0.05)
(106.157 208.957 0)
(106.157 208.957 0.05)
(109.528 223.483 0)
(109.528 223.483 0.05)
(67.9843 20.8133 0)
(67.9843 20.8133 0.05)
(68.2815 22.1302 0)
(68.2815 22.1302 0.05)
(68.595 23.5195 0)
(68.595 23.5195 0.05)
(68.9258 24.9852 0)
(68.9258 24.9852 0.05)
(69.2748 26.5316 0)
(69.2748 26.5316 0.05)
(69.643 28.163 0)
(69.643 28.163 0.05)
(70.0315 29.8841 0)
(70.0315 29.8841 0.05)
(70.4413 31.6999 0)
(70.4413 31.6999 0.05)
(70.8736 33.6156 0)
(70.8736 33.6156 0.05)
(71.3297 35.6366 0)
(71.3297 35.6366 0.05)
(71.8109 37.7688 0)
(71.8109 37.7688 0.05)
(72.3186 40.0182 0)
(72.3186 40.0182 0.05)
(72.8542 42.3914 0)
(72.8542 42.3914 0.05)
(73.4193 44.8951 0)
(73.4193 44.8951 0.05)
(74.0154 47.5365 0)
(74.0154 47.5365 0.05)
(74.6443 50.3232 0)
(74.6443 50.3232 0.05)
(75.3078 53.2631 0)
(75.3078 53.2631 0.05)
(76.0078 56.3648 0)
(76.0078 56.3648 0.05)
(76.7463 59.637 0)
(76.7463 59.637 0.05)
(77.5254 63.0892 0)
(77.5254 63.0892 0.05)
(78.3474 66.7313 0)
(78.3474 66.7313 0.05)
(79.2146 70.5737 0)
(79.2146 70.5737 0.05)
(80.1294 74.6274 0)
(80.1294 74.6274 0.05)
(81.0946 78.9041 0)
(81.0946 78.9041 0.05)
(82.1129 83.416 0)
(82.1129 83.416 0.05)
(83.1872 88.176 0)
(83.1872 88.176 0.05)
(84.3206 93.1979 0)
(84.3206 93.1979 0.05)
(85.5163 98.4959 0)
(85.5163 98.4959 0.05)
(86.7777 104.085 0)
(86.7777 104.085 0.05)
(88.1086 109.982 0)
(88.1086 109.982 0.05)
(89.1827 114.611 0)
(89.1827 114.611 0.05)
(90.3642 119.702 0)
(90.3642 119.702 0.05)
(91.6638 125.302 0)
(91.6638 125.302 0.05)
(93.0935 131.463 0)
(93.0935 131.463 0.05)
(94.6661 138.239 0)
(94.6661 138.239 0.05)
(96.3959 145.693 0)
(96.3959 145.693 0.05)
(98.2987 153.892 0)
(98.2987 153.892 0.05)
(100.392 162.912 0)
(100.392 162.912 0.05)
(102.694 172.833 0)
(102.694 172.833 0.05)
(105.227 183.747 0)
(105.227 183.747 0.05)
(108.013 195.752 0)
(108.013 195.752 0.05)
(111.077 208.957 0)
(111.077 208.957 0.05)
(114.448 223.483 0)
(114.448 223.483 0.05)
(68.4918 0.172166 0)
(68.4918 0.172166 0.05)
(68.5328 0.353806 0)
(68.5328 0.353806 0.05)
(68.576 0.545437 0)
(68.576 0.545437 0.05)
(68.6217 0.747607 0)
(68.6217 0.747607 0.05)
(68.6698 0.960897 0)
(68.6698 0.960897 0.05)
(68.7206 1.18592 0)
(68.7206 1.18592 0.05)
(68.7742 1.42331 0)
(68.7742 1.42331 0.05)
(68.8307 1.67377 0)
(68.8307 1.67377 0.05)
(68.8903 1.938 0)
(68.8903 1.938 0.05)
(68.9532 2.21676 0)
(68.9532 2.21676 0.05)
(69.0196 2.51085 0)
(69.0196 2.51085 0.05)
(69.0896 2.82112 0)
(69.0896 2.82112 0.05)
(69.1635 3.14845 0)
(69.1635 3.14845 0.05)
(69.2414 3.49378 0)
(69.2414 3.49378 0.05)
(69.3237 3.85811 0)
(69.3237 3.85811 0.05)
(69.4104 4.24248 0)
(69.4104 4.24248 0.05)
(69.5019 4.64799 0)
(69.5019 4.64799 0.05)
(69.5985 5.0758 0)
(69.5985 5.0758 0.05)
(69.7003 5.52714 0)
(69.7003 5.52714 0.05)
(69.8078 6.0033 0)
(69.8078 6.0033 0.05)
(69.9212 6.50566 0)
(69.9212 6.50566 0.05)
(70.0408 7.03564 0)
(70.0408 7.03564 0.05)
(70.167 7.59477 0)
(70.167 7.59477 0.05)
(70.3001 8.18465 0)
(70.3001 8.18465 0.05)
(70.4406 8.80698 0)
(70.4406 8.80698 0.05)
(70.5887 9.46353 0)
(70.5887 9.46353 0.05)
(70.7451 10.1562 0)
(70.7451 10.1562 0.05)
(70.91 10.887 0)
(70.91 10.887 0.05)
(71.084 11.6579 0)
(71.084 11.6579 0.05)
(71.2675 12.4713 0)
(71.2675 12.4713 0.05)
(71.4612 13.3294 0)
(71.4612 13.3294 0.05)
(71.6655 14.2346 0)
(71.6655 14.2346 0.05)
(71.8811 15.1897 0)
(71.8811 15.1897 0.05)
(72.1085 16.1973 0)
(72.1085 16.1973 0.05)
(72.3484 17.2603 0)
(72.3484 17.2603 0.05)
(72.6015 18.3818 0)
(72.6015 18.3818 0.05)
(72.8685 19.565 0)
(72.8685 19.565 0.05)
(73.1502 20.8133 0)
(73.1502 20.8133 0.05)
(73.4474 22.1302 0)
(73.4474 22.1302 0.05)
(73.761 23.5195 0)
(73.761 23.5195 0.05)
(74.0918 24.9852 0)
(74.0918 24.9852 0.05)
(74.4408 26.5316 0)
(74.4408 26.5316 0.05)
(74.809 28.163 0)
(74.809 28.163 0.05)
(75.1974 29.8841 0)
(75.1974 29.8841 0.05)
(75.6072 31.6999 0)
(75.6072 31.6999 0.05)
(76.0395 33.6156 0)
(76.0395 33.6156 0.05)
(76.4957 35.6366 0)
(76.4957 35.6366 0.05)
(76.9769 37.7688 0)
(76.9769 37.7688 0.05)
(77.4845 40.0182 0)
(77.4845 40.0182 0.05)
(78.0201 42.3914 0)
(78.0201 42.3914 0.05)
(78.5852 44.8951 0)
(78.5852 44.8951 0.05)
(79.1813 47.5365 0)
(79.1813 47.5365 0.05)
(79.8102 50.3232 0)
(79.8102 50.3232 0.05)
(80.4737 53.2631 0)
(80.4737 53.2631 0.05)
(81.1737 56.3648 0)
(81.1737 56.3648 0.05)
(81.9122 59.637 0)
(81.9122 59.637 0.05)
(82.6914 63.0892 0)
(82.6914 63.0892 0.05)
(83.5133 66.7313 0)
(83.5133 66.7313 0.05)
(84.3805 70.5737 0)
(84.3805 70.5737 0.05)
(85.2954 74.6274 0)
(85.2954 74.6274 0.05)
(86.2606 78.9041 0)
(86.2606 78.9041 0.05)
(87.2788 83.416 0)
(87.2788 83.416 0.05)
(88.3531 88.176 0)
(88.3531 88.176 0.05)
(89.4865 93.1979 0)
(89.4865 93.1979 0.05)
(90.6822 98.4959 0)
(90.6822 98.4959 0.05)
(91.9437 104.085 0)
(91.9437 104.085 0.05)
(93.2745 109.982 0)
(93.2745 109.982 0.05)
(94.3486 114.611 0)
(94.3486 114.611 0.05)
(95.5301 119.702 0)
(95.5301 119.702 0.05)
(96.8298 125.302 0)
(96.8298 125.302 0.05)
(98.2594 131.463 0)
(98.2594 131.463 0.05)
(99.832 138.239 0)
(99.832 138.239 0.05)
(101.562 145.693 0)
(101.562 145.693 0.05)
(103.465 153.892 0)
(103.465 153.892 0.05)
(105.558 162.912 0)
(105.558 162.912 0.05)
(107.86 172.833 0)
(107.86 172.833 0.05)
(110.393 183.747 0)
(110.393 183.747 0.05)
(113.179 195.752 0)
(113.179 195.752 0.05)
(116.243 208.957 0)
(116.243 208.957 0.05)
(119.614 223.483 0)
(119.614 223.483 0.05)
(73.916 0.172166 0)
(73.916 0.172166 0.05)
(73.957 0.353806 0)
(73.957 0.353806 0.05)
(74.0003 0.545437 0)
(74.0003 0.545437 0.05)
(74.0459 0.747607 0)
(74.0459 0.747607 0.05)
(74.094 0.960897 0)
(74.094 0.960897 0.05)
(74.1448 1.18592 0)
(74.1448 1.18592 0.05)
(74.1984 1.42331 0)
(74.1984 1.42331 0.05)
(74.2549 1.67377 0)
(74.2549 1.67377 0.05)
(74.3145 1.938 0)
(74.3145 1.938 0.05)
(74.3775 2.21676 0)
(74.3775 2.21676 0.05)
(74.4438 2.51085 0)
(74.4438 2.51085 0.05)
(74.5138 2.82112 0)
(74.5138 2.82112 0.05)
(74.5877 3.14845 0)
(74.5877 3.14845 0.05)
(74.6657 3.49378 0)
(74.6657 3.49378 0.05)
(74.7479 3.85811 0)
(74.7479 3.85811 0.05)
(74.8346 4.24248 0)
(74.8346 4.24248 0.05)
(74.9261 4.64799 0)
(74.9261 4.64799 0.05)
(75.0227 5.0758 0)
(75.0227 5.0758 0.05)
(75.1246 5.52714 0)
(75.1246 5.52714 0.05)
(75.232 6.0033 0)
(75.232 6.0033 0.05)
(75.3454 6.50566 0)
(75.3454 6.50566 0.05)
(75.465 7.03564 0)
(75.465 7.03564 0.05)
(75.5912 7.59477 0)
(75.5912 7.59477 0.05)
(75.7243 8.18465 0)
(75.7243 8.18465 0.05)
(75.8648 8.80698 0)
(75.8648 8.80698 0.05)
(76.013 9.46353 0)
(76.013 9.46353 0.05)
(76.1693 10.1562 0)
(76.1693 10.1562 0.05)
(76.3342 10.887 0)
(76.3342 10.887 0.05)
(76.5082 11.6579 0)
(76.5082 11.6579 0.05)
(76.6918 12.4713 0)
(76.6918 12.4713 0.05)
(76.8854 13.3294 0)
(76.8854 13.3294 0.05)
(77.0897 14.2346 0)
(77.0897 14.2346 0.05)
(77.3053 15.1897 0)
(77.3053 15.1897 0.05)
(77.5327 16.1973 0)
(77.5327 16.1973 0.05)
(77.7726 17.2603 0)
(77.7726 17.2603 0.05)
(78.0257 18.3818 0)
(78.0257 18.3818 0.05)
(78.2927 19.565 0)
(78.2927 19.565 0.05)
(78.5744 20.8133 0)
(78.5744 20.8133 0.05)
(78.8717 22.1302 0)
(78.8717 22.1302 0.05)
(79.1852 23.5195 0)
(79.1852 23.5195 0.05)
(79.516 24.9852 0)
(79.516 24.9852 0.05)
(79.865 26.5316 0)
(79.865 26.5316 0.05)
(80.2332 28.163 0)
(80.2332 28.163 0.05)
(80.6216 29.8841 0)
(80.6216 29.8841 0.05)
(81.0314 31.6999 0)
(81.0314 31.6999 0.05)
(81.4638 33.6156 0)
(81.4638 33.6156 0.05)
(81.9199 35.6366 0)
(81.9199 35.6366 0.05)
(82.4011 37.7688 0)
(82.4011 37.7688 0.05)
(82.9088 40.0182 0)
(82.9088 40.0182 0.05)
(83.4444 42.3914 0)
(83.4444 42.3914 0.05)
(84.0094 44.8951 0)
(84.0094 44.8951 0.05)
(84.6055 47.5365 0)
(84.6055 47.5365 0.05)
(85.2345 50.3232 0)
(85.2345 50.3232 0.05)
(85.898 53.2631 0)
(85.898 53.2631 0.05)
(86.598 56.3648 0)
(86.598 56.3648 0.05)
(87.3365 59.637 0)
(87.3365 59.637 0.05)
(88.1156 63.0892 0)
(88.1156 63.0892 0.05)
(88.9376 66.7313 0)
(88.9376 66.7313 0.05)
(89.8047 70.5737 0)
(89.8047 70.5737 0.05)
(90.7196 74.6274 0)
(90.7196 74.6274 0.05)
(91.6848 78.9041 0)
(91.6848 78.9041 0.05)
(92.7031 83.416 0)
(92.7031 83.416 0.05)
(93.7774 88.176 0)
(93.7774 88.176 0.05)
(94.9107 93.1979 0)
(94.9107 93.1979 0.05)
(96.1064 98.4959 0)
(96.1064 98.4959 0.05)
(97.3679 104.085 0)
(97.3679 104.085 0.05)
(98.6988 109.982 0)
(98.6988 109.982 0.05)
(99.7728 114.611 0)
(99.7728 114.611 0.05)
(100.954 119.702 0)
(100.954 119.702 0.05)
(102.254 125.302 0)
(102.254 125.302 0.05)
(103.684 131.463 0)
(103.684 131.463 0.05)
(105.256 138.239 0)
(105.256 138.239 0.05)
(106.986 145.693 0)
(106.986 145.693 0.05)
(108.889 153.892 0)
(108.889 153.892 0.05)
(110.982 162.912 0)
(110.982 162.912 0.05)
(113.284 172.833 0)
(113.284 172.833 0.05)
(115.817 183.747 0)
(115.817 183.747 0.05)
(118.603 195.752 0)
(118.603 195.752 0.05)
(121.668 208.957 0)
(121.668 208.957 0.05)
(125.039 223.483 0)
(125.039 223.483 0.05)
(79.6115 0.172166 0)
(79.6115 0.172166 0.05)
(79.6525 0.353806 0)
(79.6525 0.353806 0.05)
(79.6957 0.545437 0)
(79.6957 0.545437 0.05)
(79.7413 0.747607 0)
(79.7413 0.747607 0.05)
(79.7895 0.960897 0)
(79.7895 0.960897 0.05)
(79.8402 1.18592 0)
(79.8402 1.18592 0.05)
(79.8938 1.42331 0)
(79.8938 1.42331 0.05)
(79.9503 1.67377 0)
(79.9503 1.67377 0.05)
(80.01 1.938 0)
(80.01 1.938 0.05)
(80.0729 2.21676 0)
(80.0729 2.21676 0.05)
(80.1393 2.51085 0)
(80.1393 2.51085 0.05)
(80.2093 2.82112 0)
(80.2093 2.82112 0.05)
(80.2832 3.14845 0)
(80.2832 3.14845 0.05)
(80.3611 3.49378 0)
(80.3611 3.49378 0.05)
(80.4433 3.85811 0)
(80.4433 3.85811 0.05)
(80.5301 4.24248 0)
(80.5301 4.24248 0.05)
(80.6216 4.64799 0)
(80.6216 4.64799 0.05)
(80.7181 5.0758 0)
(80.7181 5.0758 0.05)
(80.82 5.52714 0)
(80.82 5.52714 0.05)
(80.9275 6.0033 0)
(80.9275 6.0033 0.05)
(81.0408 6.50566 0)
(81.0408 6.50566 0.05)
(81.1605 7.03564 0)
(81.1605 7.03564 0.05)
(81.2866 7.59477 0)
(81.2866 7.59477 0.05)
(81.4198 8.18465 0)
(81.4198 8.18465 0.05)
(81.5602 8.80698 0)
(81.5602 8.80698 0.05)
(81.7084 9.46353 0)
(81.7084 9.46353 0.05)
(81.8647 10.1562 0)
(81.8647 10.1562 0.05)
(82.0296 10.887 0)
(82.0296 10.887 0.05)
(82.2036 11.6579 0)
(82.2036 11.6579 0.05)
(82.3872 12.4713 0)
(82.3872 12.4713 0.05)
(82.5809 13.3294 0)
(82.5809 13.3294 0.05)
(82.7852 14.2346 0)
(82.7852 14.2346 0.05)
(83.0007 15.1897 0)
(83.0007 15.1897 0.05)
(83.2281 16.1973 0)
(83.2281 16.1973 0.05)
(83.468 17.2603 0)
(83.468 17.2603 0.05)
(83.7212 18.3818 0)
(83.7212 18.3818 0.05)
(83.9882 19.565 0)
(83.9882 19.565 0.05)
(84.2699 20.8133 0)
(84.2699 20.8133 0.05)
(84.5671 22.1302 0)
(84.5671 22.1302 0.05)
(84.8806 23.5195 0)
(84.8806 23.5195 0.05)
(85.2114 24.9852 0)
(85.2114 24.9852 0.05)
(85.5604 26.5316 0)
(85.5604 26.5316 0.05)
(85.9286 28.163 0)
(85.9286 28.163 0.05)
(86.3171 29.8841 0)
(86.3171 29.8841 0.05)
(86.7269 31.6999 0)
(86.7269 31.6999 0.05)
(87.1592 33.6156 0)
(87.1592 33.6156 0.05)
(87.6153 35.6366 0)
(87.6153 35.6366 0.05)
(88.0965 37.7688 0)
(88.0965 37.7688 0.05)
(88.6042 40.0182 0)
(88.6042 40.0182 0.05)
(89.1398 42.3914 0)
(89.1398 42.3914 0.05)
(89.7049 44.8951 0)
(89.7049 44.8951 0.05)
(90.301 47.5365 0)
(90.301 47.5365 0.05)
(90.9299 50.3232 0)
(90.9299 50.3232 0.05)
(91.5934 53.2631 0)
(91.5934 53.2631 0.05)
(92.2934 56.3648 0)
(92.2934 56.3648 0.05)
(93.0319 59.637 0)
(93.0319 59.637 0.05)
(93.811 63.0892 0)
(93.811 63.0892 0.05)
(94.633 66.7313 0)
(94.633 66.7313 0.05)
(95.5002 70.5737 0)
(95.5002 70.5737 0.05)
(96.4151 74.6274 0)
(96.4151 74.6274 0.05)
(97.3802 78.9041 0)
(97.3802 78.9041 0.05)
(98.3985 83.416 0)
(98.3985 83.416 0.05)
(99.4728 88.176 0)
(99.4728 88.176 0.05)
(100.606 93.1979 0)
(100.606 93.1979 0.05)
(101.802 98.4959 0)
(101.802 98.4959 0.05)
(103.063 104.085 0)
(103.063 104.085 0.05)
(104.394 109.982 0)
(104.394 109.982 0.05)
(105.468 114.611 0)
(105.468 114.611 0.05)
(106.65 119.702 0)
(106.65 119.702 0.05)
(107.949 125.302 0)
(107.949 125.302 0.05)
(109.379 131.463 0)
(109.379 131.463 0.05)
(110.952 138.239 0)
(110.952 138.239 0.05)
(112.682 145.693 0)
(112.682 145.693 0.05)
(114.584 153.892 0)
(114.584 153.892 0.05)
(116.677 162.912 0)
(116.677 162.912 0.05)
(118.98 172.833 0)
(118.98 172.833 0.05)
(121.513 183.747 0)
(121.513 183.747 0.05)
(124.298 195.752 0)
(124.298 195.752 0.05)
(127.363 208.957 0)
(127.363 208.957 0.05)
(130.734 223.483 0)
(130.734 223.483 0.05)
(85.5917 0.172166 0)
(85.5917 0.172166 0.05)
(85.6327 0.353806 0)
(85.6327 0.353806 0.05)
(85.6759 0.545437 0)
(85.6759 0.545437 0.05)
(85.7215 0.747607 0)
(85.7215 0.747607 0.05)
(85.7697 0.960897 0)
(85.7697 0.960897 0.05)
(85.8205 1.18592 0)
(85.8205 1.18592 0.05)
(85.874 1.42331 0)
(85.874 1.42331 0.05)
(85.9306 1.67377 0)
(85.9306 1.67377 0.05)
(85.9902 1.938 0)
(85.9902 1.938 0.05)
(86.0531 2.21676 0)
(86.0531 2.21676 0.05)
(86.1195 2.51085 0)
(86.1195 2.51085 0.05)
(86.1895 2.82112 0)
(86.1895 2.82112 0.05)
(86.2634 3.14845 0)
(86.2634 3.14845 0.05)
(86.3413 3.49378 0)
(86.3413 3.49378 0.05)
(86.4235 3.85811 0)
(86.4235 3.85811 0.05)
(86.5103 4.24248 0)
(86.5103 4.24248 0.05)
(86.6018 4.64799 0)
(86.6018 4.64799 0.05)
(86.6984 5.0758 0)
(86.6984 5.0758 0.05)
(86.8002 5.52714 0)
(86.8002 5.52714 0.05)
(86.9077 6.0033 0)
(86.9077 6.0033 0.05)
(87.0211 6.50566 0)
(87.0211 6.50566 0.05)
(87.1407 7.03564 0)
(87.1407 7.03564 0.05)
(87.2669 7.59477 0)
(87.2669 7.59477 0.05)
(87.4 8.18465 0)
(87.4 8.18465 0.05)
(87.5404 8.80698 0)
(87.5404 8.80698 0.05)
(87.6886 9.46353 0)
(87.6886 9.46353 0.05)
(87.8449 10.1562 0)
(87.8449 10.1562 0.05)
(88.0099 10.887 0)
(88.0099 10.887 0.05)
(88.1839 11.6579 0)
(88.1839 11.6579 0.05)
(88.3674 12.4713 0)
(88.3674 12.4713 0.05)
(88.5611 13.3294 0)
(88.5611 13.3294 0.05)
(88.7654 14.2346 0)
(88.7654 14.2346 0.05)
(88.9809 15.1897 0)
(88.9809 15.1897 0.05)
(89.2083 16.1973 0)
(89.2083 16.1973 0.05)
(89.4483 17.2603 0)
(89.4483 17.2603 0.05)
(89.7014 18.3818 0)
(89.7014 18.3818 0.05)
(89.9684 19.565 0)
(89.9684 19.565 0.05)
(90.2501 20.8133 0)
(90.2501 20.8133 0.05)
(90.5473 22.1302 0)
(90.5473 22.1302 0.05)
(90.8609 23.5195 0)
(90.8609 23.5195 0.05)
(91.1917 24.9852 0)
(91.1917 24.9852 0.05)
(91.5407 26.5316 0)
(91.5407 26.5316 0.05)
(91.9088 28.163 0)
(91.9088 28.163 0.05)
(92.2973 29.8841 0)
(92.2973 29.8841 0.05)
(92.7071 31.6999 0)
(92.7071 31.6999 0.05)
(93.1394 33.6156 0)
(93.1394 33.6156 0.05)
(93.5955 35.6366 0)
(93.5955 35.6366 0.05)
(94.0767 37.7688 0)
(94.0767 37.7688 0.05)
(94.5844 40.0182 0)
(94.5844 40.0182 0.05)
(95.12 42.3914 0)
(95.12 42.3914 0.05)
(95.6851 44.8951 0)
(95.6851 44.8951 0.05)
(96.2812 47.5365 0)
(96.2812 47.5365 0.05)
(96.9101 50.3232 0)
(96.9101 50.3232 0.05)
(97.5736 53.2631 0)
(97.5736 53.2631 0.05)
(98.2736 56.3648 0)
(98.2736 56.3648 0.05)
(99.0121 59.637 0)
(99.0121 59.637 0.05)
(99.7912 63.0892 0)
(99.7912 63.0892 0.05)
(100.613 66.7313 0)
(100.613 66.7313 0.05)
(101.48 70.5737 0)
(101.48 70.5737 0.05)
(102.395 74.6274 0)
(102.395 74.6274 0.05)
(103.36 78.9041 0)
(103.36 78.9041 0.05)
(104.379 83.416 0)
(104.379 83.416 0.05)
(105.453 88.176 0)
(105.453 88.176 0.05)
(106.586 93.1979 0)
(106.586 93.1979 0.05)
(107.782 98.4959 0)
(107.782 98.4959 0.05)
(109.044 104.085 0)
(109.044 104.085 0.05)
(110.374 109.982 0)
(110.374 109.982 0.05)
(111.449 114.611 0)
(111.449 114.611 0.05)
(112.63 119.702 0)
(112.63 119.702 0.05)
(113.93 125.302 0)
(113.93 125.302 0.05)
(115.359 131.463 0)
(115.359 131.463 0.05)
(116.932 138.239 0)
(116.932 138.239 0.05)
(118.662 145.693 0)
(118.662 145.693 0.05)
(120.565 153.892 0)
(120.565 153.892 0.05)
(122.658 162.912 0)
(122.658 162.912 0.05)
(124.96 172.833 0)
(124.96 172.833 0.05)
(127.493 183.747 0)
(127.493 183.747 0.05)
(130.279 195.752 0)
(130.279 195.752 0.05)
(133.343 208.957 0)
(133.343 208.957 0.05)
(136.714 223.483 0)
(136.714 223.483 0.05)
(91.8709 0.172166 0)
(91.8709 0.172166 0.05)
(91.9119 0.353806 0)
(91.9119 0.353806 0.05)
(91.9551 0.545437 0)
(91.9551 0.545437 0.05)
(92.0008 0.747607 0)
(92.0008 0.747607 0.05)
(92.0489 0.960897 0)
(92.0489 0.960897 0.05)
(92.0997 1.18592 0)
(92.0997 1.18592 0.05)
(92.1533 1.42331 0)
(92.1533 1.42331 0.05)
(92.2098 1.67377 0)
(92.2098 1.67377 0.05)
(92.2694 1.938 0)
(92.2694 1.938 0.05)
(92.3323 2.21676 0)
(92.3323 2.21676 0.05)
(92.3987 2.51085 0)
(92.3987 2.51085 0.05)
(92.4687 2.82112 0)
(92.4687 2.82112 0.05)
(92.5426 3.14845 0)
(92.5426 3.14845 0.05)
(92.6205 3.49378 0)
(92.6205 3.49378 0.05)
(92.7028 3.85811 0)
(92.7028 3.85811 0.05)
(92.7895 4.24248 0)
(92.7895 4.24248 0.05)
(92.881 4.64799 0)
(92.881 4.64799 0.05)
(92.9776 5.0758 0)
(92.9776 5.0758 0.05)
(93.0794 5.52714 0)
(93.0794 5.52714 0.05)
(93.1869 6.0033 0)
(93.1869 6.0033 0.05)
(93.3003 6.50566 0)
(93.3003 6.50566 0.05)
(93.4199 7.03564 0)
(93.4199 7.03564 0.05)
(93.5461 7.59477 0)
(93.5461 7.59477 0.05)
(93.6792 8.18465 0)
(93.6792 8.18465 0.05)
(93.8197 8.80698 0)
(93.8197 8.80698 0.05)
(93.9678 9.46353 0)
(93.9678 9.46353 0.05)
(94.1242 10.1562 0)
(94.1242 10.1562 0.05)
(94.2891 10.887 0)
(94.2891 10.887 0.05)
(94.4631 11.6579 0)
(94.4631 11.6579 0.05)
(94.6467 12.4713 0)
(94.6467 12.4713 0.05)
(94.8403 13.3294 0)
(94.8403 13.3294 0.05)
(95.0446 14.2346 0)
(95.0446 14.2346 0.05)
(95.2602 15.1897 0)
(95.2602 15.1897 0.05)
(95.4876 16.1973 0)
(95.4876 16.1973 0.05)
(95.7275 17.2603 0)
(95.7275 17.2603 0.05)
(95.9806 18.3818 0)
(95.9806 18.3818 0.05)
(96.2476 19.565 0)
(96.2476 19.565 0.05)
(96.5293 20.8133 0)
(96.5293 20.8133 0.05)
(96.8265 22.1302 0)
(96.8265 22.1302 0.05)
(97.1401 23.5195 0)
(97.1401 23.5195 0.05)
(97.4709 24.9852 0)
(97.4709 24.9852 0.05)
(97.8199 26.5316 0)
(97.8199 26.5316 0.05)
(98.1881 28.163 0)
(98.1881 28.163 0.05)
(98.5765 29.8841 0)
(98.5765 29.8841 0.05)
(98.9863 31.6999 0)
(98.9863 31.6999 0.05)
(99.4187 33.6156 0)
(99.4187 33.6156 0.05)
(99.8748 35.6366 0)
(99.8748 35.6366 0.05)
(100.356 37.7688 0)
(100.356 37.7688 0.05)
(100.864 40.0182 0)
(100.864 40.0182 0.05)
(101.399 42.3914 0)
(101.399 42.3914 0.05)
(101.964 44.8951 0)
(101.964 44.8951 0.05)
(102.56 47.5365 0)
(102.56 47.5365 0.05)
(103.189 50.3232 0)
(103.189 50.3232 0.05)
(103.853 53.2631 0)
(103.853 53.2631 0.05)
(104.553 56.3648 0)
(104.553 56.3648 0.05)
(105.291 59.637 0)
(105.291 59.637 0.05)
(106.07 63.0892 0)
(106.07 63.0892 0.05)
(106.892 66.7313 0)
(106.892 66.7313 0.05)
(107.76 70.5737 0)
(107.76 70.5737 0.05)
(108.674 74.6274 0)
(108.674 74.6274 0.05)
(109.64 78.9041 0)
(109.64 78.9041 0.05)
(110.658 83.416 0)
(110.658 83.416 0.05)
(111.732 88.176 0)
(111.732 88.176 0.05)
(112.866 93.1979 0)
(112.866 93.1979 0.05)
(114.061 98.4959 0)
(114.061 98.4959 0.05)
(115.323 104.085 0)
(115.323 104.085 0.05)
(116.654 109.982 0)
(116.654 109.982 0.05)
(117.728 114.611 0)
(117.728 114.611 0.05)
(118.909 119.702 0)
(118.909 119.702 0.05)
(120.209 125.302 0)
(120.209 125.302 0.05)
(121.639 131.463 0)
(121.639 131.463 0.05)
(123.211 138.239 0)
(123.211 138.239 0.05)
(124.941 145.693 0)
(124.941 145.693 0.05)
(126.844 153.892 0)
(126.844 153.892 0.05)
(128.937 162.912 0)
(128.937 162.912 0.05)
(131.239 172.833 0)
(131.239 172.833 0.05)
(133.772 183.747 0)
(133.772 183.747 0.05)
(136.558 195.752 0)
(136.558 195.752 0.05)
(139.622 208.957 0)
(139.622 208.957 0.05)
(142.993 223.483 0)
(142.993 223.483 0.05)
(98.4641 0.172166 0)
(98.4641 0.172166 0.05)
(98.5051 0.353806 0)
(98.5051 0.353806 0.05)
(98.5483 0.545437 0)
(98.5483 0.545437 0.05)
(98.594 0.747607 0)
(98.594 0.747607 0.05)
(98.6421 0.960897 0)
(98.6421 0.960897 0.05)
(98.6929 1.18592 0)
(98.6929 1.18592 0.05)
(98.7464 1.42331 0)
(98.7464 1.42331 0.05)
(98.803 1.67377 0)
(98.803 1.67377 0.05)
(98.8626 1.938 0)
(98.8626 1.938 0.05)
(98.9255 2.21676 0)
(98.9255 2.21676 0.05)
(98.9919 2.51085 0)
(98.9919 2.51085 0.05)
(99.0619 2.82112 0)
(99.0619 2.82112 0.05)
(99.1358 3.14845 0)
(99.1358 3.14845 0.05)
(99.2137 3.49378 0)
(99.2137 3.49378 0.05)
(99.296 3.85811 0)
(99.296 3.85811 0.05)
(99.3827 4.24248 0)
(99.3827 4.24248 0.05)
(99.4742 4.64799 0)
(99.4742 4.64799 0.05)
(99.5708 5.0758 0)
(99.5708 5.0758 0.05)
(99.6726 5.52714 0)
(99.6726 5.52714 0.05)
(99.7801 6.0033 0)
(99.7801 6.0033 0.05)
(99.8935 6.50566 0)
(99.8935 6.50566 0.05)
(100.013 7.03564 0)
(100.013 7.03564 0.05)
(100.139 7.59477 0)
(100.139 7.59477 0.05)
(100.272 8.18465 0)
(100.272 8.18465 0.05)
(100.413 8.80698 0)
(100.413 8.80698 0.05)
(100.561 9.46353 0)
(100.561 9.46353 0.05)
(100.717 10.1562 0)
(100.717 10.1562 0.05)
(100.882 10.887 0)
(100.882 10.887 0.05)
(101.056 11.6579 0)
(101.056 11.6579 0.05)
(101.24 12.4713 0)
(101.24 12.4713 0.05)
(101.433 13.3294 0)
(101.433 13.3294 0.05)
(101.638 14.2346 0)
(101.638 14.2346 0.05)
(101.853 15.1897 0)
(101.853 15.1897 0.05)
(102.081 16.1973 0)
(102.081 16.1973 0.05)
(102.321 17.2603 0)
(102.321 17.2603 0.05)
(102.574 18.3818 0)
(102.574 18.3818 0.05)
(102.841 19.565 0)
(102.841 19.565 0.05)
(103.123 20.8133 0)
(103.123 20.8133 0.05)
(103.42 22.1302 0)
(103.42 22.1302 0.05)
(103.733 23.5195 0)
(103.733 23.5195 0.05)
(104.064 24.9852 0)
(104.064 24.9852 0.05)
(104.413 26.5316 0)
(104.413 26.5316 0.05)
(104.781 28.163 0)
(104.781 28.163 0.05)
(105.17 29.8841 0)
(105.17 29.8841 0.05)
(105.579 31.6999 0)
(105.579 31.6999 0.05)
(106.012 33.6156 0)
(106.012 33.6156 0.05)
(106.468 35.6366 0)
(106.468 35.6366 0.05)
(106.949 37.7688 0)
(106.949 37.7688 0.05)
(107.457 40.0182 0)
(107.457 40.0182 0.05)
(107.992 42.3914 0)
(107.992 42.3914 0.05)
(108.557 44.8951 0)
(108.557 44.8951 0.05)
(109.154 47.5365 0)
(109.154 47.5365 0.05)
(109.783 50.3232 0)
(109.783 50.3232 0.05)
(110.446 53.2631 0)
(110.446 53.2631 0.05)
(111.146 56.3648 0)
(111.146 56.3648 0.05)
(111.885 59.637 0)
(111.885 59.637 0.05)
(112.664 63.0892 0)
(112.664 63.0892 0.05)
(113.486 66.7313 0)
(113.486 66.7313 0.05)
(114.353 70.5737 0)
(114.353 70.5737 0.05)
(115.268 74.6274 0)
(115.268 74.6274 0.05)
(116.233 78.9041 0)
(116.233 78.9041 0.05)
(117.251 83.416 0)
(117.251 83.416 0.05)
(118.325 88.176 0)
(118.325 88.176 0.05)
(119.459 93.1979 0)
(119.459 93.1979 0.05)
(120.655 98.4959 0)
(120.655 98.4959 0.05)
(121.916 104.085 0)
(121.916 104.085 0.05)
(123.247 109.982 0)
(123.247 109.982 0.05)
(124.321 114.611 0)
(124.321 114.611 0.05)
(125.502 119.702 0)
(125.502 119.702 0.05)
(126.802 125.302 0)
(126.802 125.302 0.05)
(128.232 131.463 0)
(128.232 131.463 0.05)
(129.804 138.239 0)
(129.804 138.239 0.05)
(131.534 145.693 0)
(131.534 145.693 0.05)
(133.437 153.892 0)
(133.437 153.892 0.05)
(135.53 162.912 0)
(135.53 162.912 0.05)
(137.832 172.833 0)
(137.832 172.833 0.05)
(140.365 183.747 0)
(140.365 183.747 0.05)
(143.151 195.752 0)
(143.151 195.752 0.05)
(146.216 208.957 0)
(146.216 208.957 0.05)
(149.587 223.483 0)
(149.587 223.483 0.05)
(109.423 0.172166 0)
(109.423 0.172166 0.05)
(109.46 0.353806 0)
(109.46 0.353806 0.05)
(109.5 0.545437 0)
(109.5 0.545437 0.05)
(109.542 0.747607 0)
(109.542 0.747607 0.05)
(109.587 0.960897 0)
(109.587 0.960897 0.05)
(109.633 1.18592 0)
(109.633 1.18592 0.05)
(109.683 1.42331 0)
(109.683 1.42331 0.05)
(109.735 1.67377 0)
(109.735 1.67377 0.05)
(109.79 1.938 0)
(109.79 1.938 0.05)
(109.847 2.21676 0)
(109.847 2.21676 0.05)
(109.909 2.51085 0)
(109.909 2.51085 0.05)
(109.973 2.82112 0)
(109.973 2.82112 0.05)
(110.041 3.14845 0)
(110.041 3.14845 0.05)
(110.113 3.49378 0)
(110.113 3.49378 0.05)
(110.188 3.85811 0)
(110.188 3.85811 0.05)
(110.268 4.24248 0)
(110.268 4.24248 0.05)
(110.352 4.64799 0)
(110.352 4.64799 0.05)
(110.441 5.0758 0)
(110.441 5.0758 0.05)
(110.535 5.52714 0)
(110.535 5.52714 0.05)
(110.634 6.0033 0)
(110.634 6.0033 0.05)
(110.738 6.50566 0)
(110.738 6.50566 0.05)
(110.849 7.03564 0)
(110.849 7.03564 0.05)
(110.965 7.59477 0)
(110.965 7.59477 0.05)
(111.087 8.18465 0)
(111.087 8.18465 0.05)
(111.217 8.80698 0)
(111.217 8.80698 0.05)
(111.353 9.46353 0)
(111.353 9.46353 0.05)
(111.497 10.1562 0)
(111.497 10.1562 0.05)
(111.649 10.887 0)
(111.649 10.887 0.05)
(111.809 11.6579 0)
(111.809 11.6579 0.05)
(111.978 12.4713 0)
(111.978 12.4713 0.05)
(112.156 13.3294 0)
(112.156 13.3294 0.05)
(112.344 14.2346 0)
(112.344 14.2346 0.05)
(112.542 15.1897 0)
(112.542 15.1897 0.05)
(112.752 16.1973 0)
(112.752 16.1973 0.05)
(112.973 17.2603 0)
(112.973 17.2603 0.05)
(113.206 18.3818 0)
(113.206 18.3818 0.05)
(113.451 19.565 0)
(113.451 19.565 0.05)
(113.711 20.8133 0)
(113.711 20.8133 0.05)
(113.984 22.1302 0)
(113.984 22.1302 0.05)
(114.273 23.5195 0)
(114.273 23.5195 0.05)
(114.577 24.9852 0)
(114.577 24.9852 0.05)
(114.899 26.5316 0)
(114.899 26.5316 0.05)
(115.238 28.163 0)
(115.238 28.163 0.05)
(115.595 29.8841 0)
(115.595 29.8841 0.05)
(115.972 31.6999 0)
(115.972 31.6999 0.05)
(116.37 33.6156 0)
(116.37 33.6156 0.05)
(116.79 35.6366 0)
(116.79 35.6366 0.05)
(117.233 37.7688 0)
(117.233 37.7688 0.05)
(117.7 40.0182 0)
(117.7 40.0182 0.05)
(118.193 42.3914 0)
(118.193 42.3914 0.05)
(118.714 44.8951 0)
(118.714 44.8951 0.05)
(119.262 47.5365 0)
(119.262 47.5365 0.05)
(119.841 50.3232 0)
(119.841 50.3232 0.05)
(120.452 53.2631 0)
(120.452 53.2631 0.05)
(121.096 56.3648 0)
(121.096 56.3648 0.05)
(121.776 59.637 0)
(121.776 59.637 0.05)
(122.493 63.0892 0)
(122.493 63.0892 0.05)
(123.25 66.7313 0)
(123.25 66.7313 0.05)
(124.048 70.5737 0)
(124.048 70.5737 0.05)
(124.89 74.6274 0)
(124.89 74.6274 0.05)
(125.779 78.9041 0)
(125.779 78.9041 0.05)
(126.716 83.416 0)
(126.716 83.416 0.05)
(127.705 88.176 0)
(127.705 88.176 0.05)
(128.748 93.1979 0)
(128.748 93.1979 0.05)
(129.849 98.4959 0)
(129.849 98.4959 0.05)
(131.01 104.085 0)
(131.01 104.085 0.05)
(132.235 109.982 0)
(132.235 109.982 0.05)
(133.224 114.611 0)
(133.224 114.611 0.05)
(134.311 119.702 0)
(134.311 119.702 0.05)
(135.508 125.302 0)
(135.508 125.302 0.05)
(136.824 131.463 0)
(136.824 131.463 0.05)
(138.271 138.239 0)
(138.271 138.239 0.05)
(139.863 145.693 0)
(139.863 145.693 0.05)
(141.615 153.892 0)
(141.615 153.892 0.05)
(143.542 162.912 0)
(143.542 162.912 0.05)
(145.661 172.833 0)
(145.661 172.833 0.05)
(147.992 183.747 0)
(147.992 183.747 0.05)
(150.557 195.752 0)
(150.557 195.752 0.05)
(153.378 208.957 0)
(153.378 208.957 0.05)
(156.509 223.483 0)
(156.509 223.483 0.05)
(120.929 0.172166 0)
(120.929 0.172166 0.05)
(120.964 0.353806 0)
(120.964 0.353806 0.05)
(121 0.545437 0)
(121 0.545437 0.05)
(121.038 0.747607 0)
(121.038 0.747607 0.05)
(121.078 0.960897 0)
(121.078 0.960897 0.05)
(121.121 1.18592 0)
(121.121 1.18592 0.05)
(121.166 1.42331 0)
(121.166 1.42331 0.05)
(121.213 1.67377 0)
(121.213 1.67377 0.05)
(121.263 1.938 0)
(121.263 1.938 0.05)
(121.315 2.21676 0)
(121.315 2.21676 0.05)
(121.371 2.51085 0)
(121.371 2.51085 0.05)
(121.43 2.82112 0)
(121.43 2.82112 0.05)
(121.491 3.14845 0)
(121.491 3.14845 0.05)
(121.557 3.49378 0)
(121.557 3.49378 0.05)
(121.625 3.85811 0)
(121.625 3.85811 0.05)
(121.698 4.24248 0)
(121.698 4.24248 0.05)
(121.775 4.64799 0)
(121.775 4.64799 0.05)
(121.856 5.0758 0)
(121.856 5.0758 0.05)
(121.941 5.52714 0)
(121.941 5.52714 0.05)
(122.031 6.0033 0)
(122.031 6.0033 0.05)
(122.126 6.50566 0)
(122.126 6.50566 0.05)
(122.226 7.03564 0)
(122.226 7.03564 0.05)
(122.331 7.59477 0)
(122.331 7.59477 0.05)
(122.443 8.18465 0)
(122.443 8.18465 0.05)
(122.56 8.80698 0)
(122.56 8.80698 0.05)
(122.684 9.46353 0)
(122.684 9.46353 0.05)
(122.815 10.1562 0)
(122.815 10.1562 0.05)
(122.953 10.887 0)
(122.953 10.887 0.05)
(123.099 11.6579 0)
(123.099 11.6579 0.05)
(123.253 12.4713 0)
(123.253 12.4713 0.05)
(123.415 13.3294 0)
(123.415 13.3294 0.05)
(123.586 14.2346 0)
(123.586 14.2346 0.05)
(123.766 15.1897 0)
(123.766 15.1897 0.05)
(123.956 16.1973 0)
(123.956 16.1973 0.05)
(124.157 17.2603 0)
(124.157 17.2603 0.05)
(124.369 18.3818 0)
(124.369 18.3818 0.05)
(124.593 19.565 0)
(124.593 19.565 0.05)
(124.828 20.8133 0)
(124.828 20.8133 0.05)
(125.077 22.1302 0)
(125.077 22.1302 0.05)
(125.34 23.5195 0)
(125.34 23.5195 0.05)
(125.616 24.9852 0)
(125.616 24.9852 0.05)
(125.909 26.5316 0)
(125.909 26.5316 0.05)
(126.217 28.163 0)
(126.217 28.163 0.05)
(126.542 29.8841 0)
(126.542 29.8841 0.05)
(126.885 31.6999 0)
(126.885 31.6999 0.05)
(127.247 33.6156 0)
(127.247 33.6156 0.05)
(127.629 35.6366 0)
(127.629 35.6366 0.05)
(128.031 37.7688 0)
(128.031 37.7688 0.05)
(128.456 40.0182 0)
(128.456 40.0182 0.05)
(128.905 42.3914 0)
(128.905 42.3914 0.05)
(129.378 44.8951 0)
(129.378 44.8951 0.05)
(129.876 47.5365 0)
(129.876 47.5365 0.05)
(130.403 50.3232 0)
(130.403 50.3232 0.05)
(130.958 53.2631 0)
(130.958 53.2631 0.05)
(131.544 56.3648 0)
(131.544 56.3648 0.05)
(132.162 59.637 0)
(132.162 59.637 0.05)
(132.814 63.0892 0)
(132.814 63.0892 0.05)
(133.502 66.7313 0)
(133.502 66.7313 0.05)
(134.228 70.5737 0)
(134.228 70.5737 0.05)
(134.994 74.6274 0)
(134.994 74.6274 0.05)
(135.802 78.9041 0)
(135.802 78.9041 0.05)
(136.654 83.416 0)
(136.654 83.416 0.05)
(137.553 88.176 0)
(137.553 88.176 0.05)
(138.502 93.1979 0)
(138.502 93.1979 0.05)
(139.503 98.4959 0)
(139.503 98.4959 0.05)
(140.559 104.085 0)
(140.559 104.085 0.05)
(141.673 109.982 0)
(141.673 109.982 0.05)
(142.572 114.611 0)
(142.572 114.611 0.05)
(143.561 119.702 0)
(143.561 119.702 0.05)
(144.649 125.302 0)
(144.649 125.302 0.05)
(145.845 131.463 0)
(145.845 131.463 0.05)
(147.161 138.239 0)
(147.161 138.239 0.05)
(148.609 145.693 0)
(148.609 145.693 0.05)
(150.202 153.892 0)
(150.202 153.892 0.05)
(151.954 162.912 0)
(151.954 162.912 0.05)
(153.881 172.833 0)
(153.881 172.833 0.05)
(156.001 183.747 0)
(156.001 183.747 0.05)
(158.333 195.752 0)
(158.333 195.752 0.05)
(160.898 208.957 0)
(160.898 208.957 0.05)
(163.778 223.483 0)
(163.778 223.483 0.05)
(133.011 0.172166 0)
(133.011 0.172166 0.05)
(133.042 0.353806 0)
(133.042 0.353806 0.05)
(133.074 0.545437 0)
(133.074 0.545437 0.05)
(133.108 0.747607 0)
(133.108 0.747607 0.05)
(133.144 0.960897 0)
(133.144 0.960897 0.05)
(133.182 1.18592 0)
(133.182 1.18592 0.05)
(133.223 1.42331 0)
(133.223 1.42331 0.05)
(133.265 1.67377 0)
(133.265 1.67377 0.05)
(133.31 1.938 0)
(133.31 1.938 0.05)
(133.357 2.21676 0)
(133.357 2.21676 0.05)
(133.407 2.51085 0)
(133.407 2.51085 0.05)
(133.459 2.82112 0)
(133.459 2.82112 0.05)
(133.514 3.14845 0)
(133.514 3.14845 0.05)
(133.573 3.49378 0)
(133.573 3.49378 0.05)
(133.634 3.85811 0)
(133.634 3.85811 0.05)
(133.699 4.24248 0)
(133.699 4.24248 0.05)
(133.768 4.64799 0)
(133.768 4.64799 0.05)
(133.84 5.0758 0)
(133.84 5.0758 0.05)
(133.917 5.52714 0)
(133.917 5.52714 0.05)
(133.997 6.0033 0)
(133.997 6.0033 0.05)
(134.082 6.50566 0)
(134.082 6.50566 0.05)
(134.172 7.03564 0)
(134.172 7.03564 0.05)
(134.266 7.59477 0)
(134.266 7.59477 0.05)
(134.366 8.18465 0)
(134.366 8.18465 0.05)
(134.471 8.80698 0)
(134.471 8.80698 0.05)
(134.582 9.46353 0)
(134.582 9.46353 0.05)
(134.7 10.1562 0)
(134.7 10.1562 0.05)
(134.823 10.887 0)
(134.823 10.887 0.05)
(134.954 11.6579 0)
(134.954 11.6579 0.05)
(135.091 12.4713 0)
(135.091 12.4713 0.05)
(135.236 13.3294 0)
(135.236 13.3294 0.05)
(135.389 14.2346 0)
(135.389 14.2346 0.05)
(135.551 15.1897 0)
(135.551 15.1897 0.05)
(135.721 16.1973 0)
(135.721 16.1973 0.05)
(135.901 17.2603 0)
(135.901 17.2603 0.05)
(136.091 18.3818 0)
(136.091 18.3818 0.05)
(136.291 19.565 0)
(136.291 19.565 0.05)
(136.502 20.8133 0)
(136.502 20.8133 0.05)
(136.725 22.1302 0)
(136.725 22.1302 0.05)
(136.96 23.5195 0)
(136.96 23.5195 0.05)
(137.207 24.9852 0)
(137.207 24.9852 0.05)
(137.469 26.5316 0)
(137.469 26.5316 0.05)
(137.745 28.163 0)
(137.745 28.163 0.05)
(138.036 29.8841 0)
(138.036 29.8841 0.05)
(138.343 31.6999 0)
(138.343 31.6999 0.05)
(138.667 33.6156 0)
(138.667 33.6156 0.05)
(139.009 35.6366 0)
(139.009 35.6366 0.05)
(139.369 37.7688 0)
(139.369 37.7688 0.05)
(139.75 40.0182 0)
(139.75 40.0182 0.05)
(140.151 42.3914 0)
(140.151 42.3914 0.05)
(140.575 44.8951 0)
(140.575 44.8951 0.05)
(141.021 47.5365 0)
(141.021 47.5365 0.05)
(141.493 50.3232 0)
(141.493 50.3232 0.05)
(141.99 53.2631 0)
(141.99 53.2631 0.05)
(142.514 56.3648 0)
(142.514 56.3648 0.05)
(143.068 59.637 0)
(143.068 59.637 0.05)
(143.652 63.0892 0)
(143.652 63.0892 0.05)
(144.268 66.7313 0)
(144.268 66.7313 0.05)
(144.917 70.5737 0)
(144.917 70.5737 0.05)
(145.603 74.6274 0)
(145.603 74.6274 0.05)
(146.326 78.9041 0)
(146.326 78.9041 0.05)
(147.089 83.416 0)
(147.089 83.416 0.05)
(147.894 88.176 0)
(147.894 88.176 0.05)
(148.744 93.1979 0)
(148.744 93.1979 0.05)
(149.64 98.4959 0)
(149.64 98.4959 0.05)
(150.585 104.085 0)
(150.585 104.085 0.05)
(151.582 109.982 0)
(151.582 109.982 0.05)
(152.387 114.611 0)
(152.387 114.611 0.05)
(153.273 119.702 0)
(153.273 119.702 0.05)
(154.246 125.302 0)
(154.246 125.302 0.05)
(155.318 131.463 0)
(155.318 131.463 0.05)
(156.496 138.239 0)
(156.496 138.239 0.05)
(157.792 145.693 0)
(157.792 145.693 0.05)
(159.218 153.892 0)
(159.218 153.892 0.05)
(160.787 162.912 0)
(160.787 162.912 0.05)
(162.512 172.833 0)
(162.512 172.833 0.05)
(164.41 183.747 0)
(164.41 183.747 0.05)
(166.498 195.752 0)
(166.498 195.752 0.05)
(168.794 208.957 0)
(168.794 208.957 0.05)
(171.411 223.483 0)
(171.411 223.483 0.05)
(145.724 0.353806 0)
(145.724 0.353806 0.05)
(145.752 0.545437 0)
(145.752 0.545437 0.05)
(145.782 0.747607 0)
(145.782 0.747607 0.05)
(145.814 0.960897 0)
(145.814 0.960897 0.05)
(145.847 1.18592 0)
(145.847 1.18592 0.05)
(145.883 1.42331 0)
(145.883 1.42331 0.05)
(145.92 1.67377 0)
(145.92 1.67377 0.05)
(145.959 1.938 0)
(145.959 1.938 0.05)
(146 2.21676 0)
(146 2.21676 0.05)
(146.044 2.51085 0)
(146.044 2.51085 0.05)
(146.09 2.82112 0)
(146.09 2.82112 0.05)
(146.138 3.14845 0)
(146.138 3.14845 0.05)
(146.19 3.49378 0)
(146.19 3.49378 0.05)
(146.244 3.85811 0)
(146.244 3.85811 0.05)
(146.301 4.24248 0)
(146.301 4.24248 0.05)
(146.361 4.64799 0)
(146.361 4.64799 0.05)
(146.424 5.0758 0)
(146.424 5.0758 0.05)
(146.491 5.52714 0)
(146.491 5.52714 0.05)
(146.562 6.0033 0)
(146.562 6.0033 0.05)
(146.637 6.50566 0)
(146.637 6.50566 0.05)
(146.715 7.03564 0)
(146.715 7.03564 0.05)
(146.798 7.59477 0)
(146.798 7.59477 0.05)
(146.886 8.18465 0)
(146.886 8.18465 0.05)
(146.978 8.80698 0)
(146.978 8.80698 0.05)
(147.075 9.46353 0)
(147.075 9.46353 0.05)
(147.178 10.1562 0)
(147.178 10.1562 0.05)
(147.287 10.887 0)
(147.287 10.887 0.05)
(147.401 11.6579 0)
(147.401 11.6579 0.05)
(147.522 12.4713 0)
(147.522 12.4713 0.05)
(147.649 13.3294 0)
(147.649 13.3294 0.05)
(147.783 14.2346 0)
(147.783 14.2346 0.05)
(147.925 15.1897 0)
(147.925 15.1897 0.05)
(148.074 16.1973 0)
(148.074 16.1973 0.05)
(148.232 17.2603 0)
(148.232 17.2603 0.05)
(148.398 18.3818 0)
(148.398 18.3818 0.05)
(148.574 19.565 0)
(148.574 19.565 0.05)
(148.759 20.8133 0)
(148.759 20.8133 0.05)
(148.954 22.1302 0)
(148.954 22.1302 0.05)
(149.161 23.5195 0)
(149.161 23.5195 0.05)
(149.378 24.9852 0)
(149.378 24.9852 0.05)
(149.607 26.5316 0)
(149.607 26.5316 0.05)
(149.849 28.163 0)
(149.849 28.163 0.05)
(150.105 29.8841 0)
(150.105 29.8841 0.05)
(150.374 31.6999 0)
(150.374 31.6999 0.05)
(150.658 33.6156 0)
(150.658 33.6156 0.05)
(150.958 35.6366 0)
(150.958 35.6366 0.05)
(151.274 37.7688 0)
(151.274 37.7688 0.05)
(151.608 40.0182 0)
(151.608 40.0182 0.05)
(151.96 42.3914 0)
(151.96 42.3914 0.05)
(152.332 44.8951 0)
(152.332 44.8951 0.05)
(152.723 47.5365 0)
(152.723 47.5365 0.05)
(153.137 50.3232 0)
(153.137 50.3232 0.05)
(153.573 53.2631 0)
(153.573 53.2631 0.05)
(154.033 56.3648 0)
(154.033 56.3648 0.05)
(154.519 59.637 0)
(154.519 59.637 0.05)
(155.031 63.0892 0)
(155.031 63.0892 0.05)
(155.571 66.7313 0)
(155.571 66.7313 0.05)
(156.141 70.5737 0)
(156.141 70.5737 0.05)
(156.742 74.6274 0)
(156.742 74.6274 0.05)
(157.377 78.9041 0)
(157.377 78.9041 0.05)
(158.046 83.416 0)
(158.046 83.416 0.05)
(158.752 88.176 0)
(158.752 88.176 0.05)
(159.497 93.1979 0)
(159.497 93.1979 0.05)
(160.283 98.4959 0)
(160.283 98.4959 0.05)
(161.112 104.085 0)
(161.112 104.085 0.05)
(161.987 109.982 0)
(161.987 109.982 0.05)
(162.693 114.611 0)
(162.693 114.611 0.05)
(163.47 119.702 0)
(163.47 119.702 0.05)
(164.324 125.302 0)
(164.324 125.302 0.05)
(165.264 131.463 0)
(165.264 131.463 0.05)
(166.298 138.239 0)
(166.298 138.239 0.05)
(167.435 145.693 0)
(167.435 145.693 0.05)
(168.686 153.892 0)
(168.686 153.892 0.05)
(170.061 162.912 0)
(170.061 162.912 0.05)
(171.575 172.833 0)
(171.575 172.833 0.05)
(173.24 183.747 0)
(173.24 183.747 0.05)
(175.071 195.752 0)
(175.071 195.752 0.05)
(177.085 208.957 0)
(177.085 208.957 0.05)
(179.425 223.483 0)
(179.425 223.483 0.05)
(159.04 0.353806 0)
(159.04 0.353806 0.05)
(159.064 0.545437 0)
(159.064 0.545437 0.05)
(159.09 0.747607 0)
(159.09 0.747607 0.05)
(159.117 0.960897 0)
(159.117 0.960897 0.05)
(159.145 1.18592 0)
(159.145 1.18592 0.05)
(159.176 1.42331 0)
(159.176 1.42331 0.05)
(159.207 1.67377 0)
(159.207 1.67377 0.05)
(159.241 1.938 0)
(159.241 1.938 0.05)
(159.276 2.21676 0)
(159.276 2.21676 0.05)
(159.313 2.51085 0)
(159.313 2.51085 0.05)
(159.352 2.82112 0)
(159.352 2.82112 0.05)
(159.394 3.14845 0)
(159.394 3.14845 0.05)
(159.438 3.49378 0)
(159.438 3.49378 0.05)
(159.484 3.85811 0)
(159.484 3.85811 0.05)
(159.532 4.24248 0)
(159.532 4.24248 0.05)
(159.584 4.64799 0)
(159.584 4.64799 0.05)
(159.638 5.0758 0)
(159.638 5.0758 0.05)
(159.695 5.52714 0)
(159.695 5.52714 0.05)
(159.755 6.0033 0)
(159.755 6.0033 0.05)
(159.819 6.50566 0)
(159.819 6.50566 0.05)
(159.886 7.03564 0)
(159.886 7.03564 0.05)
(159.956 7.59477 0)
(159.956 7.59477 0.05)
(160.031 8.18465 0)
(160.031 8.18465 0.05)
(160.11 8.80698 0)
(160.11 8.80698 0.05)
(160.193 9.46353 0)
(160.193 9.46353 0.05)
(160.281 10.1562 0)
(160.281 10.1562 0.05)
(160.373 10.887 0)
(160.373 10.887 0.05)
(160.471 11.6579 0)
(160.471 11.6579 0.05)
(160.574 12.4713 0)
(160.574 12.4713 0.05)
(160.682 13.3294 0)
(160.682 13.3294 0.05)
(160.797 14.2346 0)
(160.797 14.2346 0.05)
(160.918 15.1897 0)
(160.918 15.1897 0.05)
(161.045 16.1973 0)
(161.045 16.1973 0.05)
(161.18 17.2603 0)
(161.18 17.2603 0.05)
(161.321 18.3818 0)
(161.321 18.3818 0.05)
(161.471 19.565 0)
(161.471 19.565 0.05)
(161.629 20.8133 0)
(161.629 20.8133 0.05)
(161.796 22.1302 0)
(161.796 22.1302 0.05)
(161.972 23.5195 0)
(161.972 23.5195 0.05)
(162.157 24.9852 0)
(162.157 24.9852 0.05)
(162.353 26.5316 0)
(162.353 26.5316 0.05)
(162.559 28.163 0)
(162.559 28.163 0.05)
(162.777 29.8841 0)
(162.777 29.8841 0.05)
(163.007 31.6999 0)
(163.007 31.6999 0.05)
(163.249 33.6156 0)
(163.249 33.6156 0.05)
(163.505 35.6366 0)
(163.505 35.6366 0.05)
(163.775 37.7688 0)
(163.775 37.7688 0.05)
(164.059 40.0182 0)
(164.059 40.0182 0.05)
(164.36 42.3914 0)
(164.36 42.3914 0.05)
(164.676 44.8951 0)
(164.676 44.8951 0.05)
(165.011 47.5365 0)
(165.011 47.5365 0.05)
(165.363 50.3232 0)
(165.363 50.3232 0.05)
(165.735 53.2631 0)
(165.735 53.2631 0.05)
(166.128 56.3648 0)
(166.128 56.3648 0.05)
(166.542 59.637 0)
(166.542 59.637 0.05)
(166.979 63.0892 0)
(166.979 63.0892 0.05)
(167.44 66.7313 0)
(167.44 66.7313 0.05)
(167.926 70.5737 0)
(167.926 70.5737 0.05)
(168.439 74.6274 0)
(168.439 74.6274 0.05)
(168.98 78.9041 0)
(168.98 78.9041 0.05)
(169.551 83.416 0)
(169.551 83.416 0.05)
(170.153 88.176 0)
(170.153 88.176 0.05)
(170.789 93.1979 0)
(170.789 93.1979 0.05)
(171.459 98.4959 0)
(171.459 98.4959 0.05)
(172.166 104.085 0)
(172.166 104.085 0.05)
(172.913 109.982 0)
(172.913 109.982 0.05)
(173.515 114.611 0)
(173.515 114.611 0.05)
(174.177 119.702 0)
(174.177 119.702 0.05)
(174.906 125.302 0)
(174.906 125.302 0.05)
(175.708 131.463 0)
(175.708 131.463 0.05)
(176.589 138.239 0)
(176.589 138.239 0.05)
(177.559 145.693 0)
(177.559 145.693 0.05)
(178.626 153.892 0)
(178.626 153.892 0.05)
(179.8 162.912 0)
(179.8 162.912 0.05)
(181.091 172.833 0)
(181.091 172.833 0.05)
(182.511 183.747 0)
(182.511 183.747 0.05)
(184.073 195.752 0)
(184.073 195.752 0.05)
(185.791 208.957 0)
(185.791 208.957 0.05)
(187.84 223.483 0)
(187.84 223.483 0.05)
(173.022 0.353806 0)
(173.022 0.353806 0.05)
(173.042 0.545437 0)
(173.042 0.545437 0.05)
(173.063 0.747607 0)
(173.063 0.747607 0.05)
(173.085 0.960897 0)
(173.085 0.960897 0.05)
(173.108 1.18592 0)
(173.108 1.18592 0.05)
(173.133 1.42331 0)
(173.133 1.42331 0.05)
(173.159 1.67377 0)
(173.159 1.67377 0.05)
(173.186 1.938 0)
(173.186 1.938 0.05)
(173.215 2.21676 0)
(173.215 2.21676 0.05)
(173.246 2.51085 0)
(173.246 2.51085 0.05)
(173.278 2.82112 0)
(173.278 2.82112 0.05)
(173.312 3.14845 0)
(173.312 3.14845 0.05)
(173.348 3.49378 0)
(173.348 3.49378 0.05)
(173.385 3.85811 0)
(173.385 3.85811 0.05)
(173.425 4.24248 0)
(173.425 4.24248 0.05)
(173.467 4.64799 0)
(173.467 4.64799 0.05)
(173.512 5.0758 0)
(173.512 5.0758 0.05)
(173.558 5.52714 0)
(173.558 5.52714 0.05)
(173.608 6.0033 0)
(173.608 6.0033 0.05)
(173.66 6.50566 0)
(173.66 6.50566 0.05)
(173.715 7.03564 0)
(173.715 7.03564 0.05)
(173.773 7.59477 0)
(173.773 7.59477 0.05)
(173.834 8.18465 0)
(173.834 8.18465 0.05)
(173.898 8.80698 0)
(173.898 8.80698 0.05)
(173.966 9.46353 0)
(173.966 9.46353 0.05)
(174.038 10.1562 0)
(174.038 10.1562 0.05)
(174.114 10.887 0)
(174.114 10.887 0.05)
(174.194 11.6579 0)
(174.194 11.6579 0.05)
(174.278 12.4713 0)
(174.278 12.4713 0.05)
(174.367 13.3294 0)
(174.367 13.3294 0.05)
(174.461 14.2346 0)
(174.461 14.2346 0.05)
(174.56 15.1897 0)
(174.56 15.1897 0.05)
(174.664 16.1973 0)
(174.664 16.1973 0.05)
(174.774 17.2603 0)
(174.774 17.2603 0.05)
(174.891 18.3818 0)
(174.891 18.3818 0.05)
(175.013 19.565 0)
(175.013 19.565 0.05)
(175.143 20.8133 0)
(175.143 20.8133 0.05)
(175.279 22.1302 0)
(175.279 22.1302 0.05)
(175.423 23.5195 0)
(175.423 23.5195 0.05)
(175.575 24.9852 0)
(175.575 24.9852 0.05)
(175.735 26.5316 0)
(175.735 26.5316 0.05)
(175.904 28.163 0)
(175.904 28.163 0.05)
(176.083 29.8841 0)
(176.083 29.8841 0.05)
(176.271 31.6999 0)
(176.271 31.6999 0.05)
(176.469 33.6156 0)
(176.469 33.6156 0.05)
(176.679 35.6366 0)
(176.679 35.6366 0.05)
(176.9 37.7688 0)
(176.9 37.7688 0.05)
(177.133 40.0182 0)
(177.133 40.0182 0.05)
(177.379 42.3914 0)
(177.379 42.3914 0.05)
(177.638 44.8951 0)
(177.638 44.8951 0.05)
(177.912 47.5365 0)
(177.912 47.5365 0.05)
(178.201 50.3232 0)
(178.201 50.3232 0.05)
(178.506 53.2631 0)
(178.506 53.2631 0.05)
(178.827 56.3648 0)
(178.827 56.3648 0.05)
(179.166 59.637 0)
(179.166 59.637 0.05)
(179.524 63.0892 0)
(179.524 63.0892 0.05)
(179.902 66.7313 0)
(179.902 66.7313 0.05)
(180.3 70.5737 0)
(180.3 70.5737 0.05)
(180.72 74.6274 0)
(180.72 74.6274 0.05)
(181.163 78.9041 0)
(181.163 78.9041 0.05)
(181.631 83.416 0)
(181.631 83.416 0.05)
(182.124 88.176 0)
(182.124 88.176 0.05)
(182.645 93.1979 0)
(182.645 93.1979 0.05)
(183.194 98.4959 0)
(183.194 98.4959 0.05)
(183.773 104.085 0)
(183.773 104.085 0.05)
(184.384 109.982 0)
(184.384 109.982 0.05)
(184.877 114.611 0)
(184.877 114.611 0.05)
(185.42 119.702 0)
(185.42 119.702 0.05)
(186.017 125.302 0)
(186.017 125.302 0.05)
(186.673 131.463 0)
(186.673 131.463 0.05)
(187.395 138.239 0)
(187.395 138.239 0.05)
(188.19 145.693 0)
(188.19 145.693 0.05)
(189.064 153.892 0)
(189.064 153.892 0.05)
(190.025 162.912 0)
(190.025 162.912 0.05)
(191.082 172.833 0)
(191.082 172.833 0.05)
(192.245 183.747 0)
(192.245 183.747 0.05)
(193.524 195.752 0)
(193.524 195.752 0.05)
(194.932 208.957 0)
(194.932 208.957 0.05)
(196.675 223.483 0)
(196.675 223.483 0.05)
(187.703 0.353806 0)
(187.703 0.353806 0.05)
(187.719 0.545437 0)
(187.719 0.545437 0.05)
(187.735 0.747607 0)
(187.735 0.747607 0.05)
(187.752 0.960897 0)
(187.752 0.960897 0.05)
(187.77 1.18592 0)
(187.77 1.18592 0.05)
(187.789 1.42331 0)
(187.789 1.42331 0.05)
(187.808 1.67377 0)
(187.808 1.67377 0.05)
(187.83 1.938 0)
(187.83 1.938 0.05)
(187.852 2.21676 0)
(187.852 2.21676 0.05)
(187.875 2.51085 0)
(187.875 2.51085 0.05)
(187.9 2.82112 0)
(187.9 2.82112 0.05)
(187.926 3.14845 0)
(187.926 3.14845 0.05)
(187.953 3.49378 0)
(187.953 3.49378 0.05)
(187.982 3.85811 0)
(187.982 3.85811 0.05)
(188.013 4.24248 0)
(188.013 4.24248 0.05)
(188.045 4.64799 0)
(188.045 4.64799 0.05)
(188.079 5.0758 0)
(188.079 5.0758 0.05)
(188.115 5.52714 0)
(188.115 5.52714 0.05)
(188.153 6.0033 0)
(188.153 6.0033 0.05)
(188.193 6.50566 0)
(188.193 6.50566 0.05)
(188.235 7.03564 0)
(188.235 7.03564 0.05)
(188.28 7.59477 0)
(188.28 7.59477 0.05)
(188.327 8.18465 0)
(188.327 8.18465 0.05)
(188.376 8.80698 0)
(188.376 8.80698 0.05)
(188.429 9.46353 0)
(188.429 9.46353 0.05)
(188.484 10.1562 0)
(188.484 10.1562 0.05)
(188.542 10.887 0)
(188.542 10.887 0.05)
(188.603 11.6579 0)
(188.603 11.6579 0.05)
(188.668 12.4713 0)
(188.668 12.4713 0.05)
(188.736 13.3294 0)
(188.736 13.3294 0.05)
(188.808 14.2346 0)
(188.808 14.2346 0.05)
(188.884 15.1897 0)
(188.884 15.1897 0.05)
(188.964 16.1973 0)
(188.964 16.1973 0.05)
(189.049 17.2603 0)
(189.049 17.2603 0.05)
(189.138 18.3818 0)
(189.138 18.3818 0.05)
(189.233 19.565 0)
(189.233 19.565 0.05)
(189.332 20.8133 0)
(189.332 20.8133 0.05)
(189.437 22.1302 0)
(189.437 22.1302 0.05)
(189.547 23.5195 0)
(189.547 23.5195 0.05)
(189.664 24.9852 0)
(189.664 24.9852 0.05)
(189.787 26.5316 0)
(189.787 26.5316 0.05)
(189.917 28.163 0)
(189.917 28.163 0.05)
(190.054 29.8841 0)
(190.054 29.8841 0.05)
(190.198 31.6999 0)
(190.198 31.6999 0.05)
(190.351 33.6156 0)
(190.351 33.6156 0.05)
(190.512 35.6366 0)
(190.512 35.6366 0.05)
(190.681 37.7688 0)
(190.681 37.7688 0.05)
(190.86 40.0182 0)
(190.86 40.0182 0.05)
(191.049 42.3914 0)
(191.049 42.3914 0.05)
(191.249 44.8951 0)
(191.249 44.8951 0.05)
(191.459 47.5365 0)
(191.459 47.5365 0.05)
(191.681 50.3232 0)
(191.681 50.3232 0.05)
(191.915 53.2631 0)
(191.915 53.2631 0.05)
(192.162 56.3648 0)
(192.162 56.3648 0.05)
(192.422 59.637 0)
(192.422 59.637 0.05)
(192.697 63.0892 0)
(192.697 63.0892 0.05)
(192.987 66.7313 0)
(192.987 66.7313 0.05)
(193.293 70.5737 0)
(193.293 70.5737 0.05)
(193.615 74.6274 0)
(193.615 74.6274 0.05)
(193.956 78.9041 0)
(193.956 78.9041 0.05)
(194.315 83.416 0)
(194.315 83.416 0.05)
(194.694 88.176 0)
(194.694 88.176 0.05)
(195.093 93.1979 0)
(195.093 93.1979 0.05)
(195.515 98.4959 0)
(195.515 98.4959 0.05)
(195.96 104.085 0)
(195.96 104.085 0.05)
(196.429 109.982 0)
(196.429 109.982 0.05)
(196.808 114.611 0)
(196.808 114.611 0.05)
(197.225 119.702 0)
(197.225 119.702 0.05)
(197.683 125.302 0)
(197.683 125.302 0.05)
(198.187 131.463 0)
(198.187 131.463 0.05)
(198.742 138.239 0)
(198.742 138.239 0.05)
(199.352 145.693 0)
(199.352 145.693 0.05)
(200.023 153.892 0)
(200.023 153.892 0.05)
(200.761 162.912 0)
(200.761 162.912 0.05)
(201.573 172.833 0)
(201.573 172.833 0.05)
(202.466 183.747 0)
(202.466 183.747 0.05)
(203.449 195.752 0)
(203.449 195.752 0.05)
(204.53 208.957 0)
(204.53 208.957 0.05)
(205.952 223.483 0)
(205.952 223.483 0.05)
(203.119 0.353806 0)
(203.119 0.353806 0.05)
(203.129 0.545437 0)
(203.129 0.545437 0.05)
(203.14 0.747607 0)
(203.14 0.747607 0.05)
(203.152 0.960897 0)
(203.152 0.960897 0.05)
(203.164 1.18592 0)
(203.164 1.18592 0.05)
(203.177 1.42331 0)
(203.177 1.42331 0.05)
(203.19 1.67377 0)
(203.19 1.67377 0.05)
(203.205 1.938 0)
(203.205 1.938 0.05)
(203.22 2.21676 0)
(203.22 2.21676 0.05)
(203.236 2.51085 0)
(203.236 2.51085 0.05)
(203.253 2.82112 0)
(203.253 2.82112 0.05)
(203.271 3.14845 0)
(203.271 3.14845 0.05)
(203.289 3.49378 0)
(203.289 3.49378 0.05)
(203.309 3.85811 0)
(203.309 3.85811 0.05)
(203.33 4.24248 0)
(203.33 4.24248 0.05)
(203.352 4.64799 0)
(203.352 4.64799 0.05)
(203.375 5.0758 0)
(203.375 5.0758 0.05)
(203.4 5.52714 0)
(203.4 5.52714 0.05)
(203.426 6.0033 0)
(203.426 6.0033 0.05)
(203.453 6.50566 0)
(203.453 6.50566 0.05)
(203.482 7.03564 0)
(203.482 7.03564 0.05)
(203.512 7.59477 0)
(203.512 7.59477 0.05)
(203.544 8.18465 0)
(203.544 8.18465 0.05)
(203.578 8.80698 0)
(203.578 8.80698 0.05)
(203.614 9.46353 0)
(203.614 9.46353 0.05)
(203.651 10.1562 0)
(203.651 10.1562 0.05)
(203.691 10.887 0)
(203.691 10.887 0.05)
(203.733 11.6579 0)
(203.733 11.6579 0.05)
(203.777 12.4713 0)
(203.777 12.4713 0.05)
(203.824 13.3294 0)
(203.824 13.3294 0.05)
(203.873 14.2346 0)
(203.873 14.2346 0.05)
(203.925 15.1897 0)
(203.925 15.1897 0.05)
(203.98 16.1973 0)
(203.98 16.1973 0.05)
(204.038 17.2603 0)
(204.038 17.2603 0.05)
(204.098 18.3818 0)
(204.098 18.3818 0.05)
(204.163 19.565 0)
(204.163 19.565 0.05)
(204.231 20.8133 0)
(204.231 20.8133 0.05)
(204.302 22.1302 0)
(204.302 22.1302 0.05)
(204.378 23.5195 0)
(204.378 23.5195 0.05)
(204.457 24.9852 0)
(204.457 24.9852 0.05)
(204.541 26.5316 0)
(204.541 26.5316 0.05)
(204.63 28.163 0)
(204.63 28.163 0.05)
(204.724 29.8841 0)
(204.724 29.8841 0.05)
(204.822 31.6999 0)
(204.822 31.6999 0.05)
(204.926 33.6156 0)
(204.926 33.6156 0.05)
(205.036 35.6366 0)
(205.036 35.6366 0.05)
(205.152 37.7688 0)
(205.152 37.7688 0.05)
(205.274 40.0182 0)
(205.274 40.0182 0.05)
(205.403 42.3914 0)
(205.403 42.3914 0.05)
(205.539 44.8951 0)
(205.539 44.8951 0.05)
(205.683 47.5365 0)
(205.683 47.5365 0.05)
(205.834 50.3232 0)
(205.834 50.3232 0.05)
(205.994 53.2631 0)
(205.994 53.2631 0.05)
(206.163 56.3648 0)
(206.163 56.3648 0.05)
(206.34 59.637 0)
(206.34 59.637 0.05)
(206.528 63.0892 0)
(206.528 63.0892 0.05)
(206.726 66.7313 0)
(206.726 66.7313 0.05)
(206.935 70.5737 0)
(206.935 70.5737 0.05)
(207.155 74.6274 0)
(207.155 74.6274 0.05)
(207.388 78.9041 0)
(207.388 78.9041 0.05)
(207.633 83.416 0)
(207.633 83.416 0.05)
(207.891 88.176 0)
(207.891 88.176 0.05)
(208.164 93.1979 0)
(208.164 93.1979 0.05)
(208.452 98.4959 0)
(208.452 98.4959 0.05)
(208.756 104.085 0)
(208.756 104.085 0.05)
(209.077 109.982 0)
(209.077 109.982 0.05)
(209.335 114.611 0)
(209.335 114.611 0.05)
(209.62 119.702 0)
(209.62 119.702 0.05)
(209.933 125.302 0)
(209.933 125.302 0.05)
(210.277 131.463 0)
(210.277 131.463 0.05)
(210.656 138.239 0)
(210.656 138.239 0.05)
(211.072 145.693 0)
(211.072 145.693 0.05)
(211.53 153.892 0)
(211.53 153.892 0.05)
(212.034 162.912 0)
(212.034 162.912 0.05)
(212.589 172.833 0)
(212.589 172.833 0.05)
(213.199 183.747 0)
(213.199 183.747 0.05)
(213.87 195.752 0)
(213.87 195.752 0.05)
(214.607 208.957 0)
(214.607 208.957 0.05)
(215.694 223.483 0)
(215.694 223.483 0.05)
(219.305 0.353806 0)
(219.305 0.353806 0.05)
(219.31 0.545437 0)
(219.31 0.545437 0.05)
(219.316 0.747607 0)
(219.316 0.747607 0.05)
(219.322 0.960897 0)
(219.322 0.960897 0.05)
(219.328 1.18592 0)
(219.328 1.18592 0.05)
(219.334 1.42331 0)
(219.334 1.42331 0.05)
(219.341 1.67377 0)
(219.341 1.67377 0.05)
(219.349 1.938 0)
(219.349 1.938 0.05)
(219.357 2.21676 0)
(219.357 2.21676 0.05)
(219.365 2.51085 0)
(219.365 2.51085 0.05)
(219.373 2.82112 0)
(219.373 2.82112 0.05)
(219.382 3.14845 0)
(219.382 3.14845 0.05)
(219.392 3.49378 0)
(219.392 3.49378 0.05)
(219.402 3.85811 0)
(219.402 3.85811 0.05)
(219.413 4.24248 0)
(219.413 4.24248 0.05)
(219.424 4.64799 0)
(219.424 4.64799 0.05)
(219.436 5.0758 0)
(219.436 5.0758 0.05)
(219.449 5.52714 0)
(219.449 5.52714 0.05)
(219.462 6.0033 0)
(219.462 6.0033 0.05)
(219.476 6.50566 0)
(219.476 6.50566 0.05)
(219.491 7.03564 0)
(219.491 7.03564 0.05)
(219.506 7.59477 0)
(219.506 7.59477 0.05)
(219.523 8.18465 0)
(219.523 8.18465 0.05)
(219.54 8.80698 0)
(219.54 8.80698 0.05)
(219.558 9.46353 0)
(219.558 9.46353 0.05)
(219.578 10.1562 0)
(219.578 10.1562 0.05)
(219.598 10.887 0)
(219.598 10.887 0.05)
(219.619 11.6579 0)
(219.619 11.6579 0.05)
(219.642 12.4713 0)
(219.642 12.4713 0.05)
(219.666 13.3294 0)
(219.666 13.3294 0.05)
(219.691 14.2346 0)
(219.691 14.2346 0.05)
(219.718 15.1897 0)
(219.718 15.1897 0.05)
(219.746 16.1973 0)
(219.746 16.1973 0.05)
(219.775 17.2603 0)
(219.775 17.2603 0.05)
(219.807 18.3818 0)
(219.807 18.3818 0.05)
(219.839 19.565 0)
(219.839 19.565 0.05)
(219.874 20.8133 0)
(219.874 20.8133 0.05)
(219.911 22.1302 0)
(219.911 22.1302 0.05)
(219.95 23.5195 0)
(219.95 23.5195 0.05)
(219.99 24.9852 0)
(219.99 24.9852 0.05)
(220.033 26.5316 0)
(220.033 26.5316 0.05)
(220.079 28.163 0)
(220.079 28.163 0.05)
(220.127 29.8841 0)
(220.127 29.8841 0.05)
(220.177 31.6999 0)
(220.177 31.6999 0.05)
(220.231 33.6156 0)
(220.231 33.6156 0.05)
(220.287 35.6366 0)
(220.287 35.6366 0.05)
(220.346 37.7688 0)
(220.346 37.7688 0.05)
(220.409 40.0182 0)
(220.409 40.0182 0.05)
(220.475 42.3914 0)
(220.475 42.3914 0.05)
(220.545 44.8951 0)
(220.545 44.8951 0.05)
(220.618 47.5365 0)
(220.618 47.5365 0.05)
(220.696 50.3232 0)
(220.696 50.3232 0.05)
(220.777 53.2631 0)
(220.777 53.2631 0.05)
(220.864 56.3648 0)
(220.864 56.3648 0.05)
(220.955 59.637 0)
(220.955 59.637 0.05)
(221.051 63.0892 0)
(221.051 63.0892 0.05)
(221.152 66.7313 0)
(221.152 66.7313 0.05)
(221.259 70.5737 0)
(221.259 70.5737 0.05)
(221.372 74.6274 0)
(221.372 74.6274 0.05)
(221.491 78.9041 0)
(221.491 78.9041 0.05)
(221.617 83.416 0)
(221.617 83.416 0.05)
(221.749 88.176 0)
(221.749 88.176 0.05)
(221.889 93.1979 0)
(221.889 93.1979 0.05)
(222.037 98.4959 0)
(222.037 98.4959 0.05)
(222.192 104.085 0)
(222.192 104.085 0.05)
(222.356 109.982 0)
(222.356 109.982 0.05)
(222.489 114.611 0)
(222.489 114.611 0.05)
(222.634 119.702 0)
(222.634 119.702 0.05)
(222.795 125.302 0)
(222.795 125.302 0.05)
(222.971 131.463 0)
(222.971 131.463 0.05)
(223.165 138.239 0)
(223.165 138.239 0.05)
(223.378 145.693 0)
(223.378 145.693 0.05)
(223.613 153.892 0)
(223.613 153.892 0.05)
(223.871 162.912 0)
(223.871 162.912 0.05)
(224.155 172.833 0)
(224.155 172.833 0.05)
(224.468 183.747 0)
(224.468 183.747 0.05)
(224.811 195.752 0)
(224.811 195.752 0.05)
(225.189 208.957 0)
(225.189 208.957 0.05)
(225.922 223.483 0)
(225.922 223.483 0.05)
(236.3 0.353806 0)
(236.3 0.353806 0.05)
(236.3 0.545437 0)
(236.3 0.545437 0.05)
(236.3 0.747607 0)
(236.3 0.747607 0.05)
(236.3 0.960897 0)
(236.3 0.960897 0.05)
(236.3 1.18592 0)
(236.3 1.18592 0.05)
(236.3 1.42331 0)
(236.3 1.42331 0.05)
(236.3 1.67377 0)
(236.3 1.67377 0.05)
(236.3 1.938 0)
(236.3 1.938 0.05)
(236.3 2.21676 0)
(236.3 2.21676 0.05)
(236.3 2.51085 0)
(236.3 2.51085 0.05)
(236.3 2.82112 0)
(236.3 2.82112 0.05)
(236.3 3.14845 0)
(236.3 3.14845 0.05)
(236.3 3.49378 0)
(236.3 3.49378 0.05)
(236.3 3.85811 0)
(236.3 3.85811 0.05)
(236.3 4.24248 0)
(236.3 4.24248 0.05)
(236.3 4.64799 0)
(236.3 4.64799 0.05)
(236.3 5.0758 0)
(236.3 5.0758 0.05)
(236.3 5.52714 0)
(236.3 5.52714 0.05)
(236.3 6.0033 0)
(236.3 6.0033 0.05)
(236.3 6.50566 0)
(236.3 6.50566 0.05)
(236.3 7.03564 0)
(236.3 7.03564 0.05)
(236.3 7.59477 0)
(236.3 7.59477 0.05)
(236.3 8.18465 0)
(236.3 8.18465 0.05)
(236.3 8.80698 0)
(236.3 8.80698 0.05)
(236.3 9.46353 0)
(236.3 9.46353 0.05)
(236.3 10.1562 0)
(236.3 10.1562 0.05)
(236.3 10.887 0)
(236.3 10.887 0.05)
(236.3 11.6579 0)
(236.3 11.6579 0.05)
(236.3 12.4713 0)
(236.3 12.4713 0.05)
(236.3 13.3294 0)
(236.3 13.3294 0.05)
(236.3 14.2346 0)
(236.3 14.2346 0.05)
(236.3 15.1897 0)
(236.3 15.1897 0.05)
(236.3 16.1973 0)
(236.3 16.1973 0.05)
(236.3 17.2603 0)
(236.3 17.2603 0.05)
(236.3 18.3818 0)
(236.3 18.3818 0.05)
(236.3 19.565 0)
(236.3 19.565 0.05)
(236.3 20.8133 0)
(236.3 20.8133 0.05)
(236.3 22.1302 0)
(236.3 22.1302 0.05)
(236.3 23.5195 0)
(236.3 23.5195 0.05)
(236.3 24.9852 0)
(236.3 24.9852 0.05)
(236.3 26.5316 0)
(236.3 26.5316 0.05)
(236.3 28.163 0)
(236.3 28.163 0.05)
(236.3 29.8841 0)
(236.3 29.8841 0.05)
(236.3 31.6999 0)
(236.3 31.6999 0.05)
(236.3 33.6156 0)
(236.3 33.6156 0.05)
(236.3 35.6366 0)
(236.3 35.6366 0.05)
(236.3 37.7688 0)
(236.3 37.7688 0.05)
(236.3 40.0182 0)
(236.3 40.0182 0.05)
(236.3 42.3914 0)
(236.3 42.3914 0.05)
(236.3 44.8951 0)
(236.3 44.8951 0.05)
(236.3 47.5365 0)
(236.3 47.5365 0.05)
(236.3 50.3232 0)
(236.3 50.3232 0.05)
(236.3 53.2631 0)
(236.3 53.2631 0.05)
(236.3 56.3648 0)
(236.3 56.3648 0.05)
(236.3 59.637 0)
(236.3 59.637 0.05)
(236.3 63.0892 0)
(236.3 63.0892 0.05)
(236.3 66.7313 0)
(236.3 66.7313 0.05)
(236.3 70.5737 0)
(236.3 70.5737 0.05)
(236.3 74.6274 0)
(236.3 74.6274 0.05)
(236.3 78.9041 0)
(236.3 78.9041 0.05)
(236.3 83.416 0)
(236.3 83.416 0.05)
(236.3 88.176 0)
(236.3 88.176 0.05)
(236.3 93.1979 0)
(236.3 93.1979 0.05)
(236.3 98.4959 0)
(236.3 98.4959 0.05)
(236.3 104.085 0)
(236.3 104.085 0.05)
(236.3 109.982 0)
(236.3 109.982 0.05)
(236.3 114.611 0)
(236.3 114.611 0.05)
(236.3 119.702 0)
(236.3 119.702 0.05)
(236.3 125.302 0)
(236.3 125.302 0.05)
(236.3 131.463 0)
(236.3 131.463 0.05)
(236.3 138.239 0)
(236.3 138.239 0.05)
(236.3 145.693 0)
(236.3 145.693 0.05)
(236.3 153.892 0)
(236.3 153.892 0.05)
(236.3 162.912 0)
(236.3 162.912 0.05)
(236.3 172.833 0)
(236.3 172.833 0.05)
(236.3 183.747 0)
(236.3 183.747 0.05)
(236.3 195.752 0)
(236.3 195.752 0.05)
(236.3 208.957 0)
(236.3 208.957 0.05)
(236.3 223.483 0)
(236.3 223.483 0.05)
)


// ************************************************************************* //
