/*--------------------------------*- C++ -*----------------------------------*\
| =========                 |                                                 |
| \\      /  F ield         | OpenFOAM: The Open Source CFD Toolbox           |
|  \\    /   O peration     | Version:  2212                                  |
|   \\  /    A nd           | Website:  www.openfoam.com                      |
|    \\/     M anipulation  |                                                 |
\*---------------------------------------------------------------------------*/
FoamFile
{
    version     2.0;
    format      ascii;
    arch        "LSB;label=32;scalar=64";
    note        "nPoints:2892  nCells:1340  nFaces:5465  nInternalFaces:2575";
    class       labelList;
    location    "constant/polyMesh";
    object      neighbour;
}
// * * * * * * * * * * * * * * * * * * * * * * * * * * * * * * * * * * * * * //


2575
(
1
4
5
3
8
4
9
5
10
11
7
15
8
16
9
17
10
18
11
19
20
13
26
14
27
15
28
16
29
17
30
18
31
19
32
20
33
34
22
40
23
41
24
42
25
43
26
44
27
45
28
46
29
47
30
48
31
49
32
50
33
51
34
52
53
36
61
37
62
38
63
39
64
40
65
41
66
42
67
43
68
44
69
45
70
46
71
47
72
48
73
49
74
50
75
51
76
52
77
53
78
79
55
92
56
93
57
94
58
95
59
96
60
97
61
98
62
99
63
100
64
101
65
102
66
103
67
104
68
105
69
106
70
107
71
108
72
109
73
110
74
111
75
112
76
113
77
114
78
115
79
116
117
81
161
82
162
83
163
84
164
85
165
86
166
87
167
88
168
89
169
90
170
91
171
92
172
93
173
94
174
95
175
96
176
97
177
98
178
99
179
100
180
101
181
102
182
103
183
104
184
105
185
106
186
107
187
108
188
109
189
110
190
111
191
112
192
113
193
114
194
115
195
116
196
117
197
198
119
199
120
200
121
201
122
202
123
203
124
204
125
205
126
206
127
207
128
208
129
209
130
210
131
211
132
212
133
213
134
214
135
215
136
216
137
217
138
218
139
219
140
220
141
221
142
222
143
223
144
224
145
225
146
226
147
227
148
228
149
229
150
230
151
231
152
232
153
233
154
234
155
235
156
236
157
237
158
238
159
239
160
240
161
241
162
242
163
243
164
244
165
245
166
246
167
247
168
248
169
249
170
250
171
251
172
252
173
253
174
254
175
255
176
256
177
257
178
258
179
259
180
260
181
261
182
262
183
263
184
264
185
265
186
266
187
267
188
268
189
269
190
270
191
271
192
272
193
273
194
274
195
275
196
276
197
277
198
278
279
200
280
201
281
202
282
203
283
204
284
205
285
206
286
207
287
208
288
209
289
210
290
211
291
212
292
213
293
214
294
215
295
216
296
217
297
218
298
219
299
220
300
221
301
222
302
223
303
224
304
225
305
226
306
227
307
228
308
229
309
230
310
231
311
232
312
233
313
234
314
235
315
236
316
237
317
238
318
239
319
240
320
241
321
242
322
243
323
244
324
245
325
246
326
247
327
248
328
249
329
250
330
251
331
252
332
253
333
254
334
255
335
256
336
257
337
258
338
259
339
260
340
261
341
262
342
263
343
264
344
265
345
266
346
267
347
268
348
269
349
270
350
271
351
272
352
273
353
274
354
275
355
276
356
277
357
278
358
279
359
360
281
361
282
362
283
363
284
364
285
365
286
366
287
367
288
368
289
369
290
370
291
371
292
372
293
373
294
374
295
375
296
376
297
377
298
378
299
379
300
380
301
381
302
382
303
383
304
384
305
385
306
386
307
387
308
388
309
389
310
390
311
391
312
392
313
393
314
394
315
395
316
396
317
397
318
398
319
399
320
400
321
401
322
402
323
403
324
404
325
405
326
406
327
407
328
408
329
409
330
410
331
411
332
412
333
413
334
414
335
415
336
416
337
417
338
418
339
419
340
420
341
421
342
422
343
423
344
424
345
425
346
426
347
427
348
428
349
429
350
430
351
431
352
432
353
433
354
434
355
435
356
436
357
437
358
438
359
439
360
440
441
362
442
363
443
364
444
365
445
366
446
367
447
368
448
369
449
370
450
371
451
372
452
373
453
374
454
375
455
376
456
377
457
378
458
379
459
380
460
381
461
382
462
383
463
384
464
385
465
386
466
387
467
388
468
389
469
390
470
391
471
392
472
393
473
394
474
395
475
396
476
397
477
398
478
399
479
400
480
401
481
402
482
403
483
404
484
405
485
406
486
407
487
408
488
409
489
410
490
411
491
412
492
413
493
414
494
415
495
416
496
417
497
418
498
419
499
420
500
421
501
422
502
423
503
424
504
425
505
426
506
427
507
428
508
429
509
430
510
431
511
432
512
433
513
434
514
435
515
436
516
437
517
438
518
439
519
440
520
441
521
522
443
523
444
524
445
525
446
526
447
527
448
528
449
529
450
530
451
531
452
532
453
533
454
534
455
535
456
536
457
537
458
538
459
539
460
540
461
541
462
542
463
543
464
544
465
545
466
546
467
547
468
548
469
549
470
550
471
551
472
552
473
553
474
554
475
555
476
556
477
557
478
558
479
559
480
560
481
561
482
562
483
563
484
564
485
565
486
566
487
567
488
568
489
569
490
570
491
571
492
572
493
573
494
574
495
575
496
576
497
577
498
578
499
579
500
580
501
581
502
582
503
583
504
584
505
585
506
586
507
587
508
588
509
589
510
590
511
591
512
592
513
593
514
594
515
595
516
596
517
597
518
598
519
599
520
600
521
601
522
602
603
524
604
525
605
526
606
527
607
528
608
529
609
530
610
531
611
532
612
533
613
534
614
535
615
536
616
537
617
538
618
539
619
540
620
541
621
542
622
543
623
544
624
545
625
546
626
547
627
548
628
549
629
550
630
551
631
552
632
553
633
554
634
555
635
556
636
557
637
558
638
559
639
560
640
561
641
562
642
563
643
564
644
565
645
566
646
567
647
568
648
569
649
570
650
571
651
572
652
573
653
574
654
575
655
576
656
577
657
578
658
579
659
580
660
581
661
582
662
583
663
584
664
585
665
586
666
587
667
588
668
589
669
590
670
591
671
592
672
593
673
594
674
595
675
596
676
597
677
598
678
599
679
600
680
601
681
602
682
603
683
684
605
685
606
686
607
687
608
688
609
689
610
690
611
691
612
692
613
693
614
694
615
695
616
696
617
697
618
698
619
699
620
700
621
701
622
702
623
703
624
704
625
705
626
706
627
707
628
708
629
709
630
710
631
711
632
712
633
713
634
714
635
715
636
716
637
717
638
718
639
719
640
720
641
721
642
722
643
723
644
724
645
725
646
726
647
727
648
728
649
729
650
730
651
731
652
732
653
733
654
734
655
735
656
736
657
737
658
738
659
739
660
740
661
741
662
742
663
743
664
744
665
745
666
746
667
747
668
748
669
749
670
750
671
751
672
752
673
753
674
754
675
755
676
756
677
757
678
758
679
759
680
760
681
761
682
762
683
763
684
764
765
686
766
687
768
688
769
689
770
690
771
691
772
692
773
693
774
694
775
695
776
696
777
697
778
698
779
699
780
700
781
701
782
702
783
703
784
704
785
705
786
706
787
707
788
708
789
709
790
710
791
711
792
712
793
713
794
714
795
715
796
716
797
717
798
718
799
719
800
720
801
721
802
722
803
723
804
724
805
725
806
726
807
727
808
728
809
729
810
730
811
731
812
732
813
733
814
734
815
735
816
736
817
737
818
738
819
739
820
740
821
741
822
742
823
743
824
744
825
745
826
746
827
747
828
748
829
749
830
750
831
751
832
752
833
753
834
754
835
755
836
756
837
757
838
758
839
759
840
760
841
761
842
762
843
763
844
764
845
765
846
847
768
767
848
849
769
850
770
851
771
852
772
853
773
854
774
855
775
856
776
857
777
858
778
859
779
860
780
861
781
862
782
863
783
864
784
865
785
866
786
867
787
868
788
869
789
870
790
871
791
872
792
873
793
874
794
875
795
876
796
877
797
878
798
879
799
880
800
881
801
882
802
883
803
884
804
885
805
886
806
887
807
888
808
889
809
890
810
891
811
892
812
893
813
894
814
895
815
896
816
897
817
898
818
899
819
900
820
901
821
902
822
903
823
904
824
905
825
906
826
907
827
908
828
909
829
910
830
911
831
912
832
913
833
914
834
915
835
916
836
917
837
918
838
919
839
920
840
921
841
922
842
923
843
924
844
925
845
926
846
927
847
928
929
850
849
930
931
851
932
852
933
853
934
854
935
855
936
856
937
857
938
858
939
859
940
860
941
861
942
862
943
863
944
864
945
865
946
866
947
867
948
868
949
869
950
870
951
871
952
872
953
873
954
874
955
875
956
876
957
877
958
878
959
879
960
880
961
881
962
882
963
883
964
884
965
885
966
886
967
887
968
888
969
889
970
890
971
891
972
892
973
893
974
894
975
895
976
896
977
897
978
898
979
899
980
900
981
901
982
902
983
903
984
904
985
905
986
906
987
907
988
908
989
909
990
910
991
911
992
912
993
913
994
914
995
915
996
916
997
917
998
918
999
919
1000
920
1001
921
1002
922
1003
923
1004
924
1005
925
1006
926
1007
927
1008
928
1009
929
1010
1011
932
931
1012
1013
933
1014
934
1015
935
1016
936
1017
937
1018
938
1019
939
1020
940
1021
941
1022
942
1023
943
1024
944
1025
945
1026
946
1027
947
1028
948
1029
949
1030
950
1031
951
1032
952
1033
953
1034
954
1035
955
1036
956
1037
957
1038
958
1039
959
1040
960
1041
961
1042
962
1043
963
1044
964
1045
965
1046
966
1047
967
1048
968
1049
969
1050
970
1051
971
1052
972
1053
973
1054
974
1055
975
1056
976
1057
977
1058
978
1059
979
1060
980
1061
981
1062
982
1063
983
1064
984
1065
985
1066
986
1067
987
1068
988
1069
989
1070
990
1071
991
1072
992
1073
993
1074
994
1075
995
1076
996
1077
997
1078
998
1079
999
1080
1000
1081
1001
1082
1002
1083
1003
1084
1004
1085
1005
1086
1006
1087
1007
1088
1008
1089
1009
1090
1010
1091
1011
1092
1093
1014
1013
1094
1095
1015
1096
1016
1097
1017
1098
1018
1099
1019
1100
1020
1101
1021
1102
1022
1103
1023
1104
1024
1105
1025
1106
1026
1107
1027
1108
1028
1109
1029
1110
1030
1111
1031
1112
1032
1113
1033
1114
1034
1115
1035
1116
1036
1117
1037
1118
1038
1119
1039
1120
1040
1121
1041
1122
1042
1123
1043
1124
1044
1125
1045
1126
1046
1127
1047
1128
1048
1129
1049
1130
1050
1131
1051
1132
1052
1133
1053
1134
1054
1135
1055
1136
1056
1137
1057
1138
1058
1139
1059
1140
1060
1141
1061
1142
1062
1143
1063
1144
1064
1145
1065
1146
1066
1147
1067
1148
1068
1149
1069
1150
1070
1151
1071
1152
1072
1153
1073
1154
1074
1155
1075
1156
1076
1157
1077
1158
1078
1159
1079
1160
1080
1161
1081
1162
1082
1163
1083
1164
1084
1165
1085
1166
1086
1167
1087
1168
1088
1169
1089
1170
1090
1171
1091
1172
1092
1173
1093
1174
1175
1096
1095
1176
1177
1097
1178
1098
1179
1099
1180
1100
1181
1101
1182
1102
1183
1103
1184
1104
1185
1105
1186
1106
1187
1107
1188
1108
1189
1109
1190
1110
1191
1111
1192
1112
1193
1113
1194
1114
1195
1115
1196
1116
1197
1117
1198
1118
1199
1119
1200
1120
1201
1121
1202
1122
1203
1123
1204
1124
1205
1125
1206
1126
1207
1127
1208
1128
1209
1129
1210
1130
1211
1131
1212
1132
1213
1133
1214
1134
1215
1135
1216
1136
1217
1137
1218
1138
1219
1139
1220
1140
1221
1141
1222
1142
1223
1143
1224
1144
1225
1145
1226
1146
1227
1147
1228
1148
1229
1149
1230
1150
1231
1151
1232
1152
1233
1153
1234
1154
1235
1155
1236
1156
1237
1157
1238
1158
1239
1159
1240
1160
1241
1161
1242
1162
1243
1163
1244
1164
1245
1165
1246
1166
1247
1167
1248
1168
1249
1169
1250
1170
1251
1171
1252
1172
1253
1173
1254
1174
1255
1175
1256
1257
1178
1177
1258
1259
1179
1260
1180
1261
1181
1262
1182
1263
1183
1264
1184
1265
1185
1266
1186
1267
1187
1268
1188
1269
1189
1270
1190
1271
1191
1272
1192
1273
1193
1274
1194
1275
1195
1276
1196
1277
1197
1278
1198
1279
1199
1280
1200
1281
1201
1282
1202
1283
1203
1284
1204
1285
1205
1286
1206
1287
1207
1288
1208
1289
1209
1290
1210
1291
1211
1292
1212
1293
1213
1294
1214
1295
1215
1296
1216
1297
1217
1298
1218
1299
1219
1300
1220
1301
1221
1302
1222
1303
1223
1304
1224
1305
1225
1306
1226
1307
1227
1308
1228
1309
1229
1310
1230
1311
1231
1312
1232
1313
1233
1314
1234
1315
1235
1316
1236
1317
1237
1318
1238
1319
1239
1320
1240
1321
1241
1322
1242
1323
1243
1324
1244
1325
1245
1326
1246
1327
1247
1328
1248
1329
1249
1330
1250
1331
1251
1332
1252
1333
1253
1334
1254
1335
1255
1336
1256
1337
1257
1338
1339
1260
1259
1261
1262
1263
1264
1265
1266
1267
1268
1269
1270
1271
1272
1273
1274
1275
1276
1277
1278
1279
1280
1281
1282
1283
1284
1285
1286
1287
1288
1289
1290
1291
1292
1293
1294
1295
1296
1297
1298
1299
1300
1301
1302
1303
1304
1305
1306
1307
1308
1309
1310
1311
1312
1313
1314
1315
1316
1317
1318
1319
1320
1321
1322
1323
1324
1325
1326
1327
1328
1329
1330
1331
1332
1333
1334
1335
1336
1337
1338
1339
)


// ************************************************************************* //
