/*--------------------------------*- C++ -*----------------------------------*\
| =========                 |                                                 |
| \\      /  F ield         | OpenFOAM: The Open Source CFD Toolbox           |
|  \\    /   O peration     | Version:  2212                                  |
|   \\  /    A nd           | Website:  www.openfoam.com                      |
|    \\/     M anipulation  |                                                 |
\*---------------------------------------------------------------------------*/
FoamFile
{
    version     2.0;
    format      ascii;
    arch        "LSB;label=32;scalar=64";
    class       labelList;
    location    "constant/polyMesh";
    object      pointProcAddressing;
}
// * * * * * * * * * * * * * * * * * * * * * * * * * * * * * * * * * * * * * //


2892
(
14395
14397
14399
14401
14403
14405
14709
14711
14713
14715
14717
14719
14721
14723
14725
14727
15023
15025
15027
15029
15031
15033
15035
15037
15039
15041
15043
15045
15047
15049
15333
15335
15337
15339
15341
15343
15345
15347
15349
15351
15353
15355
15357
15359
15361
15363
15365
15367
15369
15371
15635
15637
15639
15641
15643
15645
15647
15649
15651
15653
15655
15657
15659
15661
15663
15665
15667
15669
15671
15673
15675
15677
15679
15681
15683
15685
15687
15689
15691
15693
15937
15939
15941
15943
15945
15947
15949
15951
15953
15955
15957
15959
15961
15963
15965
15967
15969
15971
15973
15975
15977
15979
15981
15983
15985
15987
15989
15991
15993
15995
15997
15999
16001
16003
16005
16007
16009
16011
16013
16015
16231
16233
16235
16237
16239
16241
16243
16245
16247
16249
16251
16253
16255
16257
16259
16261
16263
16265
16267
16269
16271
16273
16275
16277
16279
16281
16283
16285
16287
16289
16291
16293
16295
16297
16299
16301
16303
16305
16307
16309
16311
16313
16315
16317
16319
16321
16323
16325
16327
16329
16331
16333
16335
16337
16505
16507
16509
16511
16513
16515
16517
16519
16521
16523
16525
16527
16529
16531
16533
16535
16537
16539
16541
16543
16545
16547
16549
16551
16553
16555
16557
16559
16561
16563
16565
16567
16569
16571
16573
16575
16577
16579
16581
16583
16585
16587
16589
16591
16593
16595
16597
16599
16601
16603
16605
16607
16609
16611
16613
16615
16617
16619
16621
16623
16625
16627
16629
16631
16633
16635
16637
16639
16641
16643
16645
16647
16649
16651
16653
16655
16657
16659
16660
16661
16662
16663
16664
16665
16667
16669
16671
16673
16675
16677
16679
16681
16683
16685
16687
16689
16691
16693
16695
16697
16699
16701
16703
16705
16707
16709
16711
16713
16715
16717
16719
16721
16723
16725
16727
16729
16731
16733
16735
16737
16739
16741
16743
16745
16747
16749
16751
16753
16755
16757
16759
16761
16763
16765
16767
16769
16771
16773
16775
16777
16779
16781
16783
16785
16787
16789
16791
16793
16795
16797
16799
16801
16803
16805
16807
16809
16811
16813
16815
16817
16819
16821
16823
16825
16827
16829
16831
16833
16835
16837
16839
16841
16843
16845
16847
16849
16851
16853
16855
16857
16859
16861
16863
16865
16867
16869
16871
16873
16875
16877
16879
16881
16883
16885
16887
16889
16891
16893
16895
16897
16899
16901
16903
16905
16907
16909
16911
16913
16915
16917
16919
16921
16923
16925
16927
16929
16931
16933
16935
16937
16939
16941
16943
16945
16947
16949
16951
16953
16955
16957
16959
16961
16963
16965
16967
16969
16971
16973
16975
16977
16979
16981
16982
16983
16984
16985
16986
16987
16989
16991
16993
16995
16997
16999
17001
17003
17005
17007
17009
17011
17013
17015
17017
17019
17021
17023
17025
17027
17029
17031
17033
17035
17037
17039
17041
17043
17045
17047
17049
17051
17053
17055
17057
17059
17061
17063
17065
17067
17069
17071
17073
17075
17077
17079
17081
17083
17085
17087
17089
17091
17093
17095
17097
17099
17101
17103
17105
17107
17109
17111
17113
17115
17117
17119
17121
17123
17125
17127
17129
17131
17133
17135
17137
17139
17141
17143
17145
17147
17149
17151
17153
17155
17157
17159
17161
17163
17165
17167
17169
17171
17173
17175
17177
17179
17181
17183
17185
17187
17189
17191
17193
17195
17197
17199
17201
17203
17205
17207
17209
17211
17213
17215
17217
17219
17221
17223
17225
17227
17229
17231
17233
17235
17237
17239
17241
17243
17245
17247
17249
17251
17253
17255
17257
17259
17261
17263
17265
17267
17269
17271
17273
17275
17277
17279
17281
17283
17285
17287
17289
17291
17293
17295
17297
17299
17301
17303
17304
17305
17306
17307
17308
17309
17311
17313
17315
17317
17319
17321
17323
17325
17327
17329
17331
17333
17335
17337
17339
17341
17343
17345
17347
17349
17351
17353
17355
17357
17359
17361
17363
17365
17367
17369
17371
17373
17375
17377
17379
17381
17383
17385
17387
17389
17391
17393
17395
17397
17399
17401
17403
17405
17407
17409
17411
17413
17415
17417
17419
17421
17423
17425
17427
17429
17431
17433
17435
17437
17439
17441
17443
17445
17447
17449
17451
17453
17455
17457
17459
17461
17463
17465
17467
17469
17471
17473
17475
17477
17479
17481
17483
17485
17487
17489
17491
17493
17495
17497
17499
17501
17503
17505
17507
17509
17511
17513
17515
17517
17519
17521
17523
17525
17527
17529
17531
17533
17535
17537
17539
17541
17543
17545
17547
17549
17551
17553
17555
17557
17559
17561
17563
17565
17567
17569
17571
17573
17575
17577
17579
17581
17583
17585
17587
17589
17591
17593
17595
17597
17599
17601
17603
17605
17607
17609
17611
17613
17615
17617
17619
17621
17623
17625
17626
17627
17628
17629
17630
17631
17633
17635
17637
17639
17641
17643
17645
17647
17649
17651
17653
17655
17657
17659
17661
17663
17665
17667
17669
17671
17673
17675
17677
17679
17681
17683
17685
17687
17689
17691
17693
17695
17697
17699
17701
17703
17705
17707
17709
17711
17713
17715
17717
17719
17721
17723
17725
17727
17729
17731
17733
17735
17737
17739
17741
17743
17745
17747
17749
17751
17753
17755
17757
17759
17761
17763
17765
17767
17769
17771
17773
17775
17777
17779
17781
17783
17785
17787
17789
17791
17793
17795
17797
17799
17801
17803
17805
17807
17809
17811
17813
17815
17817
17819
17821
17823
17825
17827
17829
17831
17833
17835
17837
17839
17841
17843
17845
17847
17849
17851
17853
17855
17857
17859
17861
17863
17865
17867
17869
17871
17873
17875
17877
17879
17881
17883
17885
17887
17889
17891
17893
17895
17897
17899
17901
17903
17905
17907
17909
17911
17913
17915
17917
17919
17921
17923
17925
17927
17929
17931
17933
17935
17937
17939
17941
17943
17945
17947
17948
17949
17950
17951
17952
17953
17955
17957
17959
17961
17963
17965
17967
17969
17971
17973
17975
17977
17979
17981
17983
17985
17987
17989
17991
17993
17995
17997
17999
18001
18003
18005
18007
18009
18011
18013
18015
18017
18019
18021
18023
18025
18027
18029
18031
18033
18035
18037
18039
18041
18043
18045
18047
18049
18051
18053
18055
18057
18059
18061
18063
18065
18067
18069
18071
18073
18075
18077
18079
18081
18083
18085
18087
18089
18091
18093
18095
18097
18099
18101
18103
18105
18107
18109
18111
18113
18115
18117
18119
18121
18123
18125
18127
18129
18131
18133
18135
18137
18139
18141
18143
18145
18147
18149
18151
18153
18155
18157
18159
18161
18163
18165
18167
18169
18171
18173
18175
18177
18179
18181
18183
18185
18187
18189
18191
18193
18195
18197
18199
18201
18203
18205
18207
18209
18211
18213
18215
18217
18219
18221
18223
18225
18227
18229
18231
18233
18235
18237
18239
18241
18243
18245
18247
18249
18251
18253
18255
18257
18259
18261
18263
18265
18267
18269
18270
18271
18272
18273
18274
18275
18277
18279
18281
18283
18285
18287
18289
18291
18293
18295
18297
18299
18301
18303
18305
18307
18309
18311
18313
18315
18317
18319
18321
18323
18325
18327
18329
18331
18333
18335
18337
18339
18341
18343
18345
18347
18349
18351
18353
18355
18357
18359
18361
18363
18365
18367
18369
18371
18373
18375
18377
18379
18381
18383
18385
18387
18389
18391
18393
18395
18397
18399
18401
18403
18405
18407
18409
18411
18413
18415
18417
18419
18421
18423
18425
18427
18429
18431
18433
18435
18437
18439
18441
18443
18445
18447
18449
18451
18453
18455
18457
18459
18461
18463
18465
18467
18469
18471
18473
18475
18477
18479
18481
18483
18485
18487
18489
18491
18493
18495
18497
18499
18501
18503
18505
18507
18509
18511
18513
18515
18517
18519
18521
18523
18525
18527
18529
18531
18533
18535
18537
18539
18541
18543
18545
18547
18549
18551
18553
18555
18557
18559
18561
18563
18565
18567
18569
18571
18573
18575
18577
18579
18581
18583
18585
18587
18589
18591
18592
18593
18594
18595
18596
18597
18599
18601
18603
18605
18607
18609
18611
18613
18615
18617
18619
18621
18623
18625
18627
18629
18631
18633
18635
18637
18639
18641
18643
18645
18647
18649
18651
18653
18655
18657
18659
18661
18663
18665
18667
18669
18671
18673
18675
18677
18679
18681
18683
18685
18687
18689
18691
18693
18695
18697
18699
18701
18703
18705
18707
18709
18711
18713
18715
18717
18719
18721
18723
18725
18727
18729
18731
18733
18735
18737
18739
18741
18743
18745
18747
18749
18751
18753
18755
18757
18759
18761
18763
18765
18767
18769
18771
18773
18775
18777
18779
18781
18783
18785
18787
18789
18791
18793
18795
18797
18799
18801
18803
18805
18807
18809
18811
18813
18815
18817
18819
18821
18823
18825
18827
18829
18831
18833
18835
18837
18839
18841
18843
18845
18847
18849
18851
18853
18855
18857
18859
18861
18863
18865
18867
18869
18871
18873
18875
18877
18879
18881
18883
18885
18887
18889
18891
18893
18895
18897
18899
18901
18903
18905
18907
18909
18911
18913
18914
18915
18916
18917
18918
18919
18921
18923
18925
18927
18929
18931
18933
18935
18937
18939
18941
18943
18945
18947
18949
18951
18953
18955
18957
18959
18961
18963
18965
18967
18969
18971
18973
18975
18977
18979
18981
18983
18985
18987
18989
18991
18993
18995
18997
18999
19001
19003
19005
19007
19009
19011
19013
19015
19017
19019
19021
19023
19025
19027
19029
19031
19033
19035
19037
19039
19041
19043
19045
19047
19049
19051
19053
19055
19057
19059
19061
19063
19065
19067
19069
19071
19073
19075
19077
19079
19081
19083
19085
19087
19089
19091
19093
19095
19097
19099
19101
19103
19105
19107
19109
19111
19113
19115
19117
19119
19121
19123
19125
19127
19129
19131
19133
19135
19137
19139
19141
19143
19145
19147
19149
19151
19153
19155
19157
19159
19161
19163
19165
19167
19169
19171
19173
19175
19177
19179
19181
19183
19185
19187
19189
19191
19193
19195
19197
19199
19201
19203
19205
19207
19209
19211
19213
19215
19217
19219
19221
19223
19225
19227
19229
19231
19233
19235
19236
19237
19238
19239
19240
19241
19242
19243
19244
19245
19247
19249
19251
19253
19255
19257
19259
19261
19263
19265
19267
19269
19271
19273
19275
19277
19279
19281
19283
19285
19287
19289
19291
19293
19295
19297
19299
19301
19303
19305
19307
19309
19311
19313
19315
19317
19319
19321
19323
19325
19327
19329
19331
19333
19335
19337
19339
19341
19343
19345
19347
19349
19351
19353
19355
19357
19359
19361
19363
19365
19367
19369
19371
19373
19375
19377
19379
19381
19383
19385
19387
19389
19391
19393
19395
19397
19399
19401
19403
19405
19407
19409
19411
19413
19415
19417
19419
19421
19423
19425
19427
19429
19431
19433
19435
19437
19439
19441
19443
19445
19447
19449
19451
19453
19455
19457
19459
19461
19463
19465
19467
19469
19471
19473
19475
19477
19479
19481
19483
19485
19487
19489
19491
19493
19495
19497
19499
19501
19503
19505
19507
19509
19511
19513
19515
19517
19519
19521
19523
19525
19527
19529
19531
19533
19535
19537
19539
19541
19543
19545
19547
19549
19551
19553
19555
19557
19558
19559
19560
19561
19562
19563
19564
19565
19566
19567
19569
19571
19573
19575
19577
19579
19581
19583
19585
19587
19589
19591
19593
19595
19597
19599
19601
19603
19605
19607
19609
19611
19613
19615
19617
19619
19621
19623
19625
19627
19629
19631
19633
19635
19637
19639
19641
19643
19645
19647
19649
19651
19653
19655
19657
19659
19661
19663
19665
19667
19669
19671
19673
19675
19677
19679
19681
19683
19685
19687
19689
19691
19693
19695
19697
19699
19701
19703
19705
19707
19709
19711
19713
19715
19717
19719
19721
19723
19725
19727
19729
19731
19733
19735
19737
19739
19741
19743
19745
19747
19749
19751
19753
19755
19757
19759
19761
19763
19765
19767
19769
19771
19773
19775
19777
19779
19781
19783
19785
19787
19789
19791
19793
19795
19797
19799
19801
19803
19805
19807
19809
19811
19813
19815
19817
19819
19821
19823
19825
19827
19829
19831
19833
19835
19837
19839
19841
19843
19845
19847
19849
19851
19853
19855
19857
19859
19861
19863
19865
19867
19869
19871
19873
19875
19877
19879
19880
19881
19882
19883
19884
19885
19886
19887
19888
19889
19891
19893
19895
19897
19899
19901
19903
19905
19907
19909
19911
19913
19915
19917
19919
19921
19923
19925
19927
19929
19931
19933
19935
19937
19939
19941
19943
19945
19947
19949
19951
19953
19955
19957
19959
19961
19963
19965
19967
19969
19971
19973
19975
19977
19979
19981
19983
19985
19987
19989
19991
19993
19995
19997
19999
20001
20003
20005
20007
20009
20011
20013
20015
20017
20019
20021
20023
20025
20027
20029
20031
20033
20035
20037
20039
20041
20043
20045
20047
20049
20051
20053
20055
20057
20059
20061
20063
20065
20067
20069
20071
20073
20075
20077
20079
20081
20083
20085
20087
20089
20091
20093
20095
20097
20099
20101
20103
20105
20107
20109
20111
20113
20115
20117
20119
20121
20123
20125
20127
20129
20131
20133
20135
20137
20139
20141
20143
20145
20147
20149
20151
20153
20155
20157
20159
20161
20163
20165
20167
20169
20171
20173
20175
20177
20179
20181
20183
20185
20187
20189
20191
20193
20195
20197
20199
20201
20202
20203
20204
20205
20206
20207
20208
20209
20210
20211
20213
20215
20217
20219
20221
20223
20225
20227
20229
20231
20233
20235
20237
20239
20241
20243
20245
20247
20249
20251
20253
20255
20257
20259
20261
20263
20265
20267
20269
20271
20273
20275
20277
20279
20281
20283
20285
20287
20289
20291
20293
20295
20297
20299
20301
20303
20305
20307
20309
20311
20313
20315
20317
20319
20321
20323
20325
20327
20329
20331
20333
20335
20337
20339
20341
20343
20345
20347
20349
20351
20353
20355
20357
20359
20361
20363
20365
20367
20369
20371
20373
20375
20377
20379
20381
20383
20385
20387
20389
20391
20393
20395
20397
20399
20401
20403
20405
20407
20409
20411
20413
20415
20417
20419
20421
20423
20425
20427
20429
20431
20433
20435
20437
20439
20441
20443
20445
20447
20449
20451
20453
20455
20457
20459
20461
20463
20465
20467
20469
20471
20473
20475
20477
20479
20481
20483
20485
20487
20489
20491
20493
20495
20497
20499
20501
20503
20505
20507
20509
20511
20513
20515
20517
20519
20521
20523
20524
20525
20526
20527
20528
20529
20530
20531
20532
20533
20535
20537
20539
20541
20543
20545
20547
20549
20551
20553
20555
20557
20559
20561
20563
20565
20567
20569
20571
20573
20575
20577
20579
20581
20583
20585
20587
20589
20591
20593
20595
20597
20599
20601
20603
20605
20607
20609
20611
20613
20615
20617
20619
20621
20623
20625
20627
20629
20631
20633
20635
20637
20639
20641
20643
20645
20647
20649
20651
20653
20655
20657
20659
20661
20663
20665
20667
20669
20671
20673
20675
20677
20679
20681
20683
20685
20687
20689
20691
20693
20695
20697
20699
20701
20703
20705
20707
20709
20711
20713
20715
20717
20719
20721
20723
20725
20727
20729
20731
20733
20735
20737
20739
20741
20743
20745
20747
20749
20751
20753
20755
20757
20759
20761
20763
20765
20767
20769
20771
20773
20775
20777
20779
20781
20783
20785
20787
20789
20791
20793
20795
20797
20799
20801
20803
20805
20807
20809
20811
20813
20815
20817
20819
20821
20823
20825
20827
20829
20831
20833
20835
20837
20839
20841
20843
20845
20846
20847
20848
20849
20850
20851
20852
20853
20854
20855
20857
20859
20861
20863
20865
20867
20869
20871
20873
20875
20877
20879
20881
20883
20885
20887
20889
20891
20893
20895
20897
20899
20901
20903
20905
20907
20909
20911
20913
20915
20917
20919
20921
20923
20925
20927
20929
20931
20933
20935
20937
20939
20941
20943
20945
20947
20949
20951
20953
20955
20957
20959
20961
20963
20965
20967
20969
20971
20973
20975
20977
20979
20981
20983
20985
20987
20989
20991
20993
20995
20997
20999
21001
21003
21005
21007
21009
21011
21013
21015
21017
21019
21021
21023
21025
21027
21029
21031
21033
21035
21037
21039
21041
21043
21045
21047
21049
21051
21053
21055
21057
21059
21061
21063
21065
21067
21069
21071
21073
21075
21077
21079
21081
21083
21085
21087
21089
21091
21093
21095
21097
21099
21101
21103
21105
21107
21109
21111
21113
21115
21117
21119
21121
21123
21125
21127
21129
21131
21133
21135
21137
21139
21141
21143
21145
21147
21149
21151
21153
21155
21157
21159
21161
21163
21165
21167
21168
21169
21170
21171
21172
21173
21174
21175
21176
21177
21179
21181
21183
21185
21187
21189
21191
21193
21195
21197
21199
21201
21203
21205
21207
21209
21211
21213
21215
21217
21219
21221
21223
21225
21227
21229
21231
21233
21235
21237
21239
21241
21243
21245
21247
21249
21251
21253
21255
21257
21259
21261
21263
21265
21267
21269
21271
21273
21275
21277
21279
21281
21283
21285
21287
21289
21291
21293
21295
21297
21299
21301
21303
21305
21307
21309
21311
21313
21315
21317
21319
21321
21323
21325
21327
21329
21331
21333
21335
21337
21339
21341
21343
21345
21347
21349
21351
21353
21355
21357
21359
21361
21363
21365
21367
21369
21371
21373
21375
21377
21379
21381
21383
21385
21387
21389
21391
21393
21395
21397
21399
21401
21403
21405
21407
21409
21411
21413
21415
21417
21419
21421
21423
21425
21427
21429
21431
21433
21435
21437
21439
21441
21443
21445
21447
21449
21451
21453
21455
21457
21459
21461
21463
21465
21467
21469
21471
21473
21475
21477
21479
21481
21483
21485
21487
21489
21490
21491
21492
21493
21494
21495
21496
21497
21498
21499
21501
21503
21505
21507
21509
21511
21513
21515
21517
21519
21521
21523
21525
21527
21529
21531
21533
21535
21537
21539
21541
21543
21545
21547
21549
21551
21553
21555
21557
21559
21561
21563
21565
21567
21569
21571
21573
21575
21577
21579
21581
21583
21585
21587
21589
21591
21593
21595
21597
21599
21601
21603
21605
21607
21609
21611
21613
21615
21617
21619
21621
21623
21625
21627
21629
21631
21633
21635
21637
21639
21641
21643
21645
21647
21649
21651
21653
21655
21657
21659
21661
21663
21665
21667
21669
21671
21673
21675
21677
21679
21681
21683
21685
21687
21689
21691
21693
21695
21697
21699
21701
21703
21705
21707
21709
21711
21713
21715
21717
21719
21721
21723
21725
21727
21729
21731
21733
21735
21737
21739
21741
21743
21745
21747
21749
21751
21753
21755
21757
21759
21761
21763
21765
21767
21769
21771
21773
21775
21777
21779
21781
21783
21785
21787
21789
21791
21793
21795
21797
21799
21801
21803
21805
21807
21809
21811
)


// ************************************************************************* //
