/*--------------------------------*- C++ -*----------------------------------*\
| =========                 |                                                 |
| \\      /  F ield         | OpenFOAM: The Open Source CFD Toolbox           |
|  \\    /   O peration     | Version:  2212                                  |
|   \\  /    A nd           | Website:  www.openfoam.com                      |
|    \\/     M anipulation  |                                                 |
\*---------------------------------------------------------------------------*/
FoamFile
{
    version     2.0;
    format      ascii;
    arch        "LSB;label=32;scalar=64";
    class       vectorField;
    location    "constant/polyMesh";
    object      points;
}
// * * * * * * * * * * * * * * * * * * * * * * * * * * * * * * * * * * * * * //


2892
(
(68.9052 -195.363 0)
(68.9052 -195.363 0.05)
(71.2997 -208.357 0)
(71.2997 -208.357 0.05)
(73.9337 -222.65 0)
(73.9337 -222.65 0.05)
(68.4208 -172.812 0)
(68.4208 -172.812 0.05)
(70.3997 -183.551 0)
(70.3997 -183.551 0.05)
(72.5765 -195.363 0)
(72.5765 -195.363 0.05)
(74.9711 -208.357 0)
(74.9711 -208.357 0.05)
(77.605 -222.65 0)
(77.605 -222.65 0.05)
(68.8411 -154.175 0)
(68.8411 -154.175 0.05)
(70.4766 -163.05 0)
(70.4766 -163.05 0.05)
(72.2757 -172.812 0)
(72.2757 -172.812 0.05)
(74.2546 -183.551 0)
(74.2546 -183.551 0.05)
(76.4315 -195.363 0)
(76.4315 -195.363 0.05)
(78.826 -208.357 0)
(78.826 -208.357 0.05)
(81.4599 -222.65 0)
(81.4599 -222.65 0.05)
(68.8216 -132.104 0)
(68.8216 -132.104 0.05)
(70.0503 -138.772 0)
(70.0503 -138.772 0.05)
(71.402 -146.107 0)
(71.402 -146.107 0.05)
(72.8888 -154.175 0)
(72.8888 -154.175 0.05)
(74.5243 -163.05 0)
(74.5243 -163.05 0.05)
(76.3233 -172.812 0)
(76.3233 -172.812 0.05)
(78.3023 -183.551 0)
(78.3023 -183.551 0.05)
(80.4791 -195.363 0)
(80.4791 -195.363 0.05)
(82.8736 -208.357 0)
(82.8736 -208.357 0.05)
(85.5076 -222.65 0)
(85.5076 -222.65 0.05)
(68.1065 -105.018 0)
(68.1065 -105.018 0.05)
(69.1766 -110.968 0)
(69.1766 -110.968 0.05)
(70.0158 -115.522 0)
(70.0158 -115.522 0.05)
(70.939 -120.532 0)
(70.939 -120.532 0.05)
(71.9545 -126.042 0)
(71.9545 -126.042 0.05)
(73.0716 -132.104 0)
(73.0716 -132.104 0.05)
(74.3004 -138.772 0)
(74.3004 -138.772 0.05)
(75.652 -146.107 0)
(75.652 -146.107 0.05)
(77.1388 -154.175 0)
(77.1388 -154.175 0.05)
(78.7743 -163.05 0)
(78.7743 -163.05 0.05)
(80.5733 -172.812 0)
(80.5733 -172.812 0.05)
(82.5523 -183.551 0)
(82.5523 -183.551 0.05)
(84.7291 -195.363 0)
(84.7291 -195.363 0.05)
(87.1236 -208.357 0)
(87.1236 -208.357 0.05)
(89.7576 -222.65 0)
(89.7576 -222.65 0.05)
(67.9996 -79.6113 0)
(67.9996 -79.6113 0.05)
(68.8183 -84.1636 0)
(68.8183 -84.1636 0.05)
(69.6821 -88.9663 0)
(69.6821 -88.9663 0.05)
(70.5933 -94.0332 0)
(70.5933 -94.0332 0.05)
(71.5547 -99.3787 0)
(71.5547 -99.3787 0.05)
(72.569 -105.018 0)
(72.569 -105.018 0.05)
(73.6391 -110.968 0)
(73.6391 -110.968 0.05)
(74.4783 -115.522 0)
(74.4783 -115.522 0.05)
(75.4015 -120.532 0)
(75.4015 -120.532 0.05)
(76.4171 -126.042 0)
(76.4171 -126.042 0.05)
(77.5341 -132.104 0)
(77.5341 -132.104 0.05)
(78.7629 -138.772 0)
(78.7629 -138.772 0.05)
(80.1145 -146.107 0)
(80.1145 -146.107 0.05)
(81.6013 -154.175 0)
(81.6013 -154.175 0.05)
(83.2368 -163.05 0)
(83.2368 -163.05 0.05)
(85.0359 -172.812 0)
(85.0359 -172.812 0.05)
(87.0148 -183.551 0)
(87.0148 -183.551 0.05)
(89.1917 -195.363 0)
(89.1917 -195.363 0.05)
(91.5862 -208.357 0)
(91.5862 -208.357 0.05)
(94.2201 -222.65 0)
(94.2201 -222.65 0.05)
(68.0323 -53.7405 0)
(68.0323 -53.7405 0.05)
(68.5952 -56.87 0)
(68.5952 -56.87 0.05)
(69.189 -60.1715 0)
(69.189 -60.1715 0.05)
(69.8154 -63.6547 0)
(69.8154 -63.6547 0.05)
(70.4763 -67.3294 0)
(70.4763 -67.3294 0.05)
(71.1735 -71.2062 0)
(71.1735 -71.2062 0.05)
(71.9092 -75.2963 0)
(71.9092 -75.2963 0.05)
(72.6852 -79.6113 0)
(72.6852 -79.6113 0.05)
(73.504 -84.1636 0)
(73.504 -84.1636 0.05)
(74.3677 -88.9663 0)
(74.3677 -88.9663 0.05)
(75.279 -94.0332 0)
(75.279 -94.0332 0.05)
(76.2404 -99.3787 0)
(76.2404 -99.3787 0.05)
(77.2547 -105.018 0)
(77.2547 -105.018 0.05)
(78.3247 -110.968 0)
(78.3247 -110.968 0.05)
(79.164 -115.522 0)
(79.164 -115.522 0.05)
(80.0872 -120.532 0)
(80.0872 -120.532 0.05)
(81.1027 -126.042 0)
(81.1027 -126.042 0.05)
(82.2198 -132.104 0)
(82.2198 -132.104 0.05)
(83.4485 -138.772 0)
(83.4485 -138.772 0.05)
(84.8002 -146.107 0)
(84.8002 -146.107 0.05)
(86.287 -154.175 0)
(86.287 -154.175 0.05)
(87.9225 -163.05 0)
(87.9225 -163.05 0.05)
(89.7215 -172.812 0)
(89.7215 -172.812 0.05)
(91.7005 -183.551 0)
(91.7005 -183.551 0.05)
(93.8773 -195.363 0)
(93.8773 -195.363 0.05)
(96.2718 -208.357 0)
(96.2718 -208.357 0.05)
(98.9058 -222.65 0)
(98.9058 -222.65 0.05)
(68.1015 -26.7694 0)
(68.1015 -26.7694 0.05)
(68.3975 -28.4154 0)
(68.3975 -28.4154 0.05)
(68.7098 -30.152 0)
(68.7098 -30.152 0.05)
(69.0394 -31.9841 0)
(69.0394 -31.9841 0.05)
(69.387 -33.9169 0)
(69.387 -33.9169 0.05)
(69.7537 -35.956 0)
(69.7537 -35.956 0.05)
(70.1406 -38.1073 0)
(70.1406 -38.1073 0.05)
(70.5488 -40.3769 0)
(70.5488 -40.3769 0.05)
(70.9795 -42.7714 0)
(70.9795 -42.7714 0.05)
(71.4338 -45.2975 0)
(71.4338 -45.2975 0.05)
(71.9131 -47.9626 0)
(71.9131 -47.9626 0.05)
(72.4188 -50.7742 0)
(72.4188 -50.7742 0.05)
(72.9523 -53.7405 0)
(72.9523 -53.7405 0.05)
(73.5151 -56.87 0)
(73.5151 -56.87 0.05)
(74.1089 -60.1715 0)
(74.1089 -60.1715 0.05)
(74.7353 -63.6547 0)
(74.7353 -63.6547 0.05)
(75.3962 -67.3294 0)
(75.3962 -67.3294 0.05)
(76.0935 -71.2062 0)
(76.0935 -71.2062 0.05)
(76.8291 -75.2963 0)
(76.8291 -75.2963 0.05)
(77.6051 -79.6113 0)
(77.6051 -79.6113 0.05)
(78.4239 -84.1636 0)
(78.4239 -84.1636 0.05)
(79.2877 -88.9663 0)
(79.2877 -88.9663 0.05)
(80.1989 -94.0332 0)
(80.1989 -94.0332 0.05)
(81.1603 -99.3787 0)
(81.1603 -99.3787 0.05)
(82.1746 -105.018 0)
(82.1746 -105.018 0.05)
(83.2447 -110.968 0)
(83.2447 -110.968 0.05)
(84.0839 -115.522 0)
(84.0839 -115.522 0.05)
(85.0071 -120.532 0)
(85.0071 -120.532 0.05)
(86.0226 -126.042 0)
(86.0226 -126.042 0.05)
(87.1397 -132.104 0)
(87.1397 -132.104 0.05)
(88.3685 -138.772 0)
(88.3685 -138.772 0.05)
(89.7201 -146.107 0)
(89.7201 -146.107 0.05)
(91.2069 -154.175 0)
(91.2069 -154.175 0.05)
(92.8424 -163.05 0)
(92.8424 -163.05 0.05)
(94.6415 -172.812 0)
(94.6415 -172.812 0.05)
(96.6204 -183.551 0)
(96.6204 -183.551 0.05)
(98.7972 -195.363 0)
(98.7972 -195.363 0.05)
(101.192 -208.357 0)
(101.192 -208.357 0.05)
(103.826 -222.65 0)
(103.826 -222.65 0.05)
(68.4529 -5.0487e-06 0)
(68.4529 -5.0487e-06 0.05)
(68.4918 0.172166 0)
(68.4842 -0.173719 0)
(68.4918 0.172166 0.05)
(68.4842 -0.173719 0.05)
(68.5171 -0.356987 0)
(68.5171 -0.356987 0.05)
(68.5519 -0.550336 0)
(68.5519 -0.550336 0.05)
(68.5886 -0.754318 0)
(68.5886 -0.754318 0.05)
(68.6273 -0.969519 0)
(68.6273 -0.969519 0.05)
(68.6681 -1.19656 0)
(68.6681 -1.19656 0.05)
(68.7112 -1.43608 0)
(68.7112 -1.43608 0.05)
(68.7567 -1.68878 0)
(68.7567 -1.68878 0.05)
(68.8046 -1.95538 0)
(68.8046 -1.95538 0.05)
(68.8552 -2.23663 0)
(68.8552 -2.23663 0.05)
(68.9085 -2.53336 0)
(68.9085 -2.53336 0.05)
(68.9649 -2.84641 0)
(68.9649 -2.84641 0.05)
(69.0243 -3.17668 0)
(69.0243 -3.17668 0.05)
(69.0869 -3.52511 0)
(69.0869 -3.52511 0.05)
(69.153 -3.8927 0)
(69.153 -3.8927 0.05)
(69.2228 -4.28052 0)
(69.2228 -4.28052 0.05)
(69.2964 -4.68966 0)
(69.2964 -4.68966 0.05)
(69.374 -5.1213 0)
(69.374 -5.1213 0.05)
(69.4559 -5.57669 0)
(69.4559 -5.57669 0.05)
(69.5423 -6.05712 0)
(69.5423 -6.05712 0.05)
(69.6335 -6.56397 0)
(69.6335 -6.56397 0.05)
(69.7296 -7.09871 0)
(69.7296 -7.09871 0.05)
(69.8311 -7.66285 0)
(69.8311 -7.66285 0.05)
(69.9381 -8.25802 0)
(69.9381 -8.25802 0.05)
(70.0511 -8.88592 0)
(70.0511 -8.88592 0.05)
(70.1702 -9.54836 0)
(70.1702 -9.54836 0.05)
(70.2959 -10.2472 0)
(70.2959 -10.2472 0.05)
(70.4285 -10.9845 0)
(70.4285 -10.9845 0.05)
(70.5684 -11.7624 0)
(70.5684 -11.7624 0.05)
(70.716 -12.5831 0)
(70.716 -12.5831 0.05)
(70.8717 -13.4488 0)
(70.8717 -13.4488 0.05)
(71.036 -14.3622 0)
(71.036 -14.3622 0.05)
(71.2093 -15.3259 0)
(71.2093 -15.3259 0.05)
(71.3921 -16.3425 0)
(71.3921 -16.3425 0.05)
(71.585 -17.4151 0)
(71.585 -17.4151 0.05)
(71.7885 -18.5466 0)
(71.7885 -18.5466 0.05)
(72.0032 -19.7404 0)
(72.0032 -19.7404 0.05)
(72.2298 -20.9998 0)
(72.2298 -20.9998 0.05)
(72.4687 -22.3285 0)
(72.4687 -22.3285 0.05)
(72.7208 -23.7303 0)
(72.7208 -23.7303 0.05)
(72.9868 -25.2092 0)
(72.9868 -25.2092 0.05)
(73.2674 -26.7694 0)
(73.2674 -26.7694 0.05)
(73.5635 -28.4154 0)
(73.5635 -28.4154 0.05)
(73.8758 -30.152 0)
(73.8758 -30.152 0.05)
(74.2053 -31.9841 0)
(74.2053 -31.9841 0.05)
(74.5529 -33.9169 0)
(74.5529 -33.9169 0.05)
(74.9196 -35.956 0)
(74.9196 -35.956 0.05)
(75.3066 -38.1073 0)
(75.3066 -38.1073 0.05)
(75.7148 -40.3769 0)
(75.7148 -40.3769 0.05)
(76.1454 -42.7714 0)
(76.1454 -42.7714 0.05)
(76.5997 -45.2975 0)
(76.5997 -45.2975 0.05)
(77.079 -47.9626 0)
(77.079 -47.9626 0.05)
(77.5847 -50.7742 0)
(77.5847 -50.7742 0.05)
(78.1182 -53.7405 0)
(78.1182 -53.7405 0.05)
(78.681 -56.87 0)
(78.681 -56.87 0.05)
(79.2748 -60.1715 0)
(79.2748 -60.1715 0.05)
(79.9013 -63.6547 0)
(79.9013 -63.6547 0.05)
(80.5622 -67.3294 0)
(80.5622 -67.3294 0.05)
(81.2594 -71.2062 0)
(81.2594 -71.2062 0.05)
(81.995 -75.2963 0)
(81.995 -75.2963 0.05)
(82.7711 -79.6113 0)
(82.7711 -79.6113 0.05)
(83.5898 -84.1636 0)
(83.5898 -84.1636 0.05)
(84.4536 -88.9663 0)
(84.4536 -88.9663 0.05)
(85.3649 -94.0332 0)
(85.3649 -94.0332 0.05)
(86.3263 -99.3787 0)
(86.3263 -99.3787 0.05)
(87.3405 -105.018 0)
(87.3405 -105.018 0.05)
(88.4106 -110.968 0)
(88.4106 -110.968 0.05)
(89.2499 -115.522 0)
(89.2499 -115.522 0.05)
(90.1731 -120.532 0)
(90.1731 -120.532 0.05)
(91.1886 -126.042 0)
(91.1886 -126.042 0.05)
(92.3056 -132.104 0)
(92.3056 -132.104 0.05)
(93.5344 -138.772 0)
(93.5344 -138.772 0.05)
(94.8861 -146.107 0)
(94.8861 -146.107 0.05)
(96.3729 -154.175 0)
(96.3729 -154.175 0.05)
(98.0084 -163.05 0)
(98.0084 -163.05 0.05)
(99.8074 -172.812 0)
(99.8074 -172.812 0.05)
(101.786 -183.551 0)
(101.786 -183.551 0.05)
(103.963 -195.363 0)
(103.963 -195.363 0.05)
(106.358 -208.357 0)
(106.358 -208.357 0.05)
(108.992 -222.65 0)
(108.992 -222.65 0.05)
(73.8772 -5.0487e-06 0)
(73.8772 -5.0487e-06 0.05)
(73.916 0.172166 0)
(73.9084 -0.173719 0)
(73.916 0.172166 0.05)
(73.9084 -0.173719 0.05)
(73.9414 -0.356987 0)
(73.9414 -0.356987 0.05)
(73.9761 -0.550336 0)
(73.9761 -0.550336 0.05)
(74.0128 -0.754318 0)
(74.0128 -0.754318 0.05)
(74.0515 -0.969519 0)
(74.0515 -0.969519 0.05)
(74.0924 -1.19656 0)
(74.0924 -1.19656 0.05)
(74.1354 -1.43608 0)
(74.1354 -1.43608 0.05)
(74.1809 -1.68878 0)
(74.1809 -1.68878 0.05)
(74.2288 -1.95538 0)
(74.2288 -1.95538 0.05)
(74.2794 -2.23663 0)
(74.2794 -2.23663 0.05)
(74.3328 -2.53336 0)
(74.3328 -2.53336 0.05)
(74.3891 -2.84641 0)
(74.3891 -2.84641 0.05)
(74.4485 -3.17668 0)
(74.4485 -3.17668 0.05)
(74.5111 -3.52511 0)
(74.5111 -3.52511 0.05)
(74.5773 -3.8927 0)
(74.5773 -3.8927 0.05)
(74.647 -4.28052 0)
(74.647 -4.28052 0.05)
(74.7206 -4.68966 0)
(74.7206 -4.68966 0.05)
(74.7982 -5.1213 0)
(74.7982 -5.1213 0.05)
(74.8801 -5.57669 0)
(74.8801 -5.57669 0.05)
(74.9665 -6.05712 0)
(74.9665 -6.05712 0.05)
(75.0577 -6.56397 0)
(75.0577 -6.56397 0.05)
(75.1539 -7.09871 0)
(75.1539 -7.09871 0.05)
(75.2553 -7.66285 0)
(75.2553 -7.66285 0.05)
(75.3624 -8.25802 0)
(75.3624 -8.25802 0.05)
(75.4753 -8.88592 0)
(75.4753 -8.88592 0.05)
(75.5944 -9.54836 0)
(75.5944 -9.54836 0.05)
(75.7201 -10.2472 0)
(75.7201 -10.2472 0.05)
(75.8527 -10.9845 0)
(75.8527 -10.9845 0.05)
(75.9926 -11.7624 0)
(75.9926 -11.7624 0.05)
(76.1402 -12.5831 0)
(76.1402 -12.5831 0.05)
(76.2959 -13.4488 0)
(76.2959 -13.4488 0.05)
(76.4602 -14.3622 0)
(76.4602 -14.3622 0.05)
(76.6335 -15.3259 0)
(76.6335 -15.3259 0.05)
(76.8164 -16.3425 0)
(76.8164 -16.3425 0.05)
(77.0093 -17.4151 0)
(77.0093 -17.4151 0.05)
(77.2128 -18.5466 0)
(77.2128 -18.5466 0.05)
(77.4275 -19.7404 0)
(77.4275 -19.7404 0.05)
(77.654 -20.9998 0)
(77.654 -20.9998 0.05)
(77.893 -22.3285 0)
(77.893 -22.3285 0.05)
(78.1451 -23.7303 0)
(78.1451 -23.7303 0.05)
(78.411 -25.2092 0)
(78.411 -25.2092 0.05)
(78.6917 -26.7694 0)
(78.6917 -26.7694 0.05)
(78.9877 -28.4154 0)
(78.9877 -28.4154 0.05)
(79.3 -30.152 0)
(79.3 -30.152 0.05)
(79.6295 -31.9841 0)
(79.6295 -31.9841 0.05)
(79.9771 -33.9169 0)
(79.9771 -33.9169 0.05)
(80.3439 -35.956 0)
(80.3439 -35.956 0.05)
(80.7308 -38.1073 0)
(80.7308 -38.1073 0.05)
(81.139 -40.3769 0)
(81.139 -40.3769 0.05)
(81.5696 -42.7714 0)
(81.5696 -42.7714 0.05)
(82.024 -45.2975 0)
(82.024 -45.2975 0.05)
(82.5033 -47.9626 0)
(82.5033 -47.9626 0.05)
(83.0089 -50.7742 0)
(83.0089 -50.7742 0.05)
(83.5424 -53.7405 0)
(83.5424 -53.7405 0.05)
(84.1053 -56.87 0)
(84.1053 -56.87 0.05)
(84.6991 -60.1715 0)
(84.6991 -60.1715 0.05)
(85.3255 -63.6547 0)
(85.3255 -63.6547 0.05)
(85.9864 -67.3294 0)
(85.9864 -67.3294 0.05)
(86.6837 -71.2062 0)
(86.6837 -71.2062 0.05)
(87.4193 -75.2963 0)
(87.4193 -75.2963 0.05)
(88.1953 -79.6113 0)
(88.1953 -79.6113 0.05)
(89.0141 -84.1636 0)
(89.0141 -84.1636 0.05)
(89.8778 -88.9663 0)
(89.8778 -88.9663 0.05)
(90.7891 -94.0332 0)
(90.7891 -94.0332 0.05)
(91.7505 -99.3787 0)
(91.7505 -99.3787 0.05)
(92.7648 -105.018 0)
(92.7648 -105.018 0.05)
(93.8348 -110.968 0)
(93.8348 -110.968 0.05)
(94.6741 -115.522 0)
(94.6741 -115.522 0.05)
(95.5973 -120.532 0)
(95.5973 -120.532 0.05)
(96.6128 -126.042 0)
(96.6128 -126.042 0.05)
(97.7299 -132.104 0)
(97.7299 -132.104 0.05)
(98.9586 -138.772 0)
(98.9586 -138.772 0.05)
(100.31 -146.107 0)
(100.31 -146.107 0.05)
(101.797 -154.175 0)
(101.797 -154.175 0.05)
(103.433 -163.05 0)
(103.433 -163.05 0.05)
(105.232 -172.812 0)
(105.232 -172.812 0.05)
(107.211 -183.551 0)
(107.211 -183.551 0.05)
(109.387 -195.363 0)
(109.387 -195.363 0.05)
(111.782 -208.357 0)
(111.782 -208.357 0.05)
(114.416 -222.65 0)
(114.416 -222.65 0.05)
(79.5726 -5.0487e-06 0)
(79.5726 -5.0487e-06 0.05)
(79.6115 0.172166 0)
(79.6038 -0.173719 0)
(79.6115 0.172166 0.05)
(79.6038 -0.173719 0.05)
(79.6368 -0.356987 0)
(79.6368 -0.356987 0.05)
(79.6716 -0.550336 0)
(79.6716 -0.550336 0.05)
(79.7083 -0.754318 0)
(79.7083 -0.754318 0.05)
(79.747 -0.969519 0)
(79.747 -0.969519 0.05)
(79.7878 -1.19656 0)
(79.7878 -1.19656 0.05)
(79.8309 -1.43608 0)
(79.8309 -1.43608 0.05)
(79.8763 -1.68878 0)
(79.8763 -1.68878 0.05)
(79.9243 -1.95538 0)
(79.9243 -1.95538 0.05)
(79.9749 -2.23663 0)
(79.9749 -2.23663 0.05)
(80.0282 -2.53336 0)
(80.0282 -2.53336 0.05)
(80.0845 -2.84641 0)
(80.0845 -2.84641 0.05)
(80.1439 -3.17668 0)
(80.1439 -3.17668 0.05)
(80.2066 -3.52511 0)
(80.2066 -3.52511 0.05)
(80.2727 -3.8927 0)
(80.2727 -3.8927 0.05)
(80.3425 -4.28052 0)
(80.3425 -4.28052 0.05)
(80.416 -4.68966 0)
(80.416 -4.68966 0.05)
(80.4937 -5.1213 0)
(80.4937 -5.1213 0.05)
(80.5756 -5.57669 0)
(80.5756 -5.57669 0.05)
(80.662 -6.05712 0)
(80.662 -6.05712 0.05)
(80.7531 -6.56397 0)
(80.7531 -6.56397 0.05)
(80.8493 -7.09871 0)
(80.8493 -7.09871 0.05)
(80.9508 -7.66285 0)
(80.9508 -7.66285 0.05)
(81.0578 -8.25802 0)
(81.0578 -8.25802 0.05)
(81.1707 -8.88592 0)
(81.1707 -8.88592 0.05)
(81.2899 -9.54836 0)
(81.2899 -9.54836 0.05)
(81.4156 -10.2472 0)
(81.4156 -10.2472 0.05)
(81.5482 -10.9845 0)
(81.5482 -10.9845 0.05)
(81.6881 -11.7624 0)
(81.6881 -11.7624 0.05)
(81.8357 -12.5831 0)
(81.8357 -12.5831 0.05)
(81.9914 -13.4488 0)
(81.9914 -13.4488 0.05)
(82.1557 -14.3622 0)
(82.1557 -14.3622 0.05)
(82.329 -15.3259 0)
(82.329 -15.3259 0.05)
(82.5118 -16.3425 0)
(82.5118 -16.3425 0.05)
(82.7047 -17.4151 0)
(82.7047 -17.4151 0.05)
(82.9082 -18.5466 0)
(82.9082 -18.5466 0.05)
(83.1229 -19.7404 0)
(83.1229 -19.7404 0.05)
(83.3494 -20.9998 0)
(83.3494 -20.9998 0.05)
(83.5884 -22.3285 0)
(83.5884 -22.3285 0.05)
(83.8405 -23.7303 0)
(83.8405 -23.7303 0.05)
(84.1065 -25.2092 0)
(84.1065 -25.2092 0.05)
(84.3871 -26.7694 0)
(84.3871 -26.7694 0.05)
(84.6831 -28.4154 0)
(84.6831 -28.4154 0.05)
(84.9955 -30.152 0)
(84.9955 -30.152 0.05)
(85.325 -31.9841 0)
(85.325 -31.9841 0.05)
(85.6726 -33.9169 0)
(85.6726 -33.9169 0.05)
(86.0393 -35.956 0)
(86.0393 -35.956 0.05)
(86.4262 -38.1073 0)
(86.4262 -38.1073 0.05)
(86.8344 -40.3769 0)
(86.8344 -40.3769 0.05)
(87.2651 -42.7714 0)
(87.2651 -42.7714 0.05)
(87.7194 -45.2975 0)
(87.7194 -45.2975 0.05)
(88.1987 -47.9626 0)
(88.1987 -47.9626 0.05)
(88.7044 -50.7742 0)
(88.7044 -50.7742 0.05)
(89.2379 -53.7405 0)
(89.2379 -53.7405 0.05)
(89.8007 -56.87 0)
(89.8007 -56.87 0.05)
(90.3945 -60.1715 0)
(90.3945 -60.1715 0.05)
(91.0209 -63.6547 0)
(91.0209 -63.6547 0.05)
(91.6818 -67.3294 0)
(91.6818 -67.3294 0.05)
(92.3791 -71.2062 0)
(92.3791 -71.2062 0.05)
(93.1147 -75.2963 0)
(93.1147 -75.2963 0.05)
(93.8908 -79.6113 0)
(93.8908 -79.6113 0.05)
(94.7095 -84.1636 0)
(94.7095 -84.1636 0.05)
(95.5733 -88.9663 0)
(95.5733 -88.9663 0.05)
(96.4845 -94.0332 0)
(96.4845 -94.0332 0.05)
(97.4459 -99.3787 0)
(97.4459 -99.3787 0.05)
(98.4602 -105.018 0)
(98.4602 -105.018 0.05)
(99.5303 -110.968 0)
(99.5303 -110.968 0.05)
(100.37 -115.522 0)
(100.37 -115.522 0.05)
(101.293 -120.532 0)
(101.293 -120.532 0.05)
(102.308 -126.042 0)
(102.308 -126.042 0.05)
(103.425 -132.104 0)
(103.425 -132.104 0.05)
(104.654 -138.772 0)
(104.654 -138.772 0.05)
(106.006 -146.107 0)
(106.006 -146.107 0.05)
(107.493 -154.175 0)
(107.493 -154.175 0.05)
(109.128 -163.05 0)
(109.128 -163.05 0.05)
(110.927 -172.812 0)
(110.927 -172.812 0.05)
(112.906 -183.551 0)
(112.906 -183.551 0.05)
(115.083 -195.363 0)
(115.083 -195.363 0.05)
(117.477 -208.357 0)
(117.477 -208.357 0.05)
(120.111 -222.65 0)
(120.111 -222.65 0.05)
(85.5528 -5.0487e-06 0)
(85.5528 -5.0487e-06 0.05)
(85.5917 0.172166 0)
(85.5841 -0.173719 0)
(85.5917 0.172166 0.05)
(85.5841 -0.173719 0.05)
(85.617 -0.356987 0)
(85.617 -0.356987 0.05)
(85.6518 -0.550336 0)
(85.6518 -0.550336 0.05)
(85.6885 -0.754318 0)
(85.6885 -0.754318 0.05)
(85.7272 -0.969519 0)
(85.7272 -0.969519 0.05)
(85.768 -1.19656 0)
(85.768 -1.19656 0.05)
(85.8111 -1.43608 0)
(85.8111 -1.43608 0.05)
(85.8565 -1.68878 0)
(85.8565 -1.68878 0.05)
(85.9045 -1.95538 0)
(85.9045 -1.95538 0.05)
(85.9551 -2.23663 0)
(85.9551 -2.23663 0.05)
(86.0084 -2.53336 0)
(86.0084 -2.53336 0.05)
(86.0647 -2.84641 0)
(86.0647 -2.84641 0.05)
(86.1241 -3.17668 0)
(86.1241 -3.17668 0.05)
(86.1868 -3.52511 0)
(86.1868 -3.52511 0.05)
(86.2529 -3.8927 0)
(86.2529 -3.8927 0.05)
(86.3227 -4.28052 0)
(86.3227 -4.28052 0.05)
(86.3962 -4.68966 0)
(86.3962 -4.68966 0.05)
(86.4739 -5.1213 0)
(86.4739 -5.1213 0.05)
(86.5558 -5.57669 0)
(86.5558 -5.57669 0.05)
(86.6422 -6.05712 0)
(86.6422 -6.05712 0.05)
(86.7333 -6.56397 0)
(86.7333 -6.56397 0.05)
(86.8295 -7.09871 0)
(86.8295 -7.09871 0.05)
(86.931 -7.66285 0)
(86.931 -7.66285 0.05)
(87.038 -8.25802 0)
(87.038 -8.25802 0.05)
(87.151 -8.88592 0)
(87.151 -8.88592 0.05)
(87.2701 -9.54836 0)
(87.2701 -9.54836 0.05)
(87.3958 -10.2472 0)
(87.3958 -10.2472 0.05)
(87.5284 -10.9845 0)
(87.5284 -10.9845 0.05)
(87.6683 -11.7624 0)
(87.6683 -11.7624 0.05)
(87.8159 -12.5831 0)
(87.8159 -12.5831 0.05)
(87.9716 -13.4488 0)
(87.9716 -13.4488 0.05)
(88.1359 -14.3622 0)
(88.1359 -14.3622 0.05)
(88.3092 -15.3259 0)
(88.3092 -15.3259 0.05)
(88.492 -16.3425 0)
(88.492 -16.3425 0.05)
(88.6849 -17.4151 0)
(88.6849 -17.4151 0.05)
(88.8884 -18.5466 0)
(88.8884 -18.5466 0.05)
(89.1031 -19.7404 0)
(89.1031 -19.7404 0.05)
(89.3296 -20.9998 0)
(89.3296 -20.9998 0.05)
(89.5686 -22.3285 0)
(89.5686 -22.3285 0.05)
(89.8207 -23.7303 0)
(89.8207 -23.7303 0.05)
(90.0867 -25.2092 0)
(90.0867 -25.2092 0.05)
(90.3673 -26.7694 0)
(90.3673 -26.7694 0.05)
(90.6633 -28.4154 0)
(90.6633 -28.4154 0.05)
(90.9757 -30.152 0)
(90.9757 -30.152 0.05)
(91.3052 -31.9841 0)
(91.3052 -31.9841 0.05)
(91.6528 -33.9169 0)
(91.6528 -33.9169 0.05)
(92.0195 -35.956 0)
(92.0195 -35.956 0.05)
(92.4064 -38.1073 0)
(92.4064 -38.1073 0.05)
(92.8146 -40.3769 0)
(92.8146 -40.3769 0.05)
(93.2453 -42.7714 0)
(93.2453 -42.7714 0.05)
(93.6996 -45.2975 0)
(93.6996 -45.2975 0.05)
(94.1789 -47.9626 0)
(94.1789 -47.9626 0.05)
(94.6846 -50.7742 0)
(94.6846 -50.7742 0.05)
(95.2181 -53.7405 0)
(95.2181 -53.7405 0.05)
(95.7809 -56.87 0)
(95.7809 -56.87 0.05)
(96.3747 -60.1715 0)
(96.3747 -60.1715 0.05)
(97.0012 -63.6547 0)
(97.0012 -63.6547 0.05)
(97.6621 -67.3294 0)
(97.6621 -67.3294 0.05)
(98.3593 -71.2062 0)
(98.3593 -71.2062 0.05)
(99.0949 -75.2963 0)
(99.0949 -75.2963 0.05)
(99.871 -79.6113 0)
(99.871 -79.6113 0.05)
(100.69 -84.1636 0)
(100.69 -84.1636 0.05)
(101.553 -88.9663 0)
(101.553 -88.9663 0.05)
(102.465 -94.0332 0)
(102.465 -94.0332 0.05)
(103.426 -99.3787 0)
(103.426 -99.3787 0.05)
(104.44 -105.018 0)
(104.44 -105.018 0.05)
(105.51 -110.968 0)
(105.51 -110.968 0.05)
(106.35 -115.522 0)
(106.35 -115.522 0.05)
(107.273 -120.532 0)
(107.273 -120.532 0.05)
(108.288 -126.042 0)
(108.288 -126.042 0.05)
(109.406 -132.104 0)
(109.406 -132.104 0.05)
(110.634 -138.772 0)
(110.634 -138.772 0.05)
(111.986 -146.107 0)
(111.986 -146.107 0.05)
(113.473 -154.175 0)
(113.473 -154.175 0.05)
(115.108 -163.05 0)
(115.108 -163.05 0.05)
(116.907 -172.812 0)
(116.907 -172.812 0.05)
(118.886 -183.551 0)
(118.886 -183.551 0.05)
(121.063 -195.363 0)
(121.063 -195.363 0.05)
(123.458 -208.357 0)
(123.458 -208.357 0.05)
(126.092 -222.65 0)
(126.092 -222.65 0.05)
(91.832 -5.0487e-06 0)
(91.832 -5.0487e-06 0.05)
(91.8709 0.172166 0)
(91.8633 -0.173719 0)
(91.8709 0.172166 0.05)
(91.8633 -0.173719 0.05)
(91.8962 -0.356987 0)
(91.8962 -0.356987 0.05)
(91.931 -0.550336 0)
(91.931 -0.550336 0.05)
(91.9677 -0.754318 0)
(91.9677 -0.754318 0.05)
(92.0064 -0.969519 0)
(92.0064 -0.969519 0.05)
(92.0472 -1.19656 0)
(92.0472 -1.19656 0.05)
(92.0903 -1.43608 0)
(92.0903 -1.43608 0.05)
(92.1358 -1.68878 0)
(92.1358 -1.68878 0.05)
(92.1837 -1.95538 0)
(92.1837 -1.95538 0.05)
(92.2343 -2.23663 0)
(92.2343 -2.23663 0.05)
(92.2877 -2.53336 0)
(92.2877 -2.53336 0.05)
(92.344 -2.84641 0)
(92.344 -2.84641 0.05)
(92.4034 -3.17668 0)
(92.4034 -3.17668 0.05)
(92.466 -3.52511 0)
(92.466 -3.52511 0.05)
(92.5321 -3.8927 0)
(92.5321 -3.8927 0.05)
(92.6019 -4.28052 0)
(92.6019 -4.28052 0.05)
(92.6755 -4.68966 0)
(92.6755 -4.68966 0.05)
(92.7531 -5.1213 0)
(92.7531 -5.1213 0.05)
(92.835 -5.57669 0)
(92.835 -5.57669 0.05)
(92.9214 -6.05712 0)
(92.9214 -6.05712 0.05)
(93.0126 -6.56397 0)
(93.0126 -6.56397 0.05)
(93.1088 -7.09871 0)
(93.1088 -7.09871 0.05)
(93.2102 -7.66285 0)
(93.2102 -7.66285 0.05)
(93.3172 -8.25802 0)
(93.3172 -8.25802 0.05)
(93.4302 -8.88592 0)
(93.4302 -8.88592 0.05)
(93.5493 -9.54836 0)
(93.5493 -9.54836 0.05)
(93.675 -10.2472 0)
(93.675 -10.2472 0.05)
(93.8076 -10.9845 0)
(93.8076 -10.9845 0.05)
(93.9475 -11.7624 0)
(93.9475 -11.7624 0.05)
(94.0951 -12.5831 0)
(94.0951 -12.5831 0.05)
(94.2508 -13.4488 0)
(94.2508 -13.4488 0.05)
(94.4151 -14.3622 0)
(94.4151 -14.3622 0.05)
(94.5884 -15.3259 0)
(94.5884 -15.3259 0.05)
(94.7712 -16.3425 0)
(94.7712 -16.3425 0.05)
(94.9642 -17.4151 0)
(94.9642 -17.4151 0.05)
(95.1677 -18.5466 0)
(95.1677 -18.5466 0.05)
(95.3824 -19.7404 0)
(95.3824 -19.7404 0.05)
(95.6089 -20.9998 0)
(95.6089 -20.9998 0.05)
(95.8478 -22.3285 0)
(95.8478 -22.3285 0.05)
(96.1 -23.7303 0)
(96.1 -23.7303 0.05)
(96.3659 -25.2092 0)
(96.3659 -25.2092 0.05)
(96.6465 -26.7694 0)
(96.6465 -26.7694 0.05)
(96.9426 -28.4154 0)
(96.9426 -28.4154 0.05)
(97.2549 -30.152 0)
(97.2549 -30.152 0.05)
(97.5844 -31.9841 0)
(97.5844 -31.9841 0.05)
(97.932 -33.9169 0)
(97.932 -33.9169 0.05)
(98.2988 -35.956 0)
(98.2988 -35.956 0.05)
(98.6857 -38.1073 0)
(98.6857 -38.1073 0.05)
(99.0939 -40.3769 0)
(99.0939 -40.3769 0.05)
(99.5245 -42.7714 0)
(99.5245 -42.7714 0.05)
(99.9788 -45.2975 0)
(99.9788 -45.2975 0.05)
(100.458 -47.9626 0)
(100.458 -47.9626 0.05)
(100.964 -50.7742 0)
(100.964 -50.7742 0.05)
(101.497 -53.7405 0)
(101.497 -53.7405 0.05)
(102.06 -56.87 0)
(102.06 -56.87 0.05)
(102.654 -60.1715 0)
(102.654 -60.1715 0.05)
(103.28 -63.6547 0)
(103.28 -63.6547 0.05)
(103.941 -67.3294 0)
(103.941 -67.3294 0.05)
(104.639 -71.2062 0)
(104.639 -71.2062 0.05)
(105.374 -75.2963 0)
(105.374 -75.2963 0.05)
(106.15 -79.6113 0)
(106.15 -79.6113 0.05)
(106.969 -84.1636 0)
(106.969 -84.1636 0.05)
(107.833 -88.9663 0)
(107.833 -88.9663 0.05)
(108.744 -94.0332 0)
(108.744 -94.0332 0.05)
(109.705 -99.3787 0)
(109.705 -99.3787 0.05)
(110.72 -105.018 0)
(110.72 -105.018 0.05)
(111.79 -110.968 0)
(111.79 -110.968 0.05)
(112.629 -115.522 0)
(112.629 -115.522 0.05)
(113.552 -120.532 0)
(113.552 -120.532 0.05)
(114.568 -126.042 0)
(114.568 -126.042 0.05)
(115.685 -132.104 0)
(115.685 -132.104 0.05)
(116.914 -138.772 0)
(116.914 -138.772 0.05)
(118.265 -146.107 0)
(118.265 -146.107 0.05)
(119.752 -154.175 0)
(119.752 -154.175 0.05)
(121.387 -163.05 0)
(121.387 -163.05 0.05)
(123.187 -172.812 0)
(123.187 -172.812 0.05)
(125.165 -183.551 0)
(125.165 -183.551 0.05)
(127.342 -195.363 0)
(127.342 -195.363 0.05)
(129.737 -208.357 0)
(129.737 -208.357 0.05)
(132.371 -222.65 0)
(132.371 -222.65 0.05)
(98.4252 -5.0487e-06 0)
(98.4252 -5.0487e-06 0.05)
(98.4641 0.172166 0)
(98.4565 -0.173719 0)
(98.4641 0.172166 0.05)
(98.4565 -0.173719 0.05)
(98.4894 -0.356987 0)
(98.4894 -0.356987 0.05)
(98.5242 -0.550336 0)
(98.5242 -0.550336 0.05)
(98.5609 -0.754318 0)
(98.5609 -0.754318 0.05)
(98.5996 -0.969519 0)
(98.5996 -0.969519 0.05)
(98.6404 -1.19656 0)
(98.6404 -1.19656 0.05)
(98.6835 -1.43608 0)
(98.6835 -1.43608 0.05)
(98.729 -1.68878 0)
(98.729 -1.68878 0.05)
(98.7769 -1.95538 0)
(98.7769 -1.95538 0.05)
(98.8275 -2.23663 0)
(98.8275 -2.23663 0.05)
(98.8808 -2.53336 0)
(98.8808 -2.53336 0.05)
(98.9371 -2.84641 0)
(98.9371 -2.84641 0.05)
(98.9966 -3.17668 0)
(98.9966 -3.17668 0.05)
(99.0592 -3.52511 0)
(99.0592 -3.52511 0.05)
(99.1253 -3.8927 0)
(99.1253 -3.8927 0.05)
(99.1951 -4.28052 0)
(99.1951 -4.28052 0.05)
(99.2687 -4.68966 0)
(99.2687 -4.68966 0.05)
(99.3463 -5.1213 0)
(99.3463 -5.1213 0.05)
(99.4282 -5.57669 0)
(99.4282 -5.57669 0.05)
(99.5146 -6.05712 0)
(99.5146 -6.05712 0.05)
(99.6058 -6.56397 0)
(99.6058 -6.56397 0.05)
(99.7019 -7.09871 0)
(99.7019 -7.09871 0.05)
(99.8034 -7.66285 0)
(99.8034 -7.66285 0.05)
(99.9104 -8.25802 0)
(99.9104 -8.25802 0.05)
(100.023 -8.88592 0)
(100.023 -8.88592 0.05)
(100.142 -9.54836 0)
(100.142 -9.54836 0.05)
(100.268 -10.2472 0)
(100.268 -10.2472 0.05)
(100.401 -10.9845 0)
(100.401 -10.9845 0.05)
(100.541 -11.7624 0)
(100.541 -11.7624 0.05)
(100.688 -12.5831 0)
(100.688 -12.5831 0.05)
(100.844 -13.4488 0)
(100.844 -13.4488 0.05)
(101.008 -14.3622 0)
(101.008 -14.3622 0.05)
(101.182 -15.3259 0)
(101.182 -15.3259 0.05)
(101.364 -16.3425 0)
(101.364 -16.3425 0.05)
(101.557 -17.4151 0)
(101.557 -17.4151 0.05)
(101.761 -18.5466 0)
(101.761 -18.5466 0.05)
(101.976 -19.7404 0)
(101.976 -19.7404 0.05)
(102.202 -20.9998 0)
(102.202 -20.9998 0.05)
(102.441 -22.3285 0)
(102.441 -22.3285 0.05)
(102.693 -23.7303 0)
(102.693 -23.7303 0.05)
(102.959 -25.2092 0)
(102.959 -25.2092 0.05)
(103.24 -26.7694 0)
(103.24 -26.7694 0.05)
(103.536 -28.4154 0)
(103.536 -28.4154 0.05)
(103.848 -30.152 0)
(103.848 -30.152 0.05)
(104.178 -31.9841 0)
(104.178 -31.9841 0.05)
(104.525 -33.9169 0)
(104.525 -33.9169 0.05)
(104.892 -35.956 0)
(104.892 -35.956 0.05)
(105.279 -38.1073 0)
(105.279 -38.1073 0.05)
(105.687 -40.3769 0)
(105.687 -40.3769 0.05)
(106.118 -42.7714 0)
(106.118 -42.7714 0.05)
(106.572 -45.2975 0)
(106.572 -45.2975 0.05)
(107.051 -47.9626 0)
(107.051 -47.9626 0.05)
(107.557 -50.7742 0)
(107.557 -50.7742 0.05)
(108.091 -53.7405 0)
(108.091 -53.7405 0.05)
(108.653 -56.87 0)
(108.653 -56.87 0.05)
(109.247 -60.1715 0)
(109.247 -60.1715 0.05)
(109.874 -63.6547 0)
(109.874 -63.6547 0.05)
(110.534 -67.3294 0)
(110.534 -67.3294 0.05)
(111.232 -71.2062 0)
(111.232 -71.2062 0.05)
(111.967 -75.2963 0)
(111.967 -75.2963 0.05)
(112.743 -79.6113 0)
(112.743 -79.6113 0.05)
(113.562 -84.1636 0)
(113.562 -84.1636 0.05)
(114.426 -88.9663 0)
(114.426 -88.9663 0.05)
(115.337 -94.0332 0)
(115.337 -94.0332 0.05)
(116.299 -99.3787 0)
(116.299 -99.3787 0.05)
(117.313 -105.018 0)
(117.313 -105.018 0.05)
(118.383 -110.968 0)
(118.383 -110.968 0.05)
(119.222 -115.522 0)
(119.222 -115.522 0.05)
(120.145 -120.532 0)
(120.145 -120.532 0.05)
(121.161 -126.042 0)
(121.161 -126.042 0.05)
(122.278 -132.104 0)
(122.278 -132.104 0.05)
(123.507 -138.772 0)
(123.507 -138.772 0.05)
(124.858 -146.107 0)
(124.858 -146.107 0.05)
(126.345 -154.175 0)
(126.345 -154.175 0.05)
(127.981 -163.05 0)
(127.981 -163.05 0.05)
(129.78 -172.812 0)
(129.78 -172.812 0.05)
(131.759 -183.551 0)
(131.759 -183.551 0.05)
(133.935 -195.363 0)
(133.935 -195.363 0.05)
(136.33 -208.357 0)
(136.33 -208.357 0.05)
(138.964 -222.65 0)
(138.964 -222.65 0.05)
(109.387 -5.0487e-06 0)
(109.387 -5.0487e-06 0.05)
(109.423 0.172166 0)
(109.416 -0.173719 0)
(109.423 0.172166 0.05)
(109.416 -0.173719 0.05)
(109.446 -0.356987 0)
(109.446 -0.356987 0.05)
(109.478 -0.550336 0)
(109.478 -0.550336 0.05)
(109.512 -0.754318 0)
(109.512 -0.754318 0.05)
(109.547 -0.969519 0)
(109.547 -0.969519 0.05)
(109.585 -1.19656 0)
(109.585 -1.19656 0.05)
(109.625 -1.43608 0)
(109.625 -1.43608 0.05)
(109.666 -1.68878 0)
(109.666 -1.68878 0.05)
(109.711 -1.95538 0)
(109.711 -1.95538 0.05)
(109.757 -2.23663 0)
(109.757 -2.23663 0.05)
(109.806 -2.53336 0)
(109.806 -2.53336 0.05)
(109.858 -2.84641 0)
(109.858 -2.84641 0.05)
(109.913 -3.17668 0)
(109.913 -3.17668 0.05)
(109.97 -3.52511 0)
(109.97 -3.52511 0.05)
(110.031 -3.8927 0)
(110.031 -3.8927 0.05)
(110.096 -4.28052 0)
(110.096 -4.28052 0.05)
(110.163 -4.68966 0)
(110.163 -4.68966 0.05)
(110.235 -5.1213 0)
(110.235 -5.1213 0.05)
(110.31 -5.57669 0)
(110.31 -5.57669 0.05)
(110.39 -6.05712 0)
(110.39 -6.05712 0.05)
(110.474 -6.56397 0)
(110.474 -6.56397 0.05)
(110.562 -7.09871 0)
(110.562 -7.09871 0.05)
(110.655 -7.66285 0)
(110.655 -7.66285 0.05)
(110.754 -8.25802 0)
(110.754 -8.25802 0.05)
(110.858 -8.88592 0)
(110.858 -8.88592 0.05)
(110.968 -9.54836 0)
(110.968 -9.54836 0.05)
(111.083 -10.2472 0)
(111.083 -10.2472 0.05)
(111.205 -10.9845 0)
(111.205 -10.9845 0.05)
(111.334 -11.7624 0)
(111.334 -11.7624 0.05)
(111.47 -12.5831 0)
(111.47 -12.5831 0.05)
(111.613 -13.4488 0)
(111.613 -13.4488 0.05)
(111.765 -14.3622 0)
(111.765 -14.3622 0.05)
(111.924 -15.3259 0)
(111.924 -15.3259 0.05)
(112.092 -16.3425 0)
(112.092 -16.3425 0.05)
(112.27 -17.4151 0)
(112.27 -17.4151 0.05)
(112.457 -18.5466 0)
(112.457 -18.5466 0.05)
(112.655 -19.7404 0)
(112.655 -19.7404 0.05)
(112.863 -20.9998 0)
(112.863 -20.9998 0.05)
(113.083 -22.3285 0)
(113.083 -22.3285 0.05)
(113.315 -23.7303 0)
(113.315 -23.7303 0.05)
(113.56 -25.2092 0)
(113.56 -25.2092 0.05)
(113.819 -26.7694 0)
(113.819 -26.7694 0.05)
(114.091 -28.4154 0)
(114.091 -28.4154 0.05)
(114.379 -30.152 0)
(114.379 -30.152 0.05)
(114.682 -31.9841 0)
(114.682 -31.9841 0.05)
(115.002 -33.9169 0)
(115.002 -33.9169 0.05)
(115.339 -35.956 0)
(115.339 -35.956 0.05)
(115.696 -38.1073 0)
(115.696 -38.1073 0.05)
(116.071 -40.3769 0)
(116.071 -40.3769 0.05)
(116.468 -42.7714 0)
(116.468 -42.7714 0.05)
(116.886 -45.2975 0)
(116.886 -45.2975 0.05)
(117.327 -47.9626 0)
(117.327 -47.9626 0.05)
(117.793 -50.7742 0)
(117.793 -50.7742 0.05)
(118.284 -53.7405 0)
(118.284 -53.7405 0.05)
(118.802 -56.87 0)
(118.802 -56.87 0.05)
(119.348 -60.1715 0)
(119.348 -60.1715 0.05)
(119.925 -63.6547 0)
(119.925 -63.6547 0.05)
(120.533 -67.3294 0)
(120.533 -67.3294 0.05)
(121.175 -71.2062 0)
(121.175 -71.2062 0.05)
(121.852 -75.2963 0)
(121.852 -75.2963 0.05)
(122.567 -79.6113 0)
(122.567 -79.6113 0.05)
(123.32 -84.1636 0)
(123.32 -84.1636 0.05)
(124.115 -88.9663 0)
(124.115 -88.9663 0.05)
(124.954 -94.0332 0)
(124.954 -94.0332 0.05)
(125.839 -99.3787 0)
(125.839 -99.3787 0.05)
(126.773 -105.018 0)
(126.773 -105.018 0.05)
(127.758 -110.968 0)
(127.758 -110.968 0.05)
(128.53 -115.522 0)
(128.53 -115.522 0.05)
(129.38 -120.532 0)
(129.38 -120.532 0.05)
(130.315 -126.042 0)
(130.315 -126.042 0.05)
(131.343 -132.104 0)
(131.343 -132.104 0.05)
(132.474 -138.772 0)
(132.474 -138.772 0.05)
(133.718 -146.107 0)
(133.718 -146.107 0.05)
(135.087 -154.175 0)
(135.087 -154.175 0.05)
(136.593 -163.05 0)
(136.593 -163.05 0.05)
(138.249 -172.812 0)
(138.249 -172.812 0.05)
(140.07 -183.551 0)
(140.07 -183.551 0.05)
(142.074 -195.363 0)
(142.074 -195.363 0.05)
(144.278 -208.357 0)
(144.278 -208.357 0.05)
(146.703 -222.65 0)
(146.703 -222.65 0.05)
(120.897 -5.0487e-06 0)
(120.897 -5.0487e-06 0.05)
(120.929 0.172166 0)
(120.923 -0.173719 0)
(120.929 0.172166 0.05)
(120.923 -0.173719 0.05)
(120.95 -0.356987 0)
(120.95 -0.356987 0.05)
(120.98 -0.550336 0)
(120.98 -0.550336 0.05)
(121.01 -0.754318 0)
(121.01 -0.754318 0.05)
(121.043 -0.969519 0)
(121.043 -0.969519 0.05)
(121.077 -1.19656 0)
(121.077 -1.19656 0.05)
(121.113 -1.43608 0)
(121.113 -1.43608 0.05)
(121.151 -1.68878 0)
(121.151 -1.68878 0.05)
(121.191 -1.95538 0)
(121.191 -1.95538 0.05)
(121.233 -2.23663 0)
(121.233 -2.23663 0.05)
(121.278 -2.53336 0)
(121.278 -2.53336 0.05)
(121.325 -2.84641 0)
(121.325 -2.84641 0.05)
(121.375 -3.17668 0)
(121.375 -3.17668 0.05)
(121.427 -3.52511 0)
(121.427 -3.52511 0.05)
(121.483 -3.8927 0)
(121.483 -3.8927 0.05)
(121.541 -4.28052 0)
(121.541 -4.28052 0.05)
(121.603 -4.68966 0)
(121.603 -4.68966 0.05)
(121.668 -5.1213 0)
(121.668 -5.1213 0.05)
(121.736 -5.57669 0)
(121.736 -5.57669 0.05)
(121.808 -6.05712 0)
(121.808 -6.05712 0.05)
(121.885 -6.56397 0)
(121.885 -6.56397 0.05)
(121.965 -7.09871 0)
(121.965 -7.09871 0.05)
(122.05 -7.66285 0)
(122.05 -7.66285 0.05)
(122.14 -8.25802 0)
(122.14 -8.25802 0.05)
(122.234 -8.88592 0)
(122.234 -8.88592 0.05)
(122.334 -9.54836 0)
(122.334 -9.54836 0.05)
(122.439 -10.2472 0)
(122.439 -10.2472 0.05)
(122.55 -10.9845 0)
(122.55 -10.9845 0.05)
(122.667 -11.7624 0)
(122.667 -11.7624 0.05)
(122.791 -12.5831 0)
(122.791 -12.5831 0.05)
(122.921 -13.4488 0)
(122.921 -13.4488 0.05)
(123.059 -14.3622 0)
(123.059 -14.3622 0.05)
(123.204 -15.3259 0)
(123.204 -15.3259 0.05)
(123.357 -16.3425 0)
(123.357 -16.3425 0.05)
(123.518 -17.4151 0)
(123.518 -17.4151 0.05)
(123.689 -18.5466 0)
(123.689 -18.5466 0.05)
(123.868 -19.7404 0)
(123.868 -19.7404 0.05)
(124.058 -20.9998 0)
(124.058 -20.9998 0.05)
(124.258 -22.3285 0)
(124.258 -22.3285 0.05)
(124.469 -23.7303 0)
(124.469 -23.7303 0.05)
(124.692 -25.2092 0)
(124.692 -25.2092 0.05)
(124.926 -26.7694 0)
(124.926 -26.7694 0.05)
(125.174 -28.4154 0)
(125.174 -28.4154 0.05)
(125.436 -30.152 0)
(125.436 -30.152 0.05)
(125.711 -31.9841 0)
(125.711 -31.9841 0.05)
(126.002 -33.9169 0)
(126.002 -33.9169 0.05)
(126.309 -35.956 0)
(126.309 -35.956 0.05)
(126.633 -38.1073 0)
(126.633 -38.1073 0.05)
(126.975 -40.3769 0)
(126.975 -40.3769 0.05)
(127.335 -42.7714 0)
(127.335 -42.7714 0.05)
(127.716 -45.2975 0)
(127.716 -45.2975 0.05)
(128.117 -47.9626 0)
(128.117 -47.9626 0.05)
(128.54 -50.7742 0)
(128.54 -50.7742 0.05)
(128.987 -53.7405 0)
(128.987 -53.7405 0.05)
(129.458 -56.87 0)
(129.458 -56.87 0.05)
(129.955 -60.1715 0)
(129.955 -60.1715 0.05)
(130.479 -63.6547 0)
(130.479 -63.6547 0.05)
(131.032 -67.3294 0)
(131.032 -67.3294 0.05)
(131.616 -71.2062 0)
(131.616 -71.2062 0.05)
(132.232 -75.2963 0)
(132.232 -75.2963 0.05)
(132.881 -79.6113 0)
(132.881 -79.6113 0.05)
(133.566 -84.1636 0)
(133.566 -84.1636 0.05)
(134.289 -88.9663 0)
(134.289 -88.9663 0.05)
(135.052 -94.0332 0)
(135.052 -94.0332 0.05)
(135.857 -99.3787 0)
(135.857 -99.3787 0.05)
(136.706 -105.018 0)
(136.706 -105.018 0.05)
(137.602 -110.968 0)
(137.602 -110.968 0.05)
(138.304 -115.522 0)
(138.304 -115.522 0.05)
(139.077 -120.532 0)
(139.077 -120.532 0.05)
(139.927 -126.042 0)
(139.927 -126.042 0.05)
(140.862 -132.104 0)
(140.862 -132.104 0.05)
(141.89 -138.772 0)
(141.89 -138.772 0.05)
(143.022 -146.107 0)
(143.022 -146.107 0.05)
(144.266 -154.175 0)
(144.266 -154.175 0.05)
(145.635 -163.05 0)
(145.635 -163.05 0.05)
(147.141 -172.812 0)
(147.141 -172.812 0.05)
(148.797 -183.551 0)
(148.797 -183.551 0.05)
(150.619 -195.363 0)
(150.619 -195.363 0.05)
(152.624 -208.357 0)
(152.624 -208.357 0.05)
(154.828 -222.65 0)
(154.828 -222.65 0.05)
(132.982 -5.0487e-06 0)
(132.982 -5.0487e-06 0.05)
(133.011 0.172166 0)
(133.005 -0.173719 0)
(133.011 0.172166 0.05)
(133.005 -0.173719 0.05)
(133.042 0.353806 0)
(133.03 -0.356987 0)
(133.042 0.353806 0.05)
(133.03 -0.356987 0.05)
(133.056 -0.550336 0)
(133.056 -0.550336 0.05)
(133.084 -0.754318 0)
(133.084 -0.754318 0.05)
(133.113 -0.969519 0)
(133.113 -0.969519 0.05)
(133.143 -1.19656 0)
(133.143 -1.19656 0.05)
(133.175 -1.43608 0)
(133.175 -1.43608 0.05)
(133.21 -1.68878 0)
(133.21 -1.68878 0.05)
(133.245 -1.95538 0)
(133.245 -1.95538 0.05)
(133.283 -2.23663 0)
(133.283 -2.23663 0.05)
(133.323 -2.53336 0)
(133.323 -2.53336 0.05)
(133.366 -2.84641 0)
(133.366 -2.84641 0.05)
(133.41 -3.17668 0)
(133.41 -3.17668 0.05)
(133.457 -3.52511 0)
(133.457 -3.52511 0.05)
(133.507 -3.8927 0)
(133.507 -3.8927 0.05)
(133.559 -4.28052 0)
(133.559 -4.28052 0.05)
(133.614 -4.68966 0)
(133.614 -4.68966 0.05)
(133.672 -5.1213 0)
(133.672 -5.1213 0.05)
(133.733 -5.57669 0)
(133.733 -5.57669 0.05)
(133.798 -6.05712 0)
(133.798 -6.05712 0.05)
(133.867 -6.56397 0)
(133.867 -6.56397 0.05)
(133.939 -7.09871 0)
(133.939 -7.09871 0.05)
(134.015 -7.66285 0)
(134.015 -7.66285 0.05)
(134.095 -8.25802 0)
(134.095 -8.25802 0.05)
(134.179 -8.88592 0)
(134.179 -8.88592 0.05)
(134.269 -9.54836 0)
(134.269 -9.54836 0.05)
(134.363 -10.2472 0)
(134.363 -10.2472 0.05)
(134.462 -10.9845 0)
(134.462 -10.9845 0.05)
(134.567 -11.7624 0)
(134.567 -11.7624 0.05)
(134.678 -12.5831 0)
(134.678 -12.5831 0.05)
(134.794 -13.4488 0)
(134.794 -13.4488 0.05)
(134.918 -14.3622 0)
(134.918 -14.3622 0.05)
(135.047 -15.3259 0)
(135.047 -15.3259 0.05)
(135.184 -16.3425 0)
(135.184 -16.3425 0.05)
(135.329 -17.4151 0)
(135.329 -17.4151 0.05)
(135.481 -18.5466 0)
(135.481 -18.5466 0.05)
(135.642 -19.7404 0)
(135.642 -19.7404 0.05)
(135.812 -20.9998 0)
(135.812 -20.9998 0.05)
(135.991 -22.3285 0)
(135.991 -22.3285 0.05)
(136.18 -23.7303 0)
(136.18 -23.7303 0.05)
(136.379 -25.2092 0)
(136.379 -25.2092 0.05)
(136.59 -26.7694 0)
(136.59 -26.7694 0.05)
(136.812 -28.4154 0)
(136.812 -28.4154 0.05)
(137.046 -30.152 0)
(137.046 -30.152 0.05)
(137.293 -31.9841 0)
(137.293 -31.9841 0.05)
(137.553 -33.9169 0)
(137.553 -33.9169 0.05)
(137.828 -35.956 0)
(137.828 -35.956 0.05)
(138.118 -38.1073 0)
(138.118 -38.1073 0.05)
(138.424 -40.3769 0)
(138.424 -40.3769 0.05)
(138.746 -42.7714 0)
(138.746 -42.7714 0.05)
(139.087 -45.2975 0)
(139.087 -45.2975 0.05)
(139.446 -47.9626 0)
(139.446 -47.9626 0.05)
(139.825 -50.7742 0)
(139.825 -50.7742 0.05)
(140.225 -53.7405 0)
(140.225 -53.7405 0.05)
(140.646 -56.87 0)
(140.646 -56.87 0.05)
(141.091 -60.1715 0)
(141.091 -60.1715 0.05)
(141.561 -63.6547 0)
(141.561 -63.6547 0.05)
(142.056 -67.3294 0)
(142.056 -67.3294 0.05)
(142.579 -71.2062 0)
(142.579 -71.2062 0.05)
(143.13 -75.2963 0)
(143.13 -75.2963 0.05)
(143.711 -79.6113 0)
(143.711 -79.6113 0.05)
(144.325 -84.1636 0)
(144.325 -84.1636 0.05)
(144.972 -88.9663 0)
(144.972 -88.9663 0.05)
(145.655 -94.0332 0)
(145.655 -94.0332 0.05)
(146.376 -99.3787 0)
(146.376 -99.3787 0.05)
(147.136 -105.018 0)
(147.136 -105.018 0.05)
(147.937 -110.968 0)
(147.937 -110.968 0.05)
(148.566 -115.522 0)
(148.566 -115.522 0.05)
(149.258 -120.532 0)
(149.258 -120.532 0.05)
(150.019 -126.042 0)
(150.019 -126.042 0.05)
(150.856 -132.104 0)
(150.856 -132.104 0.05)
(151.777 -138.772 0)
(151.777 -138.772 0.05)
(152.79 -146.107 0)
(152.79 -146.107 0.05)
(153.904 -154.175 0)
(153.904 -154.175 0.05)
(155.13 -163.05 0)
(155.13 -163.05 0.05)
(156.478 -172.812 0)
(156.478 -172.812 0.05)
(157.961 -183.551 0)
(157.961 -183.551 0.05)
(159.592 -195.363 0)
(159.592 -195.363 0.05)
(161.386 -208.357 0)
(161.386 -208.357 0.05)
(163.36 -222.65 0)
(163.36 -222.65 0.05)
(145.671 -5.0487e-06 0)
(145.671 -5.0487e-06 0.05)
(145.697 0.172166 0)
(145.692 -0.173719 0)
(145.697 0.172166 0.05)
(145.692 -0.173719 0.05)
(145.724 0.353806 0)
(145.714 -0.356987 0)
(145.724 0.353806 0.05)
(145.714 -0.356987 0.05)
(145.736 -0.550336 0)
(145.736 -0.550336 0.05)
(145.761 -0.754318 0)
(145.761 -0.754318 0.05)
(145.786 -0.969519 0)
(145.786 -0.969519 0.05)
(145.813 -1.19656 0)
(145.813 -1.19656 0.05)
(145.841 -1.43608 0)
(145.841 -1.43608 0.05)
(145.871 -1.68878 0)
(145.871 -1.68878 0.05)
(145.903 -1.95538 0)
(145.903 -1.95538 0.05)
(145.936 -2.23663 0)
(145.936 -2.23663 0.05)
(145.971 -2.53336 0)
(145.971 -2.53336 0.05)
(146.008 -2.84641 0)
(146.008 -2.84641 0.05)
(146.047 -3.17668 0)
(146.047 -3.17668 0.05)
(146.088 -3.52511 0)
(146.088 -3.52511 0.05)
(146.132 -3.8927 0)
(146.132 -3.8927 0.05)
(146.177 -4.28052 0)
(146.177 -4.28052 0.05)
(146.226 -4.68966 0)
(146.226 -4.68966 0.05)
(146.277 -5.1213 0)
(146.277 -5.1213 0.05)
(146.331 -5.57669 0)
(146.331 -5.57669 0.05)
(146.388 -6.05712 0)
(146.388 -6.05712 0.05)
(146.447 -6.56397 0)
(146.447 -6.56397 0.05)
(146.511 -7.09871 0)
(146.511 -7.09871 0.05)
(146.577 -7.66285 0)
(146.577 -7.66285 0.05)
(146.648 -8.25802 0)
(146.648 -8.25802 0.05)
(146.722 -8.88592 0)
(146.722 -8.88592 0.05)
(146.8 -9.54836 0)
(146.8 -9.54836 0.05)
(146.883 -10.2472 0)
(146.883 -10.2472 0.05)
(146.97 -10.9845 0)
(146.97 -10.9845 0.05)
(147.062 -11.7624 0)
(147.062 -11.7624 0.05)
(147.159 -12.5831 0)
(147.159 -12.5831 0.05)
(147.261 -13.4488 0)
(147.261 -13.4488 0.05)
(147.369 -14.3622 0)
(147.369 -14.3622 0.05)
(147.483 -15.3259 0)
(147.483 -15.3259 0.05)
(147.603 -16.3425 0)
(147.603 -16.3425 0.05)
(147.73 -17.4151 0)
(147.73 -17.4151 0.05)
(147.864 -18.5466 0)
(147.864 -18.5466 0.05)
(148.005 -19.7404 0)
(148.005 -19.7404 0.05)
(148.154 -20.9998 0)
(148.154 -20.9998 0.05)
(148.311 -22.3285 0)
(148.311 -22.3285 0.05)
(148.477 -23.7303 0)
(148.477 -23.7303 0.05)
(148.652 -25.2092 0)
(148.652 -25.2092 0.05)
(148.836 -26.7694 0)
(148.836 -26.7694 0.05)
(149.031 -28.4154 0)
(149.031 -28.4154 0.05)
(149.236 -30.152 0)
(149.236 -30.152 0.05)
(149.453 -31.9841 0)
(149.453 -31.9841 0.05)
(149.681 -33.9169 0)
(149.681 -33.9169 0.05)
(149.922 -35.956 0)
(149.922 -35.956 0.05)
(150.176 -38.1073 0)
(150.176 -38.1073 0.05)
(150.445 -40.3769 0)
(150.445 -40.3769 0.05)
(150.728 -42.7714 0)
(150.728 -42.7714 0.05)
(151.027 -45.2975 0)
(151.027 -45.2975 0.05)
(151.342 -47.9626 0)
(151.342 -47.9626 0.05)
(151.674 -50.7742 0)
(151.674 -50.7742 0.05)
(152.025 -53.7405 0)
(152.025 -53.7405 0.05)
(152.395 -56.87 0)
(152.395 -56.87 0.05)
(152.785 -60.1715 0)
(152.785 -60.1715 0.05)
(153.197 -63.6547 0)
(153.197 -63.6547 0.05)
(153.631 -67.3294 0)
(153.631 -67.3294 0.05)
(154.089 -71.2062 0)
(154.089 -71.2062 0.05)
(154.573 -75.2963 0)
(154.573 -75.2963 0.05)
(155.083 -79.6113 0)
(155.083 -79.6113 0.05)
(155.621 -84.1636 0)
(155.621 -84.1636 0.05)
(156.189 -88.9663 0)
(156.189 -88.9663 0.05)
(156.788 -94.0332 0)
(156.788 -94.0332 0.05)
(157.42 -99.3787 0)
(157.42 -99.3787 0.05)
(158.087 -105.018 0)
(158.087 -105.018 0.05)
(158.79 -110.968 0)
(158.79 -110.968 0.05)
(159.342 -115.522 0)
(159.342 -115.522 0.05)
(159.949 -120.532 0)
(159.949 -120.532 0.05)
(160.616 -126.042 0)
(160.616 -126.042 0.05)
(161.35 -132.104 0)
(161.35 -132.104 0.05)
(162.158 -138.772 0)
(162.158 -138.772 0.05)
(163.047 -146.107 0)
(163.047 -146.107 0.05)
(164.024 -154.175 0)
(164.024 -154.175 0.05)
(165.099 -163.05 0)
(165.099 -163.05 0.05)
(166.282 -172.812 0)
(166.282 -172.812 0.05)
(167.582 -183.551 0)
(167.582 -183.551 0.05)
(169.013 -195.363 0)
(169.013 -195.363 0.05)
(170.587 -208.357 0)
(170.587 -208.357 0.05)
(172.319 -222.65 0)
(172.319 -222.65 0.05)
(158.995 -5.0487e-06 0)
(158.995 -5.0487e-06 0.05)
(159.017 0.172166 0)
(159.013 -0.173719 0)
(159.017 0.172166 0.05)
(159.013 -0.173719 0.05)
(159.04 0.353806 0)
(159.031 -0.356987 0)
(159.04 0.353806 0.05)
(159.031 -0.356987 0.05)
(159.051 -0.550336 0)
(159.051 -0.550336 0.05)
(159.071 -0.754318 0)
(159.071 -0.754318 0.05)
(159.093 -0.969519 0)
(159.093 -0.969519 0.05)
(159.116 -1.19656 0)
(159.116 -1.19656 0.05)
(159.14 -1.43608 0)
(159.14 -1.43608 0.05)
(159.166 -1.68878 0)
(159.166 -1.68878 0.05)
(159.193 -1.95538 0)
(159.193 -1.95538 0.05)
(159.221 -2.23663 0)
(159.221 -2.23663 0.05)
(159.251 -2.53336 0)
(159.251 -2.53336 0.05)
(159.282 -2.84641 0)
(159.282 -2.84641 0.05)
(159.316 -3.17668 0)
(159.316 -3.17668 0.05)
(159.351 -3.52511 0)
(159.351 -3.52511 0.05)
(159.388 -3.8927 0)
(159.388 -3.8927 0.05)
(159.427 -4.28052 0)
(159.427 -4.28052 0.05)
(159.468 -4.68966 0)
(159.468 -4.68966 0.05)
(159.512 -5.1213 0)
(159.512 -5.1213 0.05)
(159.558 -5.57669 0)
(159.558 -5.57669 0.05)
(159.606 -6.05712 0)
(159.606 -6.05712 0.05)
(159.657 -6.56397 0)
(159.657 -6.56397 0.05)
(159.711 -7.09871 0)
(159.711 -7.09871 0.05)
(159.768 -7.66285 0)
(159.768 -7.66285 0.05)
(159.828 -8.25802 0)
(159.828 -8.25802 0.05)
(159.891 -8.88592 0)
(159.891 -8.88592 0.05)
(159.958 -9.54836 0)
(159.958 -9.54836 0.05)
(160.029 -10.2472 0)
(160.029 -10.2472 0.05)
(160.103 -10.9845 0)
(160.103 -10.9845 0.05)
(160.182 -11.7624 0)
(160.182 -11.7624 0.05)
(160.264 -12.5831 0)
(160.264 -12.5831 0.05)
(160.352 -13.4488 0)
(160.352 -13.4488 0.05)
(160.444 -14.3622 0)
(160.444 -14.3622 0.05)
(160.541 -15.3259 0)
(160.541 -15.3259 0.05)
(160.643 -16.3425 0)
(160.643 -16.3425 0.05)
(160.752 -17.4151 0)
(160.752 -17.4151 0.05)
(160.866 -18.5466 0)
(160.866 -18.5466 0.05)
(160.986 -19.7404 0)
(160.986 -19.7404 0.05)
(161.113 -20.9998 0)
(161.113 -20.9998 0.05)
(161.247 -22.3285 0)
(161.247 -22.3285 0.05)
(161.388 -23.7303 0)
(161.388 -23.7303 0.05)
(161.538 -25.2092 0)
(161.538 -25.2092 0.05)
(161.695 -26.7694 0)
(161.695 -26.7694 0.05)
(161.861 -28.4154 0)
(161.861 -28.4154 0.05)
(162.036 -30.152 0)
(162.036 -30.152 0.05)
(162.221 -31.9841 0)
(162.221 -31.9841 0.05)
(162.416 -33.9169 0)
(162.416 -33.9169 0.05)
(162.621 -35.956 0)
(162.621 -35.956 0.05)
(162.838 -38.1073 0)
(162.838 -38.1073 0.05)
(163.067 -40.3769 0)
(163.067 -40.3769 0.05)
(163.308 -42.7714 0)
(163.308 -42.7714 0.05)
(163.563 -45.2975 0)
(163.563 -45.2975 0.05)
(163.832 -47.9626 0)
(163.832 -47.9626 0.05)
(164.115 -50.7742 0)
(164.115 -50.7742 0.05)
(164.415 -53.7405 0)
(164.415 -53.7405 0.05)
(164.73 -56.87 0)
(164.73 -56.87 0.05)
(165.063 -60.1715 0)
(165.063 -60.1715 0.05)
(165.414 -63.6547 0)
(165.414 -63.6547 0.05)
(165.785 -67.3294 0)
(165.785 -67.3294 0.05)
(166.176 -71.2062 0)
(166.176 -71.2062 0.05)
(166.588 -75.2963 0)
(166.588 -75.2963 0.05)
(167.023 -79.6113 0)
(167.023 -79.6113 0.05)
(167.482 -84.1636 0)
(167.482 -84.1636 0.05)
(167.967 -88.9663 0)
(167.967 -88.9663 0.05)
(168.478 -94.0332 0)
(168.478 -94.0332 0.05)
(169.017 -99.3787 0)
(169.017 -99.3787 0.05)
(169.585 -105.018 0)
(169.585 -105.018 0.05)
(170.185 -110.968 0)
(170.185 -110.968 0.05)
(170.656 -115.522 0)
(170.656 -115.522 0.05)
(171.174 -120.532 0)
(171.174 -120.532 0.05)
(171.743 -126.042 0)
(171.743 -126.042 0.05)
(172.369 -132.104 0)
(172.369 -132.104 0.05)
(173.058 -138.772 0)
(173.058 -138.772 0.05)
(173.816 -146.107 0)
(173.816 -146.107 0.05)
(174.65 -154.175 0)
(174.65 -154.175 0.05)
(175.567 -163.05 0)
(175.567 -163.05 0.05)
(176.575 -172.812 0)
(176.575 -172.812 0.05)
(177.685 -183.551 0)
(177.685 -183.551 0.05)
(178.906 -195.363 0)
(178.906 -195.363 0.05)
(180.248 -208.357 0)
(180.248 -208.357 0.05)
(181.725 -222.65 0)
(181.725 -222.65 0.05)
(172.986 -5.0487e-06 0)
(172.986 -5.0487e-06 0.05)
(173.003 0.172166 0)
(173 -0.173719 0)
(173.003 0.172166 0.05)
(173 -0.173719 0.05)
(173.022 0.353806 0)
(173.015 -0.356987 0)
(173.022 0.353806 0.05)
(173.015 -0.356987 0.05)
(173.031 -0.550336 0)
(173.031 -0.550336 0.05)
(173.048 -0.754318 0)
(173.048 -0.754318 0.05)
(173.066 -0.969519 0)
(173.066 -0.969519 0.05)
(173.084 -1.19656 0)
(173.084 -1.19656 0.05)
(173.104 -1.43608 0)
(173.104 -1.43608 0.05)
(173.125 -1.68878 0)
(173.125 -1.68878 0.05)
(173.147 -1.95538 0)
(173.147 -1.95538 0.05)
(173.17 -2.23663 0)
(173.17 -2.23663 0.05)
(173.195 -2.53336 0)
(173.195 -2.53336 0.05)
(173.221 -2.84641 0)
(173.221 -2.84641 0.05)
(173.248 -3.17668 0)
(173.248 -3.17668 0.05)
(173.277 -3.52511 0)
(173.277 -3.52511 0.05)
(173.307 -3.8927 0)
(173.307 -3.8927 0.05)
(173.339 -4.28052 0)
(173.339 -4.28052 0.05)
(173.373 -4.68966 0)
(173.373 -4.68966 0.05)
(173.409 -5.1213 0)
(173.409 -5.1213 0.05)
(173.446 -5.57669 0)
(173.446 -5.57669 0.05)
(173.486 -6.05712 0)
(173.486 -6.05712 0.05)
(173.528 -6.56397 0)
(173.528 -6.56397 0.05)
(173.572 -7.09871 0)
(173.572 -7.09871 0.05)
(173.618 -7.66285 0)
(173.618 -7.66285 0.05)
(173.668 -8.25802 0)
(173.668 -8.25802 0.05)
(173.719 -8.88592 0)
(173.719 -8.88592 0.05)
(173.774 -9.54836 0)
(173.774 -9.54836 0.05)
(173.832 -10.2472 0)
(173.832 -10.2472 0.05)
(173.893 -10.9845 0)
(173.893 -10.9845 0.05)
(173.957 -11.7624 0)
(173.957 -11.7624 0.05)
(174.025 -12.5831 0)
(174.025 -12.5831 0.05)
(174.096 -13.4488 0)
(174.096 -13.4488 0.05)
(174.172 -14.3622 0)
(174.172 -14.3622 0.05)
(174.251 -15.3259 0)
(174.251 -15.3259 0.05)
(174.335 -16.3425 0)
(174.335 -16.3425 0.05)
(174.424 -17.4151 0)
(174.424 -17.4151 0.05)
(174.517 -18.5466 0)
(174.517 -18.5466 0.05)
(174.616 -19.7404 0)
(174.616 -19.7404 0.05)
(174.72 -20.9998 0)
(174.72 -20.9998 0.05)
(174.83 -22.3285 0)
(174.83 -22.3285 0.05)
(174.945 -23.7303 0)
(174.945 -23.7303 0.05)
(175.068 -25.2092 0)
(175.068 -25.2092 0.05)
(175.196 -26.7694 0)
(175.196 -26.7694 0.05)
(175.332 -28.4154 0)
(175.332 -28.4154 0.05)
(175.476 -30.152 0)
(175.476 -30.152 0.05)
(175.627 -31.9841 0)
(175.627 -31.9841 0.05)
(175.787 -33.9169 0)
(175.787 -33.9169 0.05)
(175.955 -35.956 0)
(175.955 -35.956 0.05)
(176.133 -38.1073 0)
(176.133 -38.1073 0.05)
(176.32 -40.3769 0)
(176.32 -40.3769 0.05)
(176.518 -42.7714 0)
(176.518 -42.7714 0.05)
(176.727 -45.2975 0)
(176.727 -45.2975 0.05)
(176.947 -47.9626 0)
(176.947 -47.9626 0.05)
(177.179 -50.7742 0)
(177.179 -50.7742 0.05)
(177.424 -53.7405 0)
(177.424 -53.7405 0.05)
(177.683 -56.87 0)
(177.683 -56.87 0.05)
(177.955 -60.1715 0)
(177.955 -60.1715 0.05)
(178.243 -63.6547 0)
(178.243 -63.6547 0.05)
(178.546 -67.3294 0)
(178.546 -67.3294 0.05)
(178.867 -71.2062 0)
(178.867 -71.2062 0.05)
(179.204 -75.2963 0)
(179.204 -75.2963 0.05)
(179.561 -79.6113 0)
(179.561 -79.6113 0.05)
(179.937 -84.1636 0)
(179.937 -84.1636 0.05)
(180.333 -88.9663 0)
(180.333 -88.9663 0.05)
(180.752 -94.0332 0)
(180.752 -94.0332 0.05)
(181.193 -99.3787 0)
(181.193 -99.3787 0.05)
(181.659 -105.018 0)
(181.659 -105.018 0.05)
(182.15 -110.968 0)
(182.15 -110.968 0.05)
(182.536 -115.522 0)
(182.536 -115.522 0.05)
(182.96 -120.532 0)
(182.96 -120.532 0.05)
(183.426 -126.042 0)
(183.426 -126.042 0.05)
(183.939 -132.104 0)
(183.939 -132.104 0.05)
(184.503 -138.772 0)
(184.503 -138.772 0.05)
(185.124 -146.107 0)
(185.124 -146.107 0.05)
(185.807 -154.175 0)
(185.807 -154.175 0.05)
(186.558 -163.05 0)
(186.558 -163.05 0.05)
(187.384 -172.812 0)
(187.384 -172.812 0.05)
(188.293 -183.551 0)
(188.293 -183.551 0.05)
(189.292 -195.363 0)
(189.292 -195.363 0.05)
(190.392 -208.357 0)
(190.392 -208.357 0.05)
(191.602 -222.65 0)
(191.602 -222.65 0.05)
(187.675 -5.0487e-06 0)
(187.675 -5.0487e-06 0.05)
(187.689 0.172166 0)
(187.686 -0.173719 0)
(187.689 0.172166 0.05)
(187.686 -0.173719 0.05)
(187.703 0.353806 0)
(187.698 -0.356987 0)
(187.703 0.353806 0.05)
(187.698 -0.356987 0.05)
(187.71 -0.550336 0)
(187.71 -0.550336 0.05)
(187.723 -0.754318 0)
(187.723 -0.754318 0.05)
(187.737 -0.969519 0)
(187.737 -0.969519 0.05)
(187.751 -1.19656 0)
(187.751 -1.19656 0.05)
(187.766 -1.43608 0)
(187.766 -1.43608 0.05)
(187.782 -1.68878 0)
(187.782 -1.68878 0.05)
(187.799 -1.95538 0)
(187.799 -1.95538 0.05)
(187.817 -2.23663 0)
(187.817 -2.23663 0.05)
(187.836 -2.53336 0)
(187.836 -2.53336 0.05)
(187.856 -2.84641 0)
(187.856 -2.84641 0.05)
(187.877 -3.17668 0)
(187.877 -3.17668 0.05)
(187.899 -3.52511 0)
(187.899 -3.52511 0.05)
(187.922 -3.8927 0)
(187.922 -3.8927 0.05)
(187.947 -4.28052 0)
(187.947 -4.28052 0.05)
(187.973 -4.68966 0)
(187.973 -4.68966 0.05)
(188 -5.1213 0)
(188 -5.1213 0.05)
(188.029 -5.57669 0)
(188.029 -5.57669 0.05)
(188.059 -6.05712 0)
(188.059 -6.05712 0.05)
(188.092 -6.56397 0)
(188.092 -6.56397 0.05)
(188.126 -7.09871 0)
(188.126 -7.09871 0.05)
(188.161 -7.66285 0)
(188.161 -7.66285 0.05)
(188.199 -8.25802 0)
(188.199 -8.25802 0.05)
(188.239 -8.88592 0)
(188.239 -8.88592 0.05)
(188.281 -9.54836 0)
(188.281 -9.54836 0.05)
(188.325 -10.2472 0)
(188.325 -10.2472 0.05)
(188.372 -10.9845 0)
(188.372 -10.9845 0.05)
(188.421 -11.7624 0)
(188.421 -11.7624 0.05)
(188.473 -12.5831 0)
(188.473 -12.5831 0.05)
(188.528 -13.4488 0)
(188.528 -13.4488 0.05)
(188.586 -14.3622 0)
(188.586 -14.3622 0.05)
(188.647 -15.3259 0)
(188.647 -15.3259 0.05)
(188.712 -16.3425 0)
(188.712 -16.3425 0.05)
(188.78 -17.4151 0)
(188.78 -17.4151 0.05)
(188.852 -18.5466 0)
(188.852 -18.5466 0.05)
(188.927 -19.7404 0)
(188.927 -19.7404 0.05)
(189.007 -20.9998 0)
(189.007 -20.9998 0.05)
(189.092 -22.3285 0)
(189.092 -22.3285 0.05)
(189.18 -23.7303 0)
(189.18 -23.7303 0.05)
(189.274 -25.2092 0)
(189.274 -25.2092 0.05)
(189.373 -26.7694 0)
(189.373 -26.7694 0.05)
(189.478 -28.4154 0)
(189.478 -28.4154 0.05)
(189.588 -30.152 0)
(189.588 -30.152 0.05)
(189.704 -31.9841 0)
(189.704 -31.9841 0.05)
(189.827 -33.9169 0)
(189.827 -33.9169 0.05)
(189.956 -35.956 0)
(189.956 -35.956 0.05)
(190.092 -38.1073 0)
(190.092 -38.1073 0.05)
(190.236 -40.3769 0)
(190.236 -40.3769 0.05)
(190.388 -42.7714 0)
(190.388 -42.7714 0.05)
(190.548 -45.2975 0)
(190.548 -45.2975 0.05)
(190.717 -47.9626 0)
(190.717 -47.9626 0.05)
(190.896 -50.7742 0)
(190.896 -50.7742 0.05)
(191.084 -53.7405 0)
(191.084 -53.7405 0.05)
(191.282 -56.87 0)
(191.282 -56.87 0.05)
(191.492 -60.1715 0)
(191.492 -60.1715 0.05)
(191.713 -63.6547 0)
(191.713 -63.6547 0.05)
(191.946 -67.3294 0)
(191.946 -67.3294 0.05)
(192.192 -71.2062 0)
(192.192 -71.2062 0.05)
(192.451 -75.2963 0)
(192.451 -75.2963 0.05)
(192.725 -79.6113 0)
(192.725 -79.6113 0.05)
(193.014 -84.1636 0)
(193.014 -84.1636 0.05)
(193.318 -88.9663 0)
(193.318 -88.9663 0.05)
(193.64 -94.0332 0)
(193.64 -94.0332 0.05)
(193.979 -99.3787 0)
(193.979 -99.3787 0.05)
(194.336 -105.018 0)
(194.336 -105.018 0.05)
(194.714 -110.968 0)
(194.714 -110.968 0.05)
(195.01 -115.522 0)
(195.01 -115.522 0.05)
(195.335 -120.532 0)
(195.335 -120.532 0.05)
(195.694 -126.042 0)
(195.694 -126.042 0.05)
(196.088 -132.104 0)
(196.088 -132.104 0.05)
(196.521 -138.772 0)
(196.521 -138.772 0.05)
(196.998 -146.107 0)
(196.998 -146.107 0.05)
(197.522 -154.175 0)
(197.522 -154.175 0.05)
(198.099 -163.05 0)
(198.099 -163.05 0.05)
(198.733 -172.812 0)
(198.733 -172.812 0.05)
(199.431 -183.551 0)
(199.431 -183.551 0.05)
(200.199 -195.363 0)
(200.199 -195.363 0.05)
(201.043 -208.357 0)
(201.043 -208.357 0.05)
(201.972 -222.65 0)
(201.972 -222.65 0.05)
(203.099 -5.0487e-06 0)
(203.099 -5.0487e-06 0.05)
(203.109 0.172166 0)
(203.107 -0.173719 0)
(203.109 0.172166 0.05)
(203.107 -0.173719 0.05)
(203.119 0.353806 0)
(203.115 -0.356987 0)
(203.119 0.353806 0.05)
(203.115 -0.356987 0.05)
(203.123 -0.550336 0)
(203.123 -0.550336 0.05)
(203.132 -0.754318 0)
(203.132 -0.754318 0.05)
(203.141 -0.969519 0)
(203.141 -0.969519 0.05)
(203.151 -1.19656 0)
(203.151 -1.19656 0.05)
(203.162 -1.43608 0)
(203.162 -1.43608 0.05)
(203.173 -1.68878 0)
(203.173 -1.68878 0.05)
(203.184 -1.95538 0)
(203.184 -1.95538 0.05)
(203.196 -2.23663 0)
(203.196 -2.23663 0.05)
(203.209 -2.53336 0)
(203.209 -2.53336 0.05)
(203.223 -2.84641 0)
(203.223 -2.84641 0.05)
(203.237 -3.17668 0)
(203.237 -3.17668 0.05)
(203.252 -3.52511 0)
(203.252 -3.52511 0.05)
(203.268 -3.8927 0)
(203.268 -3.8927 0.05)
(203.285 -4.28052 0)
(203.285 -4.28052 0.05)
(203.303 -4.68966 0)
(203.303 -4.68966 0.05)
(203.321 -5.1213 0)
(203.321 -5.1213 0.05)
(203.341 -5.57669 0)
(203.341 -5.57669 0.05)
(203.362 -6.05712 0)
(203.362 -6.05712 0.05)
(203.384 -6.56397 0)
(203.384 -6.56397 0.05)
(203.407 -7.09871 0)
(203.407 -7.09871 0.05)
(203.431 -7.66285 0)
(203.431 -7.66285 0.05)
(203.457 -8.25802 0)
(203.457 -8.25802 0.05)
(203.484 -8.88592 0)
(203.484 -8.88592 0.05)
(203.513 -9.54836 0)
(203.513 -9.54836 0.05)
(203.543 -10.2472 0)
(203.543 -10.2472 0.05)
(203.575 -10.9845 0)
(203.575 -10.9845 0.05)
(203.609 -11.7624 0)
(203.609 -11.7624 0.05)
(203.644 -12.5831 0)
(203.644 -12.5831 0.05)
(203.682 -13.4488 0)
(203.682 -13.4488 0.05)
(203.721 -14.3622 0)
(203.721 -14.3622 0.05)
(203.763 -15.3259 0)
(203.763 -15.3259 0.05)
(203.807 -16.3425 0)
(203.807 -16.3425 0.05)
(203.854 -17.4151 0)
(203.854 -17.4151 0.05)
(203.903 -18.5466 0)
(203.903 -18.5466 0.05)
(203.954 -19.7404 0)
(203.954 -19.7404 0.05)
(204.009 -20.9998 0)
(204.009 -20.9998 0.05)
(204.066 -22.3285 0)
(204.066 -22.3285 0.05)
(204.127 -23.7303 0)
(204.127 -23.7303 0.05)
(204.191 -25.2092 0)
(204.191 -25.2092 0.05)
(204.259 -26.7694 0)
(204.259 -26.7694 0.05)
(204.33 -28.4154 0)
(204.33 -28.4154 0.05)
(204.405 -30.152 0)
(204.405 -30.152 0.05)
(204.485 -31.9841 0)
(204.485 -31.9841 0.05)
(204.568 -33.9169 0)
(204.568 -33.9169 0.05)
(204.657 -35.956 0)
(204.657 -35.956 0.05)
(204.75 -38.1073 0)
(204.75 -38.1073 0.05)
(204.848 -40.3769 0)
(204.848 -40.3769 0.05)
(204.952 -42.7714 0)
(204.952 -42.7714 0.05)
(205.061 -45.2975 0)
(205.061 -45.2975 0.05)
(205.177 -47.9626 0)
(205.177 -47.9626 0.05)
(205.298 -50.7742 0)
(205.298 -50.7742 0.05)
(205.427 -53.7405 0)
(205.427 -53.7405 0.05)
(205.562 -56.87 0)
(205.562 -56.87 0.05)
(205.705 -60.1715 0)
(205.705 -60.1715 0.05)
(205.856 -63.6547 0)
(205.856 -63.6547 0.05)
(206.015 -67.3294 0)
(206.015 -67.3294 0.05)
(206.183 -71.2062 0)
(206.183 -71.2062 0.05)
(206.36 -75.2963 0)
(206.36 -75.2963 0.05)
(206.547 -79.6113 0)
(206.547 -79.6113 0.05)
(206.744 -84.1636 0)
(206.744 -84.1636 0.05)
(206.952 -88.9663 0)
(206.952 -88.9663 0.05)
(207.172 -94.0332 0)
(207.172 -94.0332 0.05)
(207.403 -99.3787 0)
(207.403 -99.3787 0.05)
(207.648 -105.018 0)
(207.648 -105.018 0.05)
(207.905 -110.968 0)
(207.905 -110.968 0.05)
(208.107 -115.522 0)
(208.107 -115.522 0.05)
(208.33 -120.532 0)
(208.33 -120.532 0.05)
(208.574 -126.042 0)
(208.574 -126.042 0.05)
(208.843 -132.104 0)
(208.843 -132.104 0.05)
(209.139 -138.772 0)
(209.139 -138.772 0.05)
(209.465 -146.107 0)
(209.465 -146.107 0.05)
(209.823 -154.175 0)
(209.823 -154.175 0.05)
(210.216 -163.05 0)
(210.216 -163.05 0.05)
(210.65 -172.812 0)
(210.65 -172.812 0.05)
(211.126 -183.551 0)
(211.126 -183.551 0.05)
(211.65 -195.363 0)
(211.65 -195.363 0.05)
(212.227 -208.357 0)
(212.227 -208.357 0.05)
(212.861 -222.65 0)
(212.861 -222.65 0.05)
(219.295 -5.0487e-06 0)
(219.295 -5.0487e-06 0.05)
(219.3 0.172166 0)
(219.299 -0.173719 0)
(219.3 0.172166 0.05)
(219.299 -0.173719 0.05)
(219.305 0.353806 0)
(219.303 -0.356987 0)
(219.305 0.353806 0.05)
(219.303 -0.356987 0.05)
(219.307 -0.550336 0)
(219.307 -0.550336 0.05)
(219.312 -0.754318 0)
(219.312 -0.754318 0.05)
(219.316 -0.969519 0)
(219.316 -0.969519 0.05)
(219.321 -1.19656 0)
(219.321 -1.19656 0.05)
(219.327 -1.43608 0)
(219.327 -1.43608 0.05)
(219.332 -1.68878 0)
(219.332 -1.68878 0.05)
(219.338 -1.95538 0)
(219.338 -1.95538 0.05)
(219.344 -2.23663 0)
(219.344 -2.23663 0.05)
(219.351 -2.53336 0)
(219.351 -2.53336 0.05)
(219.358 -2.84641 0)
(219.358 -2.84641 0.05)
(219.365 -3.17668 0)
(219.365 -3.17668 0.05)
(219.373 -3.52511 0)
(219.373 -3.52511 0.05)
(219.381 -3.8927 0)
(219.381 -3.8927 0.05)
(219.39 -4.28052 0)
(219.39 -4.28052 0.05)
(219.399 -4.68966 0)
(219.399 -4.68966 0.05)
(219.408 -5.1213 0)
(219.408 -5.1213 0.05)
(219.419 -5.57669 0)
(219.419 -5.57669 0.05)
(219.429 -6.05712 0)
(219.429 -6.05712 0.05)
(219.44 -6.56397 0)
(219.44 -6.56397 0.05)
(219.452 -7.09871 0)
(219.452 -7.09871 0.05)
(219.465 -7.66285 0)
(219.465 -7.66285 0.05)
(219.478 -8.25802 0)
(219.478 -8.25802 0.05)
(219.492 -8.88592 0)
(219.492 -8.88592 0.05)
(219.507 -9.54836 0)
(219.507 -9.54836 0.05)
(219.522 -10.2472 0)
(219.522 -10.2472 0.05)
(219.539 -10.9845 0)
(219.539 -10.9845 0.05)
(219.556 -11.7624 0)
(219.556 -11.7624 0.05)
(219.574 -12.5831 0)
(219.574 -12.5831 0.05)
(219.593 -13.4488 0)
(219.593 -13.4488 0.05)
(219.613 -14.3622 0)
(219.613 -14.3622 0.05)
(219.635 -15.3259 0)
(219.635 -15.3259 0.05)
(219.657 -16.3425 0)
(219.657 -16.3425 0.05)
(219.681 -17.4151 0)
(219.681 -17.4151 0.05)
(219.706 -18.5466 0)
(219.706 -18.5466 0.05)
(219.733 -19.7404 0)
(219.733 -19.7404 0.05)
(219.761 -20.9998 0)
(219.761 -20.9998 0.05)
(219.79 -22.3285 0)
(219.79 -22.3285 0.05)
(219.821 -23.7303 0)
(219.821 -23.7303 0.05)
(219.854 -25.2092 0)
(219.854 -25.2092 0.05)
(219.889 -26.7694 0)
(219.889 -26.7694 0.05)
(219.925 -28.4154 0)
(219.925 -28.4154 0.05)
(219.964 -30.152 0)
(219.964 -30.152 0.05)
(220.004 -31.9841 0)
(220.004 -31.9841 0.05)
(220.047 -33.9169 0)
(220.047 -33.9169 0.05)
(220.092 -35.956 0)
(220.092 -35.956 0.05)
(220.14 -38.1073 0)
(220.14 -38.1073 0.05)
(220.191 -40.3769 0)
(220.191 -40.3769 0.05)
(220.244 -42.7714 0)
(220.244 -42.7714 0.05)
(220.3 -45.2975 0)
(220.3 -45.2975 0.05)
(220.359 -47.9626 0)
(220.359 -47.9626 0.05)
(220.421 -50.7742 0)
(220.421 -50.7742 0.05)
(220.487 -53.7405 0)
(220.487 -53.7405 0.05)
(220.556 -56.87 0)
(220.556 -56.87 0.05)
(220.63 -60.1715 0)
(220.63 -60.1715 0.05)
(220.707 -63.6547 0)
(220.707 -63.6547 0.05)
(220.788 -67.3294 0)
(220.788 -67.3294 0.05)
(220.874 -71.2062 0)
(220.874 -71.2062 0.05)
(220.965 -75.2963 0)
(220.965 -75.2963 0.05)
(221.061 -79.6113 0)
(221.061 -79.6113 0.05)
(221.162 -84.1636 0)
(221.162 -84.1636 0.05)
(221.268 -88.9663 0)
(221.268 -88.9663 0.05)
(221.381 -94.0332 0)
(221.381 -94.0332 0.05)
(221.499 -99.3787 0)
(221.499 -99.3787 0.05)
(221.624 -105.018 0)
(221.624 -105.018 0.05)
(221.756 -110.968 0)
(221.756 -110.968 0.05)
(221.86 -115.522 0)
(221.86 -115.522 0.05)
(221.974 -120.532 0)
(221.974 -120.532 0.05)
(222.099 -126.042 0)
(222.099 -126.042 0.05)
(222.237 -132.104 0)
(222.237 -132.104 0.05)
(222.388 -138.772 0)
(222.388 -138.772 0.05)
(222.555 -146.107 0)
(222.555 -146.107 0.05)
(222.738 -154.175 0)
(222.738 -154.175 0.05)
(222.94 -163.05 0)
(222.94 -163.05 0.05)
(223.162 -172.812 0)
(223.162 -172.812 0.05)
(223.406 -183.551 0)
(223.406 -183.551 0.05)
(223.675 -195.363 0)
(223.675 -195.363 0.05)
(223.97 -208.357 0)
(223.97 -208.357 0.05)
(224.295 -222.65 0)
(224.295 -222.65 0.05)
(236.3 -5.0487e-06 0)
(236.3 -5.0487e-06 0.05)
(236.3 0.172166 0)
(236.3 -0.173719 0)
(236.3 0.172166 0.05)
(236.3 -0.173719 0.05)
(236.3 0.353806 0)
(236.3 -0.356987 0)
(236.3 0.353806 0.05)
(236.3 -0.356987 0.05)
(236.3 -0.550336 0)
(236.3 -0.550336 0.05)
(236.3 -0.754318 0)
(236.3 -0.754318 0.05)
(236.3 -0.969519 0)
(236.3 -0.969519 0.05)
(236.3 -1.19656 0)
(236.3 -1.19656 0.05)
(236.3 -1.43608 0)
(236.3 -1.43608 0.05)
(236.3 -1.68878 0)
(236.3 -1.68878 0.05)
(236.3 -1.95538 0)
(236.3 -1.95538 0.05)
(236.3 -2.23663 0)
(236.3 -2.23663 0.05)
(236.3 -2.53336 0)
(236.3 -2.53336 0.05)
(236.3 -2.84641 0)
(236.3 -2.84641 0.05)
(236.3 -3.17668 0)
(236.3 -3.17668 0.05)
(236.3 -3.52511 0)
(236.3 -3.52511 0.05)
(236.3 -3.8927 0)
(236.3 -3.8927 0.05)
(236.3 -4.28052 0)
(236.3 -4.28052 0.05)
(236.3 -4.68966 0)
(236.3 -4.68966 0.05)
(236.3 -5.1213 0)
(236.3 -5.1213 0.05)
(236.3 -5.57669 0)
(236.3 -5.57669 0.05)
(236.3 -6.05712 0)
(236.3 -6.05712 0.05)
(236.3 -6.56397 0)
(236.3 -6.56397 0.05)
(236.3 -7.09871 0)
(236.3 -7.09871 0.05)
(236.3 -7.66285 0)
(236.3 -7.66285 0.05)
(236.3 -8.25802 0)
(236.3 -8.25802 0.05)
(236.3 -8.88592 0)
(236.3 -8.88592 0.05)
(236.3 -9.54836 0)
(236.3 -9.54836 0.05)
(236.3 -10.2472 0)
(236.3 -10.2472 0.05)
(236.3 -10.9845 0)
(236.3 -10.9845 0.05)
(236.3 -11.7624 0)
(236.3 -11.7624 0.05)
(236.3 -12.5831 0)
(236.3 -12.5831 0.05)
(236.3 -13.4488 0)
(236.3 -13.4488 0.05)
(236.3 -14.3622 0)
(236.3 -14.3622 0.05)
(236.3 -15.3259 0)
(236.3 -15.3259 0.05)
(236.3 -16.3425 0)
(236.3 -16.3425 0.05)
(236.3 -17.4151 0)
(236.3 -17.4151 0.05)
(236.3 -18.5466 0)
(236.3 -18.5466 0.05)
(236.3 -19.7404 0)
(236.3 -19.7404 0.05)
(236.3 -20.9998 0)
(236.3 -20.9998 0.05)
(236.3 -22.3285 0)
(236.3 -22.3285 0.05)
(236.3 -23.7303 0)
(236.3 -23.7303 0.05)
(236.3 -25.2092 0)
(236.3 -25.2092 0.05)
(236.3 -26.7694 0)
(236.3 -26.7694 0.05)
(236.3 -28.4154 0)
(236.3 -28.4154 0.05)
(236.3 -30.152 0)
(236.3 -30.152 0.05)
(236.3 -31.9841 0)
(236.3 -31.9841 0.05)
(236.3 -33.9169 0)
(236.3 -33.9169 0.05)
(236.3 -35.956 0)
(236.3 -35.956 0.05)
(236.3 -38.1073 0)
(236.3 -38.1073 0.05)
(236.3 -40.3769 0)
(236.3 -40.3769 0.05)
(236.3 -42.7714 0)
(236.3 -42.7714 0.05)
(236.3 -45.2975 0)
(236.3 -45.2975 0.05)
(236.3 -47.9626 0)
(236.3 -47.9626 0.05)
(236.3 -50.7742 0)
(236.3 -50.7742 0.05)
(236.3 -53.7405 0)
(236.3 -53.7405 0.05)
(236.3 -56.87 0)
(236.3 -56.87 0.05)
(236.3 -60.1715 0)
(236.3 -60.1715 0.05)
(236.3 -63.6547 0)
(236.3 -63.6547 0.05)
(236.3 -67.3294 0)
(236.3 -67.3294 0.05)
(236.3 -71.2062 0)
(236.3 -71.2062 0.05)
(236.3 -75.2963 0)
(236.3 -75.2963 0.05)
(236.3 -79.6113 0)
(236.3 -79.6113 0.05)
(236.3 -84.1636 0)
(236.3 -84.1636 0.05)
(236.3 -88.9663 0)
(236.3 -88.9663 0.05)
(236.3 -94.0332 0)
(236.3 -94.0332 0.05)
(236.3 -99.3787 0)
(236.3 -99.3787 0.05)
(236.3 -105.018 0)
(236.3 -105.018 0.05)
(236.3 -110.968 0)
(236.3 -110.968 0.05)
(236.3 -115.522 0)
(236.3 -115.522 0.05)
(236.3 -120.532 0)
(236.3 -120.532 0.05)
(236.3 -126.042 0)
(236.3 -126.042 0.05)
(236.3 -132.104 0)
(236.3 -132.104 0.05)
(236.3 -138.772 0)
(236.3 -138.772 0.05)
(236.3 -146.107 0)
(236.3 -146.107 0.05)
(236.3 -154.175 0)
(236.3 -154.175 0.05)
(236.3 -163.05 0)
(236.3 -163.05 0.05)
(236.3 -172.812 0)
(236.3 -172.812 0.05)
(236.3 -183.551 0)
(236.3 -183.551 0.05)
(236.3 -195.363 0)
(236.3 -195.363 0.05)
(236.3 -208.357 0)
(236.3 -208.357 0.05)
(236.3 -222.65 0)
(236.3 -222.65 0.05)
)


// ************************************************************************* //
