/*--------------------------------*- C++ -*----------------------------------*\
| =========                 |                                                 |
| \\      /  F ield         | OpenFOAM: The Open Source CFD Toolbox           |
|  \\    /   O peration     | Version:  2212                                  |
|   \\  /    A nd           | Website:  www.openfoam.com                      |
|    \\/     M anipulation  |                                                 |
\*---------------------------------------------------------------------------*/
FoamFile
{
    version     2.0;
    format      ascii;
    arch        "LSB;label=32;scalar=64";
    class       labelList;
    location    "constant/polyMesh";
    object      cellProcAddressing;
}
// * * * * * * * * * * * * * * * * * * * * * * * * * * * * * * * * * * * * * //


1340
(
35
36
37
38
113
114
115
116
191
192
193
194
269
270
271
272
347
348
349
350
425
426
427
428
503
504
505
506
581
582
583
584
659
660
661
662
737
738
739
740
815
816
817
818
893
894
895
896
971
972
973
974
1049
1050
1051
1052
1127
1128
1129
1130
1205
1206
1207
1208
1283
1284
1285
1286
1361
1362
1363
1364
1439
1440
1441
1442
1517
1518
1519
1520
1595
1596
1597
1598
1673
1674
1675
1676
1751
1752
1753
1754
1829
1830
1831
1832
1907
1908
1909
1910
1985
1986
1987
1988
2063
2064
2065
2066
2141
2142
2143
2144
2219
2220
2221
2222
2297
2298
2299
2300
2375
2376
2377
2378
2453
2454
2455
2456
2531
2532
2533
2534
2608
2609
2610
2611
2612
2686
2687
2688
2689
2690
2764
2765
2766
2767
2768
2842
2843
2844
2845
2846
2920
2921
2922
2923
2924
2998
2999
3000
3001
3002
3076
3077
3078
3079
3080
3154
3155
3156
3157
3158
3232
3233
3234
3235
3236
3310
3311
3312
3313
3314
3388
3389
3390
3391
3392
3466
3467
3468
3469
3470
3543
3544
3545
3546
3547
3548
3621
3622
3623
3624
3625
3626
3699
3700
3701
3702
3703
3704
3777
3778
3779
3780
3781
3782
3855
3856
3857
3858
3859
3860
3933
3934
3935
3936
3937
3938
4011
4012
4013
4014
4015
4016
4089
4090
4091
4092
4093
4094
4167
4168
4169
4170
4171
4172
4244
4245
4246
4247
4248
4249
4250
4322
4323
4324
4325
4326
4327
4328
4400
4401
4402
4403
4404
4405
4406
4478
4479
4480
4481
4482
4483
4484
4556
4557
4558
4559
4560
4561
4562
4634
4635
4636
4637
4638
4639
4640
4712
4713
4714
4715
4716
4717
4718
4789
4790
4791
4792
4793
4794
4795
4796
4867
4868
4869
4870
4871
4872
4873
4874
4945
4946
4947
4948
4949
4950
4951
4952
5023
5024
5025
5026
5027
5028
5029
5030
5101
5102
5103
5104
5105
5106
5107
5108
5179
5180
5181
5182
5183
5184
5185
5186
5257
5258
5259
5260
5261
5262
5263
5264
5334
5335
5336
5337
5338
5339
5340
5341
5342
5412
5413
5414
5415
5416
5417
5418
5419
5420
5490
5491
5492
5493
5494
5495
5496
5497
5498
5568
5569
5570
5571
5572
5573
5574
5575
5576
5646
5647
5648
5649
5650
5651
5652
5653
5654
5724
5725
5726
5727
5728
5729
5730
5731
5732
5802
5803
5804
5805
5806
5807
5808
5809
5810
5880
5881
5882
5883
5884
5885
5886
5887
5888
5958
5959
5960
5961
5962
5963
5964
5965
5966
6035
6036
6037
6038
6039
6040
6041
6042
6043
6044
6113
6114
6115
6116
6117
6118
6119
6120
6121
6122
6191
6192
6193
6194
6195
6196
6197
6198
6199
6200
6240
6241
6242
6243
6244
6245
6246
6247
6248
6249
6250
6251
6252
6253
6254
6255
6256
6257
6258
6259
6260
6261
6262
6263
6264
6265
6266
6267
6268
6269
6270
6271
6272
6273
6274
6275
6276
6277
6278
6279
6280
6281
6282
6283
6284
6285
6286
6287
6288
6289
6290
6291
6292
6293
6294
6295
6296
6297
6298
6299
6300
6301
6302
6303
6304
6305
6306
6307
6308
6309
6310
6311
6312
6313
6314
6315
6316
6317
6318
6319
6400
6401
6402
6403
6404
6405
6406
6407
6408
6409
6410
6411
6412
6413
6414
6415
6416
6417
6418
6419
6420
6421
6422
6423
6424
6425
6426
6427
6428
6429
6430
6431
6432
6433
6434
6435
6436
6437
6438
6439
6440
6441
6442
6443
6444
6445
6446
6447
6448
6449
6450
6451
6452
6453
6454
6455
6456
6457
6458
6459
6460
6461
6462
6463
6464
6465
6466
6467
6468
6469
6470
6471
6472
6473
6474
6475
6476
6477
6478
6560
6561
6562
6563
6564
6565
6566
6567
6568
6569
6570
6571
6572
6573
6574
6575
6576
6577
6578
6579
6580
6581
6582
6583
6584
6585
6586
6587
6588
6589
6590
6591
6592
6593
6594
6595
6596
6597
6598
6599
6600
6601
6602
6603
6604
6605
6606
6607
6608
6609
6610
6611
6612
6613
6614
6615
6616
6617
6618
6619
6620
6621
6622
6623
6624
6625
6626
6627
6628
6629
6630
6631
6632
6633
6634
6635
6636
6637
6720
6721
6722
6723
6724
6725
6726
6727
6728
6729
6730
6731
6732
6733
6734
6735
6736
6737
6738
6739
6740
6741
6742
6743
6744
6745
6746
6747
6748
6749
6750
6751
6752
6753
6754
6755
6756
6757
6758
6759
6760
6761
6762
6763
6764
6765
6766
6767
6768
6769
6770
6771
6772
6773
6774
6775
6776
6777
6778
6779
6780
6781
6782
6783
6784
6785
6786
6787
6788
6789
6790
6791
6792
6793
6794
6795
6796
6880
6881
6882
6883
6884
6885
6886
6887
6888
6889
6890
6891
6892
6893
6894
6895
6896
6897
6898
6899
6900
6901
6902
6903
6904
6905
6906
6907
6908
6909
6910
6911
6912
6913
6914
6915
6916
6917
6918
6919
6920
6921
6922
6923
6924
6925
6926
6927
6928
6929
6930
6931
6932
6933
6934
6935
6936
6937
6938
6939
6940
6941
6942
6943
6944
6945
6946
6947
6948
6949
6950
6951
6952
6953
6954
6955
7040
7041
7042
7043
7044
7045
7046
7047
7048
7049
7050
7051
7052
7053
7054
7055
7056
7057
7058
7059
7060
7061
7062
7063
7064
7065
7066
7067
7068
7069
7070
7071
7072
7073
7074
7075
7076
7077
7078
7079
7080
7081
7082
7083
7084
7085
7086
7087
7088
7089
7090
7091
7092
7093
7094
7095
7096
7097
7098
7099
7100
7101
7102
7103
7104
7105
7106
7107
7108
7109
7110
7111
7112
7113
7200
7201
7202
7203
7204
7205
7206
7207
7208
7209
7210
7211
7212
7213
7214
7215
7216
7217
7218
7219
7220
7221
7222
7223
7224
7225
7226
7227
7228
7229
7230
7231
7232
7233
7234
7235
7236
7237
7238
7239
7240
7241
7242
7243
7244
7245
7246
7247
7248
7249
7250
7251
7252
7253
7254
7255
7256
7257
7258
7259
7260
7261
7262
7263
7264
7265
7266
7267
7268
7269
7270
7271
7360
7361
7362
7363
7364
7365
7366
7367
7368
7369
7370
7371
7372
7373
7374
7375
7376
7377
7378
7379
7380
7381
7382
7383
7384
7385
7386
7387
7388
7389
7390
7391
7392
7393
7394
7395
7396
7397
7398
7399
7400
7401
7402
7403
7404
7405
7406
7407
7408
7409
7410
7411
7412
7413
7414
7415
7416
7417
7418
7419
7420
7421
7422
7423
7424
7425
7426
7427
7428
7520
7521
7522
7523
7524
7525
7526
7527
7528
7529
7530
7531
7532
7533
7534
7535
7536
7537
7538
7539
7540
7541
7542
7543
7544
7545
7546
7547
7548
7549
7550
7551
7552
7553
7554
7555
7556
7557
7558
7559
7560
7561
7562
7563
7564
7565
7566
7567
7568
7569
7570
7571
7572
7573
7574
7575
7576
7577
7578
7579
7580
7581
7582
7583
7584
7585
7680
7681
7682
7683
7684
7685
7686
7687
7688
7689
7690
7691
7692
7693
7694
7695
7696
7697
7698
7699
7700
7701
7702
7703
7704
7705
7706
7707
7708
7709
7710
7711
7712
7713
7714
7715
7716
7717
7718
7719
7720
7721
7722
7723
7724
7725
7726
7727
7728
7729
7730
7731
7732
7733
7734
7735
7736
7737
7738
7739
7740
7741
7840
7841
7842
7843
7844
7845
7846
7847
7848
7849
7850
7851
7852
7853
7854
7855
7856
7857
7858
7859
7860
7861
7862
7863
7864
7865
7866
7867
7868
7869
7870
7871
7872
7873
7874
7875
7876
7877
7878
7879
7880
7881
7882
7883
7884
7885
7886
7887
7888
7889
7890
7891
7892
7893
7894
7895
7896
8000
8001
8002
8003
8004
8005
8006
8007
8008
8009
8010
8011
8012
8013
8014
8015
8016
8017
8018
8019
8020
8021
8022
8023
8024
8025
8026
8027
8028
8029
8030
8031
8032
8033
8034
8035
8036
8037
8038
8039
8040
8041
8042
8043
8044
8045
8046
8047
8048
8049
8160
8161
8162
8163
8164
8165
8166
8167
8168
8169
8170
8171
8172
8173
8174
8175
8176
8177
8178
8179
8180
8181
8182
8183
8184
8185
8186
8187
8188
8189
8190
8191
8192
8193
8194
8195
8196
8197
)


// ************************************************************************* //
