/*--------------------------------*- C++ -*----------------------------------*\
| =========                 |                                                 |
| \\      /  F ield         | OpenFOAM: The Open Source CFD Toolbox           |
|  \\    /   O peration     | Version:  2212                                  |
|   \\  /    A nd           | Website:  www.openfoam.com                      |
|    \\/     M anipulation  |                                                 |
\*---------------------------------------------------------------------------*/
FoamFile
{
    version     2.0;
    format      ascii;
    arch        "LSB;label=32;scalar=64";
    note        "nPoints:2888  nCells:1340  nFaces:5463  nInternalFaces:2577";
    class       labelList;
    location    "constant/polyMesh";
    object      neighbour;
}
// * * * * * * * * * * * * * * * * * * * * * * * * * * * * * * * * * * * * * //


2577
(
1
4
2
5
3
6
462
7
5
8
6
9
7
10
463
11
9
12
10
13
11
14
464
15
13
16
14
17
15
18
465
19
17
20
18
21
19
22
466
23
21
24
22
25
23
26
467
27
25
28
26
29
27
30
468
31
29
32
30
33
31
34
469
35
33
36
34
37
35
38
470
39
37
40
38
41
39
42
471
43
41
44
42
45
43
46
472
47
45
48
46
49
47
50
473
51
49
52
50
53
51
54
474
55
53
56
54
57
55
58
475
59
57
60
58
61
59
62
476
63
61
64
62
65
63
66
477
67
65
68
66
69
67
70
478
71
69
72
70
73
71
74
479
75
73
76
74
77
75
78
480
79
77
80
78
81
79
82
481
83
81
84
82
85
83
86
482
87
85
88
86
89
87
90
483
91
89
92
90
93
91
94
484
95
93
96
94
97
95
98
485
99
97
100
98
101
99
102
486
103
101
104
102
105
103
106
487
107
105
108
106
109
107
110
488
111
109
112
110
113
111
114
489
115
113
116
114
117
115
118
490
119
117
120
118
121
119
122
491
123
121
124
122
125
123
126
492
127
125
128
126
129
127
130
493
131
129
133
130
134
131
135
494
136
133
137
134
138
135
139
136
140
495
141
138
142
139
143
140
144
141
145
496
146
143
147
144
148
145
149
146
150
497
151
148
152
149
153
150
154
151
155
498
156
153
157
154
158
155
159
156
160
499
161
158
162
159
163
160
164
161
165
500
166
163
167
164
168
165
169
166
170
501
171
168
172
169
173
170
174
171
175
502
176
173
177
174
178
175
179
176
180
503
181
178
182
179
183
180
184
181
185
504
186
183
187
184
188
185
189
186
190
505
191
188
193
189
194
190
195
191
196
506
197
193
198
194
199
195
200
196
201
197
202
507
203
199
204
200
205
201
206
202
207
203
208
508
209
205
210
206
211
207
212
208
213
209
214
509
215
211
216
212
217
213
218
214
219
215
220
510
221
217
222
218
223
219
224
220
225
221
226
511
227
223
228
224
229
225
230
226
231
227
232
512
233
229
234
230
235
231
236
232
237
233
238
513
239
235
240
236
241
237
242
238
243
239
244
514
245
241
247
242
248
243
249
244
250
245
251
515
252
247
253
248
254
249
255
250
256
251
257
252
258
516
259
254
260
255
261
256
262
257
263
258
264
259
265
517
266
261
267
262
268
263
269
264
270
265
271
266
272
518
273
268
274
269
275
270
276
271
277
272
278
273
279
519
280
275
281
276
282
277
283
278
284
279
285
280
286
520
287
282
288
283
289
284
290
285
291
286
292
287
293
521
294
289
296
290
297
291
298
292
299
293
300
294
301
522
302
296
303
297
304
298
305
299
306
300
307
301
308
302
309
523
310
304
311
305
312
306
313
307
314
308
315
309
316
310
317
524
318
312
319
313
320
314
321
315
322
316
323
317
324
318
325
525
326
320
327
321
328
322
329
323
330
324
331
325
332
326
333
526
334
328
335
329
336
330
337
331
338
332
339
333
340
334
341
527
342
336
343
337
344
338
345
339
346
340
347
341
348
342
349
528
350
344
352
345
353
346
354
347
355
348
356
349
357
350
358
529
359
352
360
353
361
354
362
355
363
356
364
357
365
358
366
359
367
530
368
361
369
362
370
363
371
364
372
365
373
366
374
367
375
368
376
531
377
370
378
371
379
372
380
373
381
374
382
375
383
376
384
377
385
532
386
379
387
380
388
381
389
382
390
383
391
384
392
385
393
386
394
533
395
388
396
389
397
390
398
391
399
392
400
393
401
394
402
395
403
534
404
397
405
398
406
399
407
400
408
401
409
402
410
403
411
404
412
535
413
406
414
407
415
408
416
409
417
410
418
411
419
412
420
413
421
536
422
415
423
416
424
417
425
418
426
419
427
420
428
421
429
422
430
537
431
424
433
425
434
426
435
427
436
428
437
429
438
430
439
431
440
538
441
433
442
434
443
435
444
436
445
437
446
438
447
439
448
440
449
441
450
539
451
443
452
444
453
445
454
446
455
447
456
448
457
449
458
450
459
451
460
540
461
453
454
455
456
457
458
459
460
461
541
463
542
464
543
465
544
466
545
467
546
468
547
469
548
470
549
471
550
472
551
473
552
474
553
475
554
476
555
477
556
478
557
479
558
480
559
481
560
482
561
483
562
484
563
485
564
486
565
487
566
488
567
489
568
490
569
491
570
492
571
493
572
494
573
495
574
496
575
497
576
498
577
499
578
500
579
501
580
502
581
503
582
504
583
505
584
506
585
507
586
508
587
509
588
510
589
511
590
512
591
513
592
514
593
515
594
516
595
517
596
518
597
519
598
520
599
521
600
522
601
523
602
524
603
525
604
526
605
527
606
528
607
529
608
530
609
531
610
532
611
533
612
534
613
535
614
536
615
537
616
538
617
539
618
540
619
541
620
543
621
544
622
545
623
546
624
547
625
548
626
549
627
550
628
551
629
552
630
553
631
554
632
555
633
556
634
557
635
558
636
559
637
560
638
561
639
562
640
563
641
564
642
565
643
566
644
567
645
568
646
569
647
570
648
571
649
572
650
573
651
574
652
575
653
576
654
577
655
578
656
579
657
580
658
581
659
582
660
583
661
584
662
585
663
586
664
587
665
588
666
589
667
590
668
591
669
592
670
593
671
594
672
595
673
596
674
597
675
598
676
599
677
600
678
601
679
602
680
603
681
604
682
605
683
606
684
607
685
608
686
609
687
610
688
611
689
612
690
613
691
614
692
615
693
616
694
617
695
618
696
619
697
620
698
622
699
623
700
624
701
625
702
626
703
627
704
628
705
629
706
630
707
631
708
632
709
633
710
634
711
635
712
636
713
637
714
638
715
639
716
640
717
641
718
642
719
643
720
644
721
645
722
646
723
647
724
648
725
649
726
650
727
651
728
652
729
653
730
654
731
655
732
656
733
657
734
658
735
659
736
660
737
661
738
662
739
663
740
664
741
665
742
666
743
667
744
668
745
669
746
670
747
671
748
672
749
673
750
674
751
675
752
676
753
677
754
678
755
679
756
680
757
681
758
682
759
683
760
684
761
685
762
686
763
687
764
688
765
689
766
690
767
691
768
692
769
693
770
694
771
695
772
696
773
697
774
698
775
700
776
701
777
702
778
703
779
704
780
705
781
706
782
707
783
708
784
709
785
710
786
711
787
712
788
713
789
714
790
715
791
716
792
717
793
718
794
719
795
720
796
721
797
722
798
723
799
724
800
725
801
726
802
727
803
728
804
729
805
730
806
731
807
732
808
733
809
734
810
735
811
736
812
737
813
738
814
739
815
740
816
741
817
742
818
743
819
744
820
745
821
746
822
747
823
748
824
749
825
750
826
751
827
752
828
753
829
754
830
755
831
756
832
757
833
758
834
759
835
760
836
761
837
762
838
763
839
764
840
765
841
766
842
767
843
768
844
769
845
770
846
771
847
772
848
773
849
774
850
775
851
777
852
778
853
779
854
780
855
781
856
782
857
783
858
784
859
785
860
786
861
787
862
788
863
789
864
790
865
791
866
792
867
793
868
794
869
795
870
796
871
797
872
798
873
799
874
800
875
801
876
802
877
803
878
804
879
805
880
806
881
807
882
808
883
809
884
810
885
811
886
812
887
813
888
814
889
815
890
816
891
817
892
818
893
819
894
820
895
821
896
822
897
823
898
824
899
825
900
826
901
827
902
828
903
829
904
830
905
831
906
832
907
833
908
834
909
835
910
836
911
837
912
838
913
839
914
840
915
841
916
842
917
843
918
844
919
845
920
846
921
847
922
848
923
849
924
850
925
851
853
926
854
927
855
928
856
929
857
930
858
931
859
932
860
933
861
934
862
935
863
936
864
937
865
938
866
939
867
940
868
941
869
942
870
943
871
944
872
945
873
946
874
947
875
948
876
949
877
950
878
951
879
952
880
953
881
954
882
955
883
956
884
957
885
958
886
959
887
960
888
961
889
962
890
963
891
964
892
965
893
966
894
967
895
968
896
969
897
970
898
971
899
972
900
973
901
974
902
975
903
976
904
977
905
978
906
979
907
980
908
981
909
982
910
983
911
984
912
985
913
986
914
987
915
988
916
989
917
990
918
991
919
992
920
993
921
994
922
995
923
996
924
997
925
927
998
928
999
929
1000
930
1001
931
1002
932
1003
933
1004
934
1005
935
1006
936
1007
937
1008
938
1009
939
1010
940
1011
941
1012
942
1013
943
1014
944
1015
945
1016
946
1017
947
1018
948
1019
949
1020
950
1021
951
1022
952
1023
953
1024
954
1025
955
1026
956
1027
957
1028
958
1029
959
1030
960
1031
961
1032
962
1033
963
1034
964
1035
965
1036
966
1037
967
1038
968
1039
969
1040
970
1041
971
1042
972
1043
973
1044
974
1045
975
1046
976
1047
977
1048
978
1049
979
1050
980
1051
981
1052
982
1053
983
1054
984
1055
985
1056
986
1057
987
1058
988
1059
989
1060
990
1061
991
1062
992
1063
993
1064
994
1065
995
1066
996
997
999
1067
1000
1068
1001
1069
1002
1070
1003
1071
1004
1072
1005
1073
1006
1074
1007
1075
1008
1076
1009
1077
1010
1078
1011
1079
1012
1080
1013
1081
1014
1082
1015
1083
1016
1084
1017
1085
1018
1086
1019
1087
1020
1088
1021
1089
1022
1090
1023
1091
1024
1092
1025
1093
1026
1094
1027
1095
1028
1096
1029
1097
1030
1098
1031
1099
1032
1100
1033
1101
1034
1102
1035
1103
1036
1104
1037
1105
1038
1106
1039
1107
1040
1108
1041
1109
1042
1110
1043
1111
1044
1112
1045
1113
1046
1114
1047
1115
1048
1116
1049
1117
1050
1118
1051
1119
1052
1120
1053
1121
1054
1122
1055
1123
1056
1124
1057
1125
1058
1126
1059
1127
1060
1128
1061
1129
1062
1130
1063
1131
1064
1132
1065
1066
1068
1133
1069
1134
1070
1135
1071
1136
1072
1137
1073
1138
1074
1139
1075
1140
1076
1141
1077
1142
1078
1143
1079
1144
1080
1145
1081
1146
1082
1147
1083
1148
1084
1149
1085
1150
1086
1151
1087
1152
1088
1153
1089
1154
1090
1155
1091
1156
1092
1157
1093
1158
1094
1159
1095
1160
1096
1161
1097
1162
1098
1163
1099
1164
1100
1165
1101
1166
1102
1167
1103
1168
1104
1169
1105
1170
1106
1171
1107
1172
1108
1173
1109
1174
1110
1175
1111
1176
1112
1177
1113
1178
1114
1179
1115
1180
1116
1181
1117
1182
1118
1183
1119
1184
1120
1185
1121
1186
1122
1187
1123
1188
1124
1189
1125
1190
1126
1191
1127
1192
1128
1193
1129
1194
1130
1131
1132
1134
1195
1135
1196
1136
1197
1137
1198
1138
1199
1139
1200
1140
1201
1141
1202
1142
1203
1143
1204
1144
1205
1145
1206
1146
1207
1147
1208
1148
1209
1149
1210
1150
1211
1151
1212
1152
1213
1153
1214
1154
1215
1155
1216
1156
1217
1157
1218
1158
1219
1159
1220
1160
1221
1161
1222
1162
1223
1163
1224
1164
1225
1165
1226
1166
1227
1167
1228
1168
1229
1169
1230
1170
1231
1171
1232
1172
1233
1173
1234
1174
1235
1175
1236
1176
1237
1177
1238
1178
1239
1179
1240
1180
1241
1181
1242
1182
1243
1183
1244
1184
1245
1185
1246
1186
1247
1187
1248
1188
1249
1189
1250
1190
1251
1191
1192
1193
1194
1196
1252
1197
1253
1198
1254
1199
1255
1200
1256
1201
1257
1202
1258
1203
1259
1204
1260
1205
1261
1206
1262
1207
1263
1208
1264
1209
1265
1210
1266
1211
1267
1212
1268
1213
1269
1214
1270
1215
1271
1216
1272
1217
1273
1218
1274
1219
1275
1220
1276
1221
1277
1222
1278
1223
1279
1224
1280
1225
1281
1226
1282
1227
1283
1228
1284
1229
1285
1230
1286
1231
1287
1232
1288
1233
1289
1234
1290
1235
1291
1236
1292
1237
1293
1238
1294
1239
1295
1240
1296
1241
1297
1242
1298
1243
1299
1244
1300
1245
1301
1246
1247
1248
1249
1250
1251
1253
1302
1254
1303
1255
1304
1256
1305
1257
1306
1258
1307
1259
1308
1260
1309
1261
1310
1262
1311
1263
1312
1264
1313
1265
1314
1266
1315
1267
1316
1268
1317
1269
1318
1270
1319
1271
1320
1272
1321
1273
1322
1274
1323
1275
1324
1276
1325
1277
1326
1278
1327
1279
1328
1280
1329
1281
1330
1282
1331
1283
1332
1284
1333
1285
1334
1286
1335
1287
1336
1288
1337
1289
1338
1290
1339
1291
1292
1293
1294
1295
1296
1297
1298
1299
1300
1301
1303
1304
1305
1306
1307
1308
1309
1310
1311
1312
1313
1314
1315
1316
1317
1318
1319
1320
1321
1322
1323
1324
1325
1326
1327
1328
1329
1330
1331
1332
1333
1334
1335
1336
1337
1338
1339
)


// ************************************************************************* //
