/*--------------------------------*- C++ -*----------------------------------*\
| =========                 |                                                 |
| \\      /  F ield         | OpenFOAM: The Open Source CFD Toolbox           |
|  \\    /   O peration     | Version:  2212                                  |
|   \\  /    A nd           | Website:  www.openfoam.com                      |
|    \\/     M anipulation  |                                                 |
\*---------------------------------------------------------------------------*/
FoamFile
{
    version     2.0;
    format      ascii;
    arch        "LSB;label=32;scalar=64";
    class       vectorField;
    location    "constant/polyMesh";
    object      points;
}
// * * * * * * * * * * * * * * * * * * * * * * * * * * * * * * * * * * * * * //


2888
(
(5.82644 2.32599 0)
(8.3548 1.89256 0)
(11.1283 1.37286 0)
(14.1695 0.751658 0)
(17.5 -5.0487e-06 0)
(5.82644 2.32599 0.05)
(8.3548 1.89256 0.05)
(11.1283 1.37286 0.05)
(14.1695 0.751658 0.05)
(17.5 -5.0487e-06 0.05)
(5.85494 2.50017 0)
(8.38597 2.06629 0)
(11.1622 1.54607 0)
(14.2065 0.924217 0)
(17.5389 0.172166 0)
(5.85494 2.50017 0.05)
(8.38597 2.06629 0.05)
(11.1622 1.54607 0.05)
(14.2065 0.924217 0.05)
(17.5389 0.172166 0.05)
(5.885 2.68394 0)
(8.41885 2.24958 0)
(11.198 1.72881 0)
(14.2457 1.10627 0)
(17.5799 0.353806 0)
(5.885 2.68394 0.05)
(8.41885 2.24958 0.05)
(11.198 1.72881 0.05)
(14.2457 1.10627 0.05)
(17.5799 0.353806 0.05)
(5.91672 2.87781 0)
(8.45354 2.44294 0)
(11.2357 1.9216 0)
(14.287 1.29833 0)
(17.6231 0.545437 0)
(5.91672 2.87781 0.05)
(8.45354 2.44294 0.05)
(11.2357 1.9216 0.05)
(14.287 1.29833 0.05)
(17.6231 0.545437 0.05)
(5.95018 3.08235 0)
(8.49013 2.64694 0)
(11.2756 2.12499 0)
(14.3305 1.50096 0)
(17.6687 0.747607 0)
(5.95018 3.08235 0.05)
(8.49013 2.64694 0.05)
(11.2756 2.12499 0.05)
(14.3305 1.50096 0.05)
(17.6687 0.747607 0.05)
(5.98549 3.29813 0)
(8.52874 2.86216 0)
(11.3176 2.33957 0)
(14.3765 1.71473 0)
(17.7169 0.960897 0)
(5.98549 3.29813 0.05)
(8.52874 2.86216 0.05)
(11.3176 2.33957 0.05)
(14.3765 1.71473 0.05)
(17.7169 0.960897 0.05)
(6.02273 3.52579 0)
(8.56947 3.08921 0)
(11.3619 2.56595 0)
(14.4249 1.94026 0)
(17.7676 1.18592 0)
(6.02273 3.52579 0.05)
(8.56947 3.08921 0.05)
(11.3619 2.56595 0.05)
(14.4249 1.94026 0.05)
(17.7676 1.18592 0.05)
(6.06203 3.76596 0)
(8.61245 3.32875 0)
(11.4087 2.80478 0)
(14.4761 2.17819 0)
(17.8212 1.42331 0)
(6.06203 3.76596 0.05)
(8.61245 3.32875 0.05)
(11.4087 2.80478 0.05)
(14.4761 2.17819 0.05)
(17.8212 1.42331 0.05)
(6.10348 4.01934 0)
(8.65778 3.58147 0)
(11.458 3.05675 0)
(14.53 2.42921 0)
(17.8777 1.67377 0)
(6.10348 4.01934 0.05)
(8.65778 3.58147 0.05)
(11.458 3.05675 0.05)
(14.53 2.42921 0.05)
(17.8777 1.67377 0.05)
(6.14722 4.28666 0)
(8.70561 3.84809 0)
(11.5101 3.32257 0)
(14.587 2.69403 0)
(17.9374 1.938 0)
(6.14722 4.28666 0.05)
(8.70561 3.84809 0.05)
(11.5101 3.32257 0.05)
(14.587 2.69403 0.05)
(17.9374 1.938 0.05)
(6.19336 4.56869 0)
(8.75607 4.12937 0)
(11.565 3.60302 0)
(14.647 2.97342 0)
(18.0003 2.21676 0)
(6.19336 4.56869 0.05)
(8.75607 4.12937 0.05)
(11.565 3.60302 0.05)
(14.647 2.97342 0.05)
(18.0003 2.21676 0.05)
(6.24204 4.86622 0)
(8.80931 4.42612 0)
(11.6229 3.89889 0)
(14.7104 3.26818 0)
(18.0667 2.51085 0)
(6.24204 4.86622 0.05)
(8.80931 4.42612 0.05)
(11.6229 3.89889 0.05)
(14.7104 3.26818 0.05)
(18.0667 2.51085 0.05)
(6.2934 5.18012 0)
(8.86547 4.7392 0)
(11.684 4.21103 0)
(14.7772 3.57915 0)
(18.1367 2.82112 0)
(6.2934 5.18012 0.05)
(8.86547 4.7392 0.05)
(11.684 4.21103 0.05)
(14.7772 3.57915 0.05)
(18.1367 2.82112 0.05)
(6.34758 5.51128 0)
(8.92472 5.06949 0)
(11.7485 4.54035 0)
(14.8477 3.90722 0)
(18.2106 3.14845 0)
(6.34758 5.51128 0.05)
(8.92472 5.06949 0.05)
(11.7485 4.54035 0.05)
(14.8477 3.90722 0.05)
(18.2106 3.14845 0.05)
(6.40474 5.86066 0)
(8.98724 5.41795 0)
(11.8165 4.88777 0)
(14.9221 4.25334 0)
(18.2885 3.49378 0)
(6.40474 5.86066 0.05)
(8.98724 5.41795 0.05)
(11.8165 4.88777 0.05)
(14.9221 4.25334 0.05)
(18.2885 3.49378 0.05)
(6.46504 6.22925 0)
(9.05318 5.78557 0)
(11.8883 5.2543 0)
(15.0006 4.61849 0)
(18.3707 3.85811 0)
(6.46504 6.22925 0.05)
(9.05318 5.78557 0.05)
(11.8883 5.2543 0.05)
(15.0006 4.61849 0.05)
(18.3707 3.85811 0.05)
(6.52866 6.61811 0)
(9.12276 6.17342 0)
(11.964 5.64099 0)
(15.0834 5.00372 0)
(18.4575 4.24248 0)
(6.52866 6.61811 0.05)
(9.12276 6.17342 0.05)
(11.964 5.64099 0.05)
(15.0834 5.00372 0.05)
(18.4575 4.24248 0.05)
(6.59578 7.02837 0)
(9.19616 6.58259 0)
(12.0439 6.04895 0)
(15.1708 5.41015 0)
(18.549 4.64799 0)
(6.59578 7.02837 0.05)
(9.19616 6.58259 0.05)
(12.0439 6.04895 0.05)
(15.1708 5.41015 0.05)
(18.549 4.64799 0.05)
(6.6666 7.46118 0)
(9.27361 7.01427 0)
(12.1282 6.47935 0)
(15.263 5.83892 0)
(18.6455 5.0758 0)
(6.6666 7.46118 0.05)
(9.27361 7.01427 0.05)
(12.1282 6.47935 0.05)
(15.263 5.83892 0.05)
(18.6455 5.0758 0.05)
(6.7413 7.9178 0)
(9.3553 7.46969 0)
(12.2171 6.93342 0)
(15.3602 6.29128 0)
(18.7474 5.52714 0)
(6.7413 7.9178 0.05)
(9.3553 7.46969 0.05)
(12.2171 6.93342 0.05)
(15.3602 6.29128 0.05)
(18.7474 5.52714 0.05)
(6.82012 8.39954 0)
(9.4415 7.95016 0)
(12.3109 7.41246 0)
(15.4628 6.76852 0)
(18.8549 6.0033 0)
(6.82012 8.39954 0.05)
(9.4415 7.95016 0.05)
(12.3109 7.41246 0.05)
(15.4628 6.76852 0.05)
(18.8549 6.0033 0.05)
(6.90327 8.90777 0)
(9.53243 8.45706 0)
(12.4099 7.91785 0)
(15.571 7.27201 0)
(18.9682 6.50566 0)
(6.90327 8.90777 0.05)
(9.53243 8.45706 0.05)
(12.4099 7.91785 0.05)
(15.571 7.27201 0.05)
(18.9682 6.50566 0.05)
(6.99099 9.44395 0)
(9.62837 8.99183 0)
(12.5143 8.45103 0)
(15.6852 7.80319 0)
(19.0879 7.03564 0)
(6.99099 9.44395 0.05)
(9.62837 8.99183 0.05)
(12.5143 8.45103 0.05)
(15.6852 7.80319 0.05)
(19.0879 7.03564 0.05)
(7.08354 10.0096 0)
(9.72958 9.55602 0)
(12.6244 9.01355 0)
(15.8056 8.36358 0)
(19.214 7.59477 0)
(7.08354 10.0096 0.05)
(9.72958 9.55602 0.05)
(12.6244 9.01355 0.05)
(15.8056 8.36358 0.05)
(19.214 7.59477 0.05)
(7.18118 10.6064 0)
(9.83636 10.1512 0)
(12.7406 9.607 0)
(15.9327 8.9548 0)
(19.3472 8.18465 0)
(7.18118 10.6064 0.05)
(9.83636 10.1512 0.05)
(12.7406 9.607 0.05)
(15.9327 8.9548 0.05)
(19.3472 8.18465 0.05)
(7.28419 11.236 0)
(9.94901 10.7792 0)
(12.8632 10.2331 0)
(16.0668 9.57853 0)
(19.4876 8.80698 0)
(7.28419 11.236 0.05)
(9.94901 10.7792 0.05)
(12.8632 10.2331 0.05)
(16.0668 9.57853 0.05)
(19.4876 8.80698 0.05)
(7.39286 11.9003 0)
(10.0679 11.4417 0)
(12.9926 10.8936 0)
(16.2083 10.2366 0)
(19.6358 9.46353 0)
(7.39286 11.9003 0.05)
(10.0679 11.4417 0.05)
(12.9926 10.8936 0.05)
(16.2083 10.2366 0.05)
(19.6358 9.46353 0.05)
(7.50751 12.601 0)
(10.1932 12.1406 0)
(13.129 11.5905 0)
(16.3575 10.9308 0)
(19.7921 10.1562 0)
(7.50751 12.601 0.05)
(10.1932 12.1406 0.05)
(13.129 11.5905 0.05)
(16.3575 10.9308 0.05)
(19.7921 10.1562 0.05)
(7.62847 13.3403 0)
(10.3255 12.878 0)
(13.273 12.3256 0)
(16.5149 11.6632 0)
(19.957 10.887 0)
(7.62847 13.3403 0.05)
(10.3255 12.878 0.05)
(13.273 12.3256 0.05)
(16.5149 11.6632 0.05)
(19.957 10.887 0.05)
(7.75608 14.1203 0)
(10.4651 13.6559 0)
(13.4248 13.1013 0)
(16.681 12.4359 0)
(20.131 11.6579 0)
(7.75608 14.1203 0.05)
(10.4651 13.6559 0.05)
(13.4248 13.1013 0.05)
(16.681 12.4359 0.05)
(20.131 11.6579 0.05)
(7.89071 14.9432 0)
(10.6123 14.4766 0)
(13.5851 13.9195 0)
(16.8562 13.2511 0)
(20.3146 12.4713 0)
(7.89071 14.9432 0.05)
(10.6123 14.4766 0.05)
(13.5851 13.9195 0.05)
(16.8562 13.2511 0.05)
(20.3146 12.4713 0.05)
(8.03274 15.8113 0)
(10.7676 15.3425 0)
(13.7541 14.7828 0)
(17.0411 14.1111 0)
(20.5083 13.3294 0)
(8.03274 15.8113 0.05)
(10.7676 15.3425 0.05)
(13.7541 14.7828 0.05)
(17.0411 14.1111 0.05)
(20.5083 13.3294 0.05)
(8.18259 16.7272 0)
(10.9315 16.2559 0)
(13.9324 15.6936 0)
(17.2361 15.0185 0)
(20.7126 14.2346 0)
(8.18259 16.7272 0.05)
(10.9315 16.2559 0.05)
(13.9324 15.6936 0.05)
(17.2361 15.0185 0.05)
(20.7126 14.2346 0.05)
(5.79784 18.0896 0)
(8.34067 17.6934 0)
(11.1044 17.2197 0)
(14.1206 16.6544 0)
(17.4419 15.9757 0)
(20.9281 15.1897 0)
(5.79784 18.0896 0.05)
(8.34067 17.6934 0.05)
(11.1044 17.2197 0.05)
(14.1206 16.6544 0.05)
(17.4419 15.9757 0.05)
(20.9281 15.1897 0.05)
(5.9488 19.1115 0)
(8.50745 18.7128 0)
(11.2868 18.2364 0)
(14.3191 17.6681 0)
(17.659 16.9856 0)
(21.1555 16.1973 0)
(5.9488 19.1115 0.05)
(8.50745 18.7128 0.05)
(11.2868 18.2364 0.05)
(14.3191 17.6681 0.05)
(17.659 16.9856 0.05)
(21.1555 16.1973 0.05)
(6.10805 20.1895 0)
(8.68341 19.7883 0)
(11.4792 19.309 0)
(14.5285 18.7376 0)
(17.888 18.051 0)
(21.3954 17.2603 0)
(6.10805 20.1895 0.05)
(8.68341 19.7883 0.05)
(11.4792 19.309 0.05)
(14.5285 18.7376 0.05)
(17.888 18.051 0.05)
(21.3954 17.2603 0.05)
(6.27607 21.3269 0)
(8.86904 20.9229 0)
(11.6822 20.4406 0)
(14.7494 19.8658 0)
(18.1296 19.175 0)
(21.6485 18.3818 0)
(6.27607 21.3269 0.05)
(8.86904 20.9229 0.05)
(11.6822 20.4406 0.05)
(14.7494 19.8658 0.05)
(18.1296 19.175 0.05)
(21.6485 18.3818 0.05)
(6.45333 22.5268 0)
(9.06488 22.1199 0)
(11.8964 21.6345 0)
(14.9825 21.0562 0)
(18.3845 20.3609 0)
(21.9156 19.565 0)
(6.45333 22.5268 0.05)
(9.06488 22.1199 0.05)
(11.8964 21.6345 0.05)
(14.9825 21.0562 0.05)
(18.3845 20.3609 0.05)
(21.9156 19.565 0.05)
(6.64033 23.7927 0)
(9.27149 23.3828 0)
(12.1223 22.894 0)
(15.2284 22.3119 0)
(18.6534 21.6119 0)
(22.1973 20.8133 0)
(6.64033 23.7927 0.05)
(9.27149 23.3828 0.05)
(12.1223 22.894 0.05)
(15.2284 22.3119 0.05)
(18.6534 21.6119 0.05)
(22.1973 20.8133 0.05)
(6.83762 25.1282 0)
(9.48947 24.7151 0)
(12.3607 24.2228 0)
(15.4878 23.6368 0)
(18.9371 22.9318 0)
(22.4945 22.1302 0)
(6.83762 25.1282 0.05)
(9.48947 24.7151 0.05)
(12.3607 24.2228 0.05)
(15.4878 23.6368 0.05)
(18.9371 22.9318 0.05)
(22.4945 22.1302 0.05)
(7.04576 26.5372 0)
(9.71943 26.1207 0)
(12.6122 25.6247 0)
(15.7615 25.0345 0)
(19.2364 24.3243 0)
(22.808 23.5195 0)
(7.04576 26.5372 0.05)
(9.71943 26.1207 0.05)
(12.6122 25.6247 0.05)
(15.7615 25.0345 0.05)
(19.2364 24.3243 0.05)
(22.808 23.5195 0.05)
(7.26535 28.0237 0)
(9.96204 27.6035 0)
(12.8775 27.1037 0)
(16.0502 26.5091 0)
(19.5522 25.7933 0)
(23.1389 24.9852 0)
(7.26535 28.0237 0.05)
(9.96204 27.6035 0.05)
(12.8775 27.1037 0.05)
(16.0502 26.5091 0.05)
(19.5522 25.7933 0.05)
(23.1389 24.9852 0.05)
(7.49702 29.5919 0)
(10.218 29.168 0)
(13.1574 28.6641 0)
(16.3549 28.0648 0)
(19.8853 27.3432 0)
(23.4878 26.5316 0)
(7.49702 29.5919 0.05)
(10.218 29.168 0.05)
(13.1574 28.6641 0.05)
(16.3549 28.0648 0.05)
(19.8853 27.3432 0.05)
(23.4878 26.5316 0.05)
(7.74143 31.2464 0)
(10.488 30.8185 0)
(13.4528 30.3102 0)
(16.6762 29.7061 0)
(20.2368 28.9782 0)
(23.856 28.163 0)
(7.74143 31.2464 0.05)
(10.488 30.8185 0.05)
(13.4528 30.3102 0.05)
(16.6762 29.7061 0.05)
(20.2368 28.9782 0.05)
(23.856 28.163 0.05)
(7.99928 32.9919 0)
(10.7729 32.5598 0)
(13.7643 32.0469 0)
(17.0153 31.4377 0)
(20.6076 30.7033 0)
(24.2445 29.8841 0)
(7.99928 32.9919 0.05)
(10.7729 32.5598 0.05)
(13.7643 32.0469 0.05)
(17.0153 31.4377 0.05)
(20.6076 30.7033 0.05)
(24.2445 29.8841 0.05)
(5.64672 35.1997 0)
(8.27131 34.8333 0)
(11.0735 34.3968 0)
(14.093 33.8792 0)
(17.373 33.2644 0)
(20.9988 32.5232 0)
(24.6543 31.6999 0)
(5.64672 35.1997 0.05)
(8.27131 34.8333 0.05)
(11.0735 34.3968 0.05)
(14.093 33.8792 0.05)
(17.373 33.2644 0.05)
(20.9988 32.5232 0.05)
(24.6543 31.6999 0.05)
(5.90199 37.1469 0)
(8.55831 36.7761 0)
(11.3906 36.3349 0)
(14.4398 35.8121 0)
(17.7504 35.1917 0)
(21.4115 34.4432 0)
(25.0866 33.6156 0)
(5.90199 37.1469 0.05)
(8.55831 36.7761 0.05)
(11.3906 36.3349 0.05)
(14.4398 35.8121 0.05)
(17.7504 35.1917 0.05)
(21.4115 34.4432 0.05)
(25.0866 33.6156 0.05)
(6.17131 39.2012 0)
(8.86109 38.8257 0)
(11.7251 38.3796 0)
(14.8056 37.8514 0)
(18.1485 37.2249 0)
(21.8469 36.4687 0)
(25.5427 35.6366 0)
(6.17131 39.2012 0.05)
(8.86109 38.8257 0.05)
(11.7251 38.3796 0.05)
(14.8056 37.8514 0.05)
(18.1485 37.2249 0.05)
(21.8469 36.4687 0.05)
(25.5427 35.6366 0.05)
(6.45543 41.3685 0)
(9.18052 40.9881 0)
(12.078 40.5367 0)
(15.1916 40.0029 0)
(18.5685 39.37 0)
(22.3063 38.6057 0)
(26.0239 37.7688 0)
(6.45543 41.3685 0.05)
(9.18052 40.9881 0.05)
(12.078 40.5367 0.05)
(15.1916 40.0029 0.05)
(18.5685 39.37 0.05)
(22.3063 38.6057 0.05)
(26.0239 37.7688 0.05)
(6.75518 43.6549 0)
(9.51752 43.2693 0)
(12.4503 42.8125 0)
(15.5987 42.2727 0)
(19.0117 41.633 0)
(22.7909 40.8603 0)
(26.5316 40.0182 0)
(6.75518 43.6549 0.05)
(9.51752 43.2693 0.05)
(12.4503 42.8125 0.05)
(15.5987 42.2727 0.05)
(19.0117 41.633 0.05)
(22.7909 40.8603 0.05)
(26.5316 40.0182 0.05)
(7.07142 46.0672 0)
(9.87306 45.6761 0)
(12.8432 45.2134 0)
(16.0283 44.6673 0)
(19.4792 44.0206 0)
(23.3021 43.2388 0)
(27.0672 42.3914 0)
(7.07142 46.0672 0.05)
(9.87306 45.6761 0.05)
(12.8432 45.2134 0.05)
(16.0283 44.6673 0.05)
(19.4792 44.0206 0.05)
(23.3021 43.2388 0.05)
(27.0672 42.3914 0.05)
(7.40505 48.6121 0)
(10.2481 48.2152 0)
(13.2576 47.7464 0)
(16.4815 47.1937 0)
(19.9724 46.5394 0)
(23.8415 45.7482 0)
(27.6323 44.8951 0)
(7.40505 48.6121 0.05)
(10.2481 48.2152 0.05)
(13.2576 47.7464 0.05)
(16.4815 47.1937 0.05)
(19.9724 46.5394 0.05)
(23.8415 45.7482 0.05)
(27.6323 44.8951 0.05)
(7.75703 51.2969 0)
(10.6439 50.8939 0)
(13.6948 50.4187 0)
(16.9597 49.859 0)
(20.4927 49.1968 0)
(24.4106 48.3955 0)
(28.2284 47.5365 0)
(7.75703 51.2969 0.05)
(10.6439 50.8939 0.05)
(13.6948 50.4187 0.05)
(16.9597 49.859 0.05)
(20.4927 49.1968 0.05)
(24.4106 48.3955 0.05)
(28.2284 47.5365 0.05)
(8.12837 54.1294 0)
(11.0614 53.72 0)
(14.156 53.238 0)
(17.4641 52.6708 0)
(21.0417 52.0003 0)
(25.0109 51.1885 0)
(28.8573 50.3232 0)
(8.12837 54.1294 0.05)
(11.0614 53.72 0.05)
(14.156 53.238 0.05)
(17.4641 52.6708 0.05)
(21.0417 52.0003 0.05)
(25.0109 51.1885 0.05)
(28.8573 50.3232 0.05)
(5.66206 57.4677 0)
(8.52013 57.1178 0)
(11.5018 56.7016 0)
(14.6427 56.2123 0)
(17.9963 55.6374 0)
(21.6208 54.958 0)
(25.6443 54.1351 0)
(29.5208 53.2631 0)
(5.66206 57.4677 0.05)
(8.52013 57.1178 0.05)
(11.5018 56.7016 0.05)
(14.6427 56.2123 0.05)
(17.9963 55.6374 0.05)
(21.6208 54.958 0.05)
(25.6443 54.1351 0.05)
(29.5208 53.2631 0.05)
(6.02033 60.6271 0)
(8.93344 60.2704 0)
(11.9665 59.8471 0)
(15.156 59.3502 0)
(18.5577 58.7671 0)
(22.2318 58.0784 0)
(26.3125 57.2437 0)
(30.2208 56.3648 0)
(6.02033 60.6271 0.05)
(8.93344 60.2704 0.05)
(11.9665 59.8471 0.05)
(15.156 59.3502 0.05)
(18.5577 58.7671 0.05)
(22.2318 58.0784 0.05)
(26.3125 57.2437 0.05)
(30.2208 56.3648 0.05)
(6.39831 63.9603 0)
(9.36948 63.5965 0)
(12.4567 63.1656 0)
(15.6977 62.6608 0)
(19.15 62.0689 0)
(22.8765 61.3704 0)
(27.0175 60.5233 0)
(30.9593 59.637 0)
(6.39831 63.9603 0.05)
(9.36948 63.5965 0.05)
(12.4567 63.1656 0.05)
(15.6977 62.6608 0.05)
(19.15 62.0689 0.05)
(22.8765 61.3704 0.05)
(27.0175 60.5233 0.05)
(30.9593 59.637 0.05)
(6.79708 67.4768 0)
(9.82951 67.1055 0)
(12.9739 66.6666 0)
(16.2691 66.1534 0)
(19.775 65.5523 0)
(23.5565 64.8435 0)
(27.7612 63.9833 0)
(31.7384 63.0892 0)
(6.79708 67.4768 0.05)
(9.82951 67.1055 0.05)
(12.9739 66.6666 0.05)
(16.2691 66.1534 0.05)
(19.775 65.5523 0.05)
(23.5565 64.8435 0.05)
(27.7612 63.9833 0.05)
(31.7384 63.0892 0.05)
(7.21778 71.1867 0)
(10.3148 70.8075 0)
(13.5195 70.3602 0)
(16.8719 69.8381 0)
(20.4342 69.2273 0)
(24.274 68.5076 0)
(28.5459 67.6336 0)
(32.5604 66.7313 0)
(7.21778 71.1867 0.05)
(10.3148 70.8075 0.05)
(13.5195 70.3602 0.05)
(16.8719 69.8381 0.05)
(20.4342 69.2273 0.05)
(24.274 68.5076 0.05)
(28.5459 67.6336 0.05)
(32.5604 66.7313 0.05)
(7.66162 75.1006 0)
(10.8268 74.7131 0)
(14.0952 74.257 0)
(17.5079 73.7254 0)
(21.1298 73.1045 0)
(25.0309 72.3732 0)
(29.3737 71.4847 0)
(33.4276 70.5737 0)
(7.66162 75.1006 0.05)
(10.8268 74.7131 0.05)
(14.0952 74.257 0.05)
(17.5079 73.7254 0.05)
(21.1298 73.1045 0.05)
(25.0309 72.3732 0.05)
(29.3737 71.4847 0.05)
(33.4276 70.5737 0.05)
(8.12987 79.2299 0)
(11.367 78.8335 0)
(14.7025 78.368 0)
(18.1789 77.8265 0)
(21.8635 77.1948 0)
(25.8295 76.4514 0)
(30.247 75.5476 0)
(34.3425 74.6274 0)
(8.12987 79.2299 0.05)
(11.367 78.8335 0.05)
(14.7025 78.368 0.05)
(18.1789 77.8265 0.05)
(21.8635 77.1948 0.05)
(25.8295 76.4514 0.05)
(30.247 75.5476 0.05)
(34.3425 74.6274 0.05)
(5.37488 83.9244 0)
(8.62388 83.5862 0)
(11.9369 83.1806 0)
(15.3432 82.7052 0)
(18.8868 82.1533 0)
(22.6377 81.5102 0)
(26.672 80.754 0)
(31.1683 79.8339 0)
(35.3076 78.9041 0)
(5.37488 83.9244 0.05)
(8.62388 83.5862 0.05)
(11.9369 83.1806 0.05)
(15.3432 82.7052 0.05)
(18.8868 82.1533 0.05)
(22.6377 81.5102 0.05)
(26.672 80.754 0.05)
(31.1683 79.8339 0.05)
(35.3076 78.9041 0.05)
(5.80992 88.5293 0)
(9.14505 88.1821 0)
(12.5381 87.7667 0)
(16.0191 87.2809 0)
(19.6336 86.7179 0)
(23.4544 86.0629 0)
(27.5608 85.2931 0)
(32.1404 84.356 0)
(36.3259 83.416 0)
(5.80992 88.5293 0.05)
(9.14505 88.1821 0.05)
(12.5381 87.7667 0.05)
(16.0191 87.2809 0.05)
(19.6336 86.7179 0.05)
(23.4544 86.0629 0.05)
(27.5608 85.2931 0.05)
(32.1404 84.356 0.05)
(36.3259 83.416 0.05)
(6.26888 93.3874 0)
(9.69489 93.0308 0)
(13.1724 92.6051 0)
(16.7323 92.1083 0)
(20.4215 91.5337 0)
(24.3161 90.866 0)
(28.4985 90.082 0)
(33.1659 89.1268 0)
(37.4002 88.176 0)
(6.26888 93.3874 0.05)
(9.69489 93.0308 0.05)
(13.1724 92.6051 0.05)
(16.7323 92.1083 0.05)
(20.4215 91.5337 0.05)
(24.3161 90.866 0.05)
(28.4985 90.082 0.05)
(33.1659 89.1268 0.05)
(37.4002 88.176 0.05)
(6.75309 98.5127 0)
(10.275 98.1461 0)
(13.8416 97.7095 0)
(17.4846 97.2012 0)
(21.2527 96.6143 0)
(25.2251 95.9332 0)
(29.4877 95.1342 0)
(34.2477 94.16 0)
(38.5336 93.1979 0)
(6.75309 98.5127 0.05)
(10.275 98.1461 0.05)
(13.8416 97.7095 0.05)
(17.4846 97.2012 0.05)
(21.2527 96.6143 0.05)
(25.2251 95.9332 0.05)
(29.4877 95.1342 0.05)
(34.2477 94.16 0.05)
(38.5336 93.1979 0.05)
(7.26393 103.92 0)
(10.887 103.543 0)
(14.5476 103.095 0)
(18.2783 102.574 0)
(22.1297 101.974 0)
(26.1841 101.279 0)
(30.5314 100.464 0)
(35.3891 99.47 0)
(39.7293 98.4959 0)
(7.26393 103.92 0.05)
(10.887 103.543 0.05)
(14.5476 103.095 0.05)
(18.2783 102.574 0.05)
(22.1297 101.974 0.05)
(26.1841 101.279 0.05)
(30.5314 100.464 0.05)
(35.3891 99.47 0.05)
(39.7293 98.4959 0.05)
(7.80287 109.625 0)
(11.5326 109.236 0)
(15.2924 108.776 0)
(19.1157 108.243 0)
(23.0549 107.629 0)
(27.1959 106.919 0)
(31.6325 106.087 0)
(36.5933 105.072 0)
(40.9907 104.085 0)
(7.80287 109.625 0.05)
(11.5326 109.236 0.05)
(15.2924 108.776 0.05)
(19.1157 108.243 0.05)
(23.0549 107.629 0.05)
(27.1959 106.919 0.05)
(31.6325 106.087 0.05)
(36.5933 105.072 0.05)
(40.9907 104.085 0.05)
(8.37145 115.643 0)
(12.2138 115.243 0)
(16.0782 114.77 0)
(19.9991 114.223 0)
(24.0309 113.595 0)
(28.2633 112.869 0)
(32.7942 112.02 0)
(37.8637 110.982 0)
(42.3216 109.982 0)
(8.37145 115.643 0.05)
(12.2138 115.243 0.05)
(16.0782 114.77 0.05)
(19.9991 114.223 0.05)
(24.0309 113.595 0.05)
(28.2633 112.869 0.05)
(32.7942 112.02 0.05)
(37.8637 110.982 0.05)
(42.3216 109.982 0.05)
(4.85563 120.361 0)
(8.78714 120.049 0)
(12.715 119.666 0)
(16.6611 119.212 0)
(20.6606 118.687 0)
(24.7698 118.085 0)
(29.082 117.389 0)
(33.699 116.574 0)
(38.8725 115.579 0)
(43.3957 114.611 0)
(4.85563 120.361 0.05)
(8.78714 120.049 0.05)
(12.715 119.666 0.05)
(16.6611 119.212 0.05)
(20.6606 118.687 0.05)
(24.7698 118.085 0.05)
(29.082 117.389 0.05)
(33.699 116.574 0.05)
(38.8725 115.579 0.05)
(43.3957 114.611 0.05)
(5.21387 125.193 0)
(9.2444 124.896 0)
(13.2664 124.531 0)
(17.3022 124.098 0)
(21.3882 123.598 0)
(25.5826 123.024 0)
(29.9825 122.36 0)
(34.6944 121.584 0)
(39.9823 120.635 0)
(44.5772 119.702 0)
(5.21387 125.193 0.05)
(9.2444 124.896 0.05)
(13.2664 124.531 0.05)
(17.3022 124.098 0.05)
(21.3882 123.598 0.05)
(25.5826 123.024 0.05)
(29.9825 122.36 0.05)
(34.6944 121.584 0.05)
(39.9823 120.635 0.05)
(44.5772 119.702 0.05)
(5.60794 130.509 0)
(9.74738 130.228 0)
(13.8728 129.882 0)
(18.0074 129.473 0)
(22.1885 129 0)
(26.4767 128.457 0)
(30.973 127.829 0)
(35.7892 127.094 0)
(41.2029 126.197 0)
(45.8769 125.302 0)
(5.60794 130.509 0.05)
(9.74738 130.228 0.05)
(13.8728 129.882 0.05)
(18.0074 129.473 0.05)
(22.1885 129 0.05)
(26.4767 128.457 0.05)
(30.973 127.829 0.05)
(35.7892 127.094 0.05)
(41.2029 126.197 0.05)
(45.8769 125.302 0.05)
(6.04141 136.356 0)
(10.3007 136.093 0)
(14.54 135.769 0)
(18.7832 135.385 0)
(23.0689 134.942 0)
(27.4601 134.433 0)
(32.0627 133.844 0)
(36.9936 133.156 0)
(42.5457 132.314 0)
(47.3065 131.463 0)
(6.04141 136.356 0.05)
(10.3007 136.093 0.05)
(14.54 135.769 0.05)
(18.7832 135.385 0.05)
(23.0689 134.942 0.05)
(27.4601 134.433 0.05)
(32.0627 133.844 0.05)
(36.9936 133.156 0.05)
(42.5457 132.314 0.05)
(47.3065 131.463 0.05)
(6.51824 142.788 0)
(10.9093 142.544 0)
(15.2739 142.244 0)
(19.6365 141.889 0)
(24.0373 141.478 0)
(28.542 141.006 0)
(33.2613 140.461 0)
(38.3184 139.824 0)
(44.0227 139.044 0)
(48.8791 138.239 0)
(6.51824 142.788 0.05)
(10.9093 142.544 0.05)
(15.2739 142.244 0.05)
(19.6365 141.889 0.05)
(24.0373 141.478 0.05)
(28.542 141.006 0.05)
(33.2613 140.461 0.05)
(38.3184 139.824 0.05)
(44.0227 139.044 0.05)
(48.8791 138.239 0.05)
(7.04274 149.864 0)
(11.5788 149.641 0)
(16.0811 149.367 0)
(20.5751 149.043 0)
(25.1026 148.668 0)
(29.732 148.237 0)
(34.5797 147.74 0)
(39.7756 147.158 0)
(45.6474 146.447 0)
(50.6089 145.693 0)
(7.04274 149.864 0.05)
(11.5788 149.641 0.05)
(16.0811 149.367 0.05)
(20.5751 149.043 0.05)
(25.1026 148.668 0.05)
(29.732 148.237 0.05)
(34.5797 147.74 0.05)
(39.7756 147.158 0.05)
(45.6474 146.447 0.05)
(50.6089 145.693 0.05)
(7.6197 157.646 0)
(12.3152 157.447 0)
(16.9691 157.202 0)
(21.6076 156.912 0)
(26.2744 156.577 0)
(31.041 156.192 0)
(36.03 155.747 0)
(41.3786 155.226 0)
(47.4346 154.59 0)
(52.5117 153.892 0)
(7.6197 157.646 0.05)
(12.3152 157.447 0.05)
(16.9691 157.202 0.05)
(21.6076 156.912 0.05)
(26.2744 156.577 0.05)
(31.041 156.192 0.05)
(36.03 155.747 0.05)
(41.3786 155.226 0.05)
(47.4346 154.59 0.05)
(52.5117 153.892 0.05)
(8.25435 166.207 0)
(13.1252 166.034 0)
(17.9458 165.821 0)
(22.7434 165.568 0)
(27.5633 165.276 0)
(32.4809 164.941 0)
(37.6253 164.554 0)
(43.1419 164.101 0)
(49.4005 163.547 0)
(54.6048 162.912 0)
(8.25435 166.207 0.05)
(13.1252 166.034 0.05)
(17.9458 165.821 0.05)
(22.7434 165.568 0.05)
(27.5633 165.276 0.05)
(32.4809 164.941 0.05)
(37.6253 164.554 0.05)
(43.1419 164.101 0.05)
(49.4005 163.547 0.05)
(54.6048 162.912 0.05)
(8.95246 175.625 0)
(14.0163 175.48 0)
(19.0203 175.301 0)
(23.9928 175.09 0)
(28.9812 174.846 0)
(34.0647 174.566 0)
(39.3801 174.242 0)
(45.0815 173.863 0)
(51.563 173.4 0)
(56.9073 172.833 0)
(8.95246 175.625 0.05)
(14.0163 175.48 0.05)
(19.0203 175.301 0.05)
(23.9928 175.09 0.05)
(28.9812 174.846 0.05)
(34.0647 174.566 0.05)
(39.3801 174.242 0.05)
(45.0815 173.863 0.05)
(51.563 173.4 0.05)
(56.9073 172.833 0.05)
(4.34698 185.819 0)
(9.72039 185.983 0)
(14.9965 185.87 0)
(20.2022 185.73 0)
(25.3671 185.564 0)
(30.5409 185.373 0)
(35.807 185.153 0)
(41.3105 184.899 0)
(47.2151 184.601 0)
(53.9418 184.238 0)
(59.4399 183.747 0)
(4.34698 185.819 0.05)
(9.72039 185.983 0.05)
(14.9965 185.87 0.05)
(20.2022 185.73 0.05)
(25.3671 185.564 0.05)
(30.5409 185.373 0.05)
(35.807 185.153 0.05)
(41.3105 184.899 0.05)
(47.2151 184.601 0.05)
(53.9418 184.238 0.05)
(59.4399 183.747 0.05)
(4.94462 197.148 0)
(10.5651 197.378 0)
(16.0747 197.299 0)
(21.5023 197.201 0)
(26.8788 197.086 0)
(32.2565 196.952 0)
(37.7235 196.798 0)
(43.4338 196.621 0)
(49.5621 196.414 0)
(56.5584 196.16 0)
(62.2259 195.752 0)
(4.94462 197.148 0.05)
(10.5651 197.378 0.05)
(16.0747 197.299 0.05)
(21.5023 197.201 0.05)
(26.8788 197.086 0.05)
(32.2565 196.952 0.05)
(37.7235 196.798 0.05)
(43.4338 196.621 0.05)
(49.5621 196.414 0.05)
(56.5584 196.16 0.05)
(62.2259 195.752 0.05)
(5.60202 209.608 0)
(11.4943 209.912 0)
(17.2607 209.871 0)
(22.9323 209.82 0)
(28.5416 209.759 0)
(34.1437 209.689 0)
(39.8317 209.609 0)
(45.7695 209.516 0)
(52.1437 209.407 0)
(59.4367 209.274 0)
(65.2904 208.957 0)
(5.60202 209.608 0.05)
(11.4943 209.912 0.05)
(17.2607 209.871 0.05)
(22.9323 209.82 0.05)
(28.5416 209.759 0.05)
(34.1437 209.689 0.05)
(39.8317 209.609 0.05)
(45.7695 209.516 0.05)
(52.1437 209.407 0.05)
(59.4367 209.274 0.05)
(65.2904 208.957 0.05)
(6.32516 223.316 0)
(12.5164 223.7 0)
(18.5653 223.7 0)
(24.5054 223.7 0)
(30.3708 223.7 0)
(36.2196 223.7 0)
(42.1507 223.7 0)
(48.3388 223.7 0)
(54.9835 223.7 0)
(62.6028 223.7 0)
(68.6614 223.483 0)
(6.32516 223.316 0.05)
(12.5164 223.7 0.05)
(18.5653 223.7 0.05)
(24.5054 223.7 0.05)
(30.3708 223.7 0.05)
(36.2196 223.7 0.05)
(42.1507 223.7 0.05)
(48.3388 223.7 0.05)
(54.9835 223.7 0.05)
(62.6028 223.7 0.05)
(68.6614 223.483 0.05)
(20.3766 -5.0487e-06 0)
(20.3766 -5.0487e-06 0.05)
(20.4154 0.172166 0)
(20.4154 0.172166 0.05)
(20.4564 0.353806 0)
(20.4564 0.353806 0.05)
(20.4997 0.545437 0)
(20.4997 0.545437 0.05)
(20.5453 0.747607 0)
(20.5453 0.747607 0.05)
(20.5934 0.960897 0)
(20.5934 0.960897 0.05)
(20.6442 1.18592 0)
(20.6442 1.18592 0.05)
(20.6978 1.42331 0)
(20.6978 1.42331 0.05)
(20.7543 1.67377 0)
(20.7543 1.67377 0.05)
(20.814 1.938 0)
(20.814 1.938 0.05)
(20.8769 2.21676 0)
(20.8769 2.21676 0.05)
(20.9433 2.51085 0)
(20.9433 2.51085 0.05)
(21.0133 2.82112 0)
(21.0133 2.82112 0.05)
(21.0872 3.14845 0)
(21.0872 3.14845 0.05)
(21.1651 3.49378 0)
(21.1651 3.49378 0.05)
(21.2473 3.85811 0)
(21.2473 3.85811 0.05)
(21.3341 4.24248 0)
(21.3341 4.24248 0.05)
(21.4256 4.64799 0)
(21.4256 4.64799 0.05)
(21.5221 5.0758 0)
(21.5221 5.0758 0.05)
(21.624 5.52714 0)
(21.624 5.52714 0.05)
(21.7315 6.0033 0)
(21.7315 6.0033 0.05)
(21.8448 6.50566 0)
(21.8448 6.50566 0.05)
(21.9644 7.03564 0)
(21.9644 7.03564 0.05)
(22.0906 7.59477 0)
(22.0906 7.59477 0.05)
(22.2238 8.18465 0)
(22.2238 8.18465 0.05)
(22.3642 8.80698 0)
(22.3642 8.80698 0.05)
(22.5124 9.46353 0)
(22.5124 9.46353 0.05)
(22.6687 10.1562 0)
(22.6687 10.1562 0.05)
(22.8336 10.887 0)
(22.8336 10.887 0.05)
(23.0076 11.6579 0)
(23.0076 11.6579 0.05)
(23.1912 12.4713 0)
(23.1912 12.4713 0.05)
(23.3849 13.3294 0)
(23.3849 13.3294 0.05)
(23.5892 14.2346 0)
(23.5892 14.2346 0.05)
(23.8047 15.1897 0)
(23.8047 15.1897 0.05)
(24.0321 16.1973 0)
(24.0321 16.1973 0.05)
(24.272 17.2603 0)
(24.272 17.2603 0.05)
(24.5251 18.3818 0)
(24.5251 18.3818 0.05)
(24.7922 19.565 0)
(24.7922 19.565 0.05)
(25.0739 20.8133 0)
(25.0739 20.8133 0.05)
(25.3711 22.1302 0)
(25.3711 22.1302 0.05)
(25.6846 23.5195 0)
(25.6846 23.5195 0.05)
(26.0154 24.9852 0)
(26.0154 24.9852 0.05)
(26.3644 26.5316 0)
(26.3644 26.5316 0.05)
(26.7326 28.163 0)
(26.7326 28.163 0.05)
(27.1211 29.8841 0)
(27.1211 29.8841 0.05)
(27.5309 31.6999 0)
(27.5309 31.6999 0.05)
(27.9632 33.6156 0)
(27.9632 33.6156 0.05)
(28.4193 35.6366 0)
(28.4193 35.6366 0.05)
(28.9005 37.7688 0)
(28.9005 37.7688 0.05)
(29.4082 40.0182 0)
(29.4082 40.0182 0.05)
(29.9438 42.3914 0)
(29.9438 42.3914 0.05)
(30.5088 44.8951 0)
(30.5088 44.8951 0.05)
(31.105 47.5365 0)
(31.105 47.5365 0.05)
(31.7339 50.3232 0)
(31.7339 50.3232 0.05)
(32.3974 53.2631 0)
(32.3974 53.2631 0.05)
(33.0974 56.3648 0)
(33.0974 56.3648 0.05)
(33.8359 59.637 0)
(33.8359 59.637 0.05)
(34.615 63.0892 0)
(34.615 63.0892 0.05)
(35.437 66.7313 0)
(35.437 66.7313 0.05)
(36.3042 70.5737 0)
(36.3042 70.5737 0.05)
(37.219 74.6274 0)
(37.219 74.6274 0.05)
(38.1842 78.9041 0)
(38.1842 78.9041 0.05)
(39.2025 83.416 0)
(39.2025 83.416 0.05)
(40.2768 88.176 0)
(40.2768 88.176 0.05)
(41.4102 93.1979 0)
(41.4102 93.1979 0.05)
(42.6059 98.4959 0)
(42.6059 98.4959 0.05)
(43.8673 104.085 0)
(43.8673 104.085 0.05)
(45.1982 109.982 0)
(45.1982 109.982 0.05)
(46.2723 114.611 0)
(46.2723 114.611 0.05)
(47.4538 119.702 0)
(47.4538 119.702 0.05)
(48.7534 125.302 0)
(48.7534 125.302 0.05)
(50.1831 131.463 0)
(50.1831 131.463 0.05)
(51.7556 138.239 0)
(51.7556 138.239 0.05)
(53.4855 145.693 0)
(53.4855 145.693 0.05)
(55.3883 153.892 0)
(55.3883 153.892 0.05)
(57.4814 162.912 0)
(57.4814 162.912 0.05)
(59.7839 172.833 0)
(59.7839 172.833 0.05)
(62.3165 183.747 0)
(62.3165 183.747 0.05)
(65.1025 195.752 0)
(65.1025 195.752 0.05)
(68.167 208.957 0)
(68.167 208.957 0.05)
(71.538 223.483 0)
(71.538 223.483 0.05)
(23.397 -5.0487e-06 0)
(23.397 -5.0487e-06 0.05)
(23.4359 0.172166 0)
(23.4359 0.172166 0.05)
(23.4769 0.353806 0)
(23.4769 0.353806 0.05)
(23.5201 0.545437 0)
(23.5201 0.545437 0.05)
(23.5657 0.747607 0)
(23.5657 0.747607 0.05)
(23.6139 0.960897 0)
(23.6139 0.960897 0.05)
(23.6647 1.18592 0)
(23.6647 1.18592 0.05)
(23.7182 1.42331 0)
(23.7182 1.42331 0.05)
(23.7748 1.67377 0)
(23.7748 1.67377 0.05)
(23.8344 1.938 0)
(23.8344 1.938 0.05)
(23.8973 2.21676 0)
(23.8973 2.21676 0.05)
(23.9637 2.51085 0)
(23.9637 2.51085 0.05)
(24.0337 2.82112 0)
(24.0337 2.82112 0.05)
(24.1076 3.14845 0)
(24.1076 3.14845 0.05)
(24.1855 3.49378 0)
(24.1855 3.49378 0.05)
(24.2677 3.85811 0)
(24.2677 3.85811 0.05)
(24.3545 4.24248 0)
(24.3545 4.24248 0.05)
(24.446 4.64799 0)
(24.446 4.64799 0.05)
(24.5425 5.0758 0)
(24.5425 5.0758 0.05)
(24.6444 5.52714 0)
(24.6444 5.52714 0.05)
(24.7519 6.0033 0)
(24.7519 6.0033 0.05)
(24.8652 6.50566 0)
(24.8652 6.50566 0.05)
(24.9849 7.03564 0)
(24.9849 7.03564 0.05)
(25.111 7.59477 0)
(25.111 7.59477 0.05)
(25.2442 8.18465 0)
(25.2442 8.18465 0.05)
(25.3846 8.80698 0)
(25.3846 8.80698 0.05)
(25.5328 9.46353 0)
(25.5328 9.46353 0.05)
(25.6891 10.1562 0)
(25.6891 10.1562 0.05)
(25.8541 10.887 0)
(25.8541 10.887 0.05)
(26.028 11.6579 0)
(26.028 11.6579 0.05)
(26.2116 12.4713 0)
(26.2116 12.4713 0.05)
(26.4053 13.3294 0)
(26.4053 13.3294 0.05)
(26.6096 14.2346 0)
(26.6096 14.2346 0.05)
(26.8251 15.1897 0)
(26.8251 15.1897 0.05)
(27.0525 16.1973 0)
(27.0525 16.1973 0.05)
(27.2924 17.2603 0)
(27.2924 17.2603 0.05)
(27.5456 18.3818 0)
(27.5456 18.3818 0.05)
(27.8126 19.565 0)
(27.8126 19.565 0.05)
(28.0943 20.8133 0)
(28.0943 20.8133 0.05)
(28.3915 22.1302 0)
(28.3915 22.1302 0.05)
(28.7051 23.5195 0)
(28.7051 23.5195 0.05)
(29.0359 24.9852 0)
(29.0359 24.9852 0.05)
(29.3848 26.5316 0)
(29.3848 26.5316 0.05)
(29.753 28.163 0)
(29.753 28.163 0.05)
(30.1415 29.8841 0)
(30.1415 29.8841 0.05)
(30.5513 31.6999 0)
(30.5513 31.6999 0.05)
(30.9836 33.6156 0)
(30.9836 33.6156 0.05)
(31.4397 35.6366 0)
(31.4397 35.6366 0.05)
(31.9209 37.7688 0)
(31.9209 37.7688 0.05)
(32.4286 40.0182 0)
(32.4286 40.0182 0.05)
(32.9642 42.3914 0)
(32.9642 42.3914 0.05)
(33.5293 44.8951 0)
(33.5293 44.8951 0.05)
(34.1254 47.5365 0)
(34.1254 47.5365 0.05)
(34.7543 50.3232 0)
(34.7543 50.3232 0.05)
(35.4178 53.2631 0)
(35.4178 53.2631 0.05)
(36.1178 56.3648 0)
(36.1178 56.3648 0.05)
(36.8563 59.637 0)
(36.8563 59.637 0.05)
(37.6354 63.0892 0)
(37.6354 63.0892 0.05)
(38.4574 66.7313 0)
(38.4574 66.7313 0.05)
(39.3246 70.5737 0)
(39.3246 70.5737 0.05)
(40.2395 74.6274 0)
(40.2395 74.6274 0.05)
(41.2047 78.9041 0)
(41.2047 78.9041 0.05)
(42.2229 83.416 0)
(42.2229 83.416 0.05)
(43.2972 88.176 0)
(43.2972 88.176 0.05)
(44.4306 93.1979 0)
(44.4306 93.1979 0.05)
(45.6263 98.4959 0)
(45.6263 98.4959 0.05)
(46.8877 104.085 0)
(46.8877 104.085 0.05)
(48.2186 109.982 0)
(48.2186 109.982 0.05)
(49.2927 114.611 0)
(49.2927 114.611 0.05)
(50.4742 119.702 0)
(50.4742 119.702 0.05)
(51.7739 125.302 0)
(51.7739 125.302 0.05)
(53.2035 131.463 0)
(53.2035 131.463 0.05)
(54.7761 138.239 0)
(54.7761 138.239 0.05)
(56.5059 145.693 0)
(56.5059 145.693 0.05)
(58.4087 153.892 0)
(58.4087 153.892 0.05)
(60.5019 162.912 0)
(60.5019 162.912 0.05)
(62.8043 172.833 0)
(62.8043 172.833 0.05)
(65.3369 183.747 0)
(65.3369 183.747 0.05)
(68.1229 195.752 0)
(68.1229 195.752 0.05)
(71.1874 208.957 0)
(71.1874 208.957 0.05)
(26.5684 -5.0487e-06 0)
(26.5684 -5.0487e-06 0.05)
(26.6073 0.172166 0)
(26.6073 0.172166 0.05)
(26.6483 0.353806 0)
(26.6483 0.353806 0.05)
(26.6915 0.545437 0)
(26.6915 0.545437 0.05)
(26.7372 0.747607 0)
(26.7372 0.747607 0.05)
(26.7853 0.960897 0)
(26.7853 0.960897 0.05)
(26.8361 1.18592 0)
(26.8361 1.18592 0.05)
(26.8897 1.42331 0)
(26.8897 1.42331 0.05)
(26.9462 1.67377 0)
(26.9462 1.67377 0.05)
(27.0058 1.938 0)
(27.0058 1.938 0.05)
(27.0687 2.21676 0)
(27.0687 2.21676 0.05)
(27.1351 2.51085 0)
(27.1351 2.51085 0.05)
(27.2051 2.82112 0)
(27.2051 2.82112 0.05)
(27.279 3.14845 0)
(27.279 3.14845 0.05)
(27.3569 3.49378 0)
(27.3569 3.49378 0.05)
(27.4392 3.85811 0)
(27.4392 3.85811 0.05)
(27.5259 4.24248 0)
(27.5259 4.24248 0.05)
(27.6174 4.64799 0)
(27.6174 4.64799 0.05)
(27.714 5.0758 0)
(27.714 5.0758 0.05)
(27.8158 5.52714 0)
(27.8158 5.52714 0.05)
(27.9233 6.0033 0)
(27.9233 6.0033 0.05)
(28.0367 6.50566 0)
(28.0367 6.50566 0.05)
(28.1563 7.03564 0)
(28.1563 7.03564 0.05)
(28.2825 7.59477 0)
(28.2825 7.59477 0.05)
(28.4156 8.18465 0)
(28.4156 8.18465 0.05)
(28.5561 8.80698 0)
(28.5561 8.80698 0.05)
(28.7042 9.46353 0)
(28.7042 9.46353 0.05)
(28.8606 10.1562 0)
(28.8606 10.1562 0.05)
(29.0255 10.887 0)
(29.0255 10.887 0.05)
(29.1995 11.6579 0)
(29.1995 11.6579 0.05)
(29.383 12.4713 0)
(29.383 12.4713 0.05)
(29.5767 13.3294 0)
(29.5767 13.3294 0.05)
(29.781 14.2346 0)
(29.781 14.2346 0.05)
(29.9966 15.1897 0)
(29.9966 15.1897 0.05)
(30.224 16.1973 0)
(30.224 16.1973 0.05)
(30.4639 17.2603 0)
(30.4639 17.2603 0.05)
(30.717 18.3818 0)
(30.717 18.3818 0.05)
(30.984 19.565 0)
(30.984 19.565 0.05)
(31.2657 20.8133 0)
(31.2657 20.8133 0.05)
(31.5629 22.1302 0)
(31.5629 22.1302 0.05)
(31.8765 23.5195 0)
(31.8765 23.5195 0.05)
(32.2073 24.9852 0)
(32.2073 24.9852 0.05)
(32.5563 26.5316 0)
(32.5563 26.5316 0.05)
(32.9245 28.163 0)
(32.9245 28.163 0.05)
(33.3129 29.8841 0)
(33.3129 29.8841 0.05)
(33.7227 31.6999 0)
(33.7227 31.6999 0.05)
(34.1551 33.6156 0)
(34.1551 33.6156 0.05)
(34.6112 35.6366 0)
(34.6112 35.6366 0.05)
(35.0924 37.7688 0)
(35.0924 37.7688 0.05)
(35.6001 40.0182 0)
(35.6001 40.0182 0.05)
(36.1356 42.3914 0)
(36.1356 42.3914 0.05)
(36.7007 44.8951 0)
(36.7007 44.8951 0.05)
(37.2968 47.5365 0)
(37.2968 47.5365 0.05)
(37.9257 50.3232 0)
(37.9257 50.3232 0.05)
(38.5893 53.2631 0)
(38.5893 53.2631 0.05)
(39.2893 56.3648 0)
(39.2893 56.3648 0.05)
(40.0278 59.637 0)
(40.0278 59.637 0.05)
(40.8069 63.0892 0)
(40.8069 63.0892 0.05)
(41.6288 66.7313 0)
(41.6288 66.7313 0.05)
(42.496 70.5737 0)
(42.496 70.5737 0.05)
(43.4109 74.6274 0)
(43.4109 74.6274 0.05)
(44.3761 78.9041 0)
(44.3761 78.9041 0.05)
(45.3944 83.416 0)
(45.3944 83.416 0.05)
(46.4686 88.176 0)
(46.4686 88.176 0.05)
(47.602 93.1979 0)
(47.602 93.1979 0.05)
(48.7977 98.4959 0)
(48.7977 98.4959 0.05)
(50.0592 104.085 0)
(50.0592 104.085 0.05)
(51.39 109.982 0)
(51.39 109.982 0.05)
(52.4641 114.611 0)
(52.4641 114.611 0.05)
(53.6456 119.702 0)
(53.6456 119.702 0.05)
(54.9453 125.302 0)
(54.9453 125.302 0.05)
(56.3749 131.463 0)
(56.3749 131.463 0.05)
(57.9475 138.239 0)
(57.9475 138.239 0.05)
(59.6773 145.693 0)
(59.6773 145.693 0.05)
(61.5802 153.892 0)
(61.5802 153.892 0.05)
(63.6733 162.912 0)
(63.6733 162.912 0.05)
(65.9757 172.833 0)
(65.9757 172.833 0.05)
(68.5084 183.747 0)
(68.5084 183.747 0.05)
(71.2943 195.752 0)
(71.2943 195.752 0.05)
(29.8984 -5.0487e-06 0)
(29.8984 -5.0487e-06 0.05)
(29.9373 0.172166 0)
(29.9373 0.172166 0.05)
(29.9783 0.353806 0)
(29.9783 0.353806 0.05)
(30.0216 0.545437 0)
(30.0216 0.545437 0.05)
(30.0672 0.747607 0)
(30.0672 0.747607 0.05)
(30.1153 0.960897 0)
(30.1153 0.960897 0.05)
(30.1661 1.18592 0)
(30.1661 1.18592 0.05)
(30.2197 1.42331 0)
(30.2197 1.42331 0.05)
(30.2762 1.67377 0)
(30.2762 1.67377 0.05)
(30.3358 1.938 0)
(30.3358 1.938 0.05)
(30.3987 2.21676 0)
(30.3987 2.21676 0.05)
(30.4651 2.51085 0)
(30.4651 2.51085 0.05)
(30.5351 2.82112 0)
(30.5351 2.82112 0.05)
(30.609 3.14845 0)
(30.609 3.14845 0.05)
(30.687 3.49378 0)
(30.687 3.49378 0.05)
(30.7692 3.85811 0)
(30.7692 3.85811 0.05)
(30.8559 4.24248 0)
(30.8559 4.24248 0.05)
(30.9474 4.64799 0)
(30.9474 4.64799 0.05)
(31.044 5.0758 0)
(31.044 5.0758 0.05)
(31.1459 5.52714 0)
(31.1459 5.52714 0.05)
(31.2533 6.0033 0)
(31.2533 6.0033 0.05)
(31.3667 6.50566 0)
(31.3667 6.50566 0.05)
(31.4863 7.03564 0)
(31.4863 7.03564 0.05)
(31.6125 7.59477 0)
(31.6125 7.59477 0.05)
(31.7456 8.18465 0)
(31.7456 8.18465 0.05)
(31.8861 8.80698 0)
(31.8861 8.80698 0.05)
(32.0343 9.46353 0)
(32.0343 9.46353 0.05)
(32.1906 10.1562 0)
(32.1906 10.1562 0.05)
(32.3555 10.887 0)
(32.3555 10.887 0.05)
(32.5295 11.6579 0)
(32.5295 11.6579 0.05)
(32.7131 12.4713 0)
(32.7131 12.4713 0.05)
(32.9067 13.3294 0)
(32.9067 13.3294 0.05)
(33.111 14.2346 0)
(33.111 14.2346 0.05)
(33.3266 15.1897 0)
(33.3266 15.1897 0.05)
(33.554 16.1973 0)
(33.554 16.1973 0.05)
(33.7939 17.2603 0)
(33.7939 17.2603 0.05)
(34.047 18.3818 0)
(34.047 18.3818 0.05)
(34.314 19.565 0)
(34.314 19.565 0.05)
(34.5957 20.8133 0)
(34.5957 20.8133 0.05)
(34.8929 22.1302 0)
(34.8929 22.1302 0.05)
(35.2065 23.5195 0)
(35.2065 23.5195 0.05)
(35.5373 24.9852 0)
(35.5373 24.9852 0.05)
(35.8863 26.5316 0)
(35.8863 26.5316 0.05)
(36.2545 28.163 0)
(36.2545 28.163 0.05)
(36.6429 29.8841 0)
(36.6429 29.8841 0.05)
(37.0527 31.6999 0)
(37.0527 31.6999 0.05)
(37.4851 33.6156 0)
(37.4851 33.6156 0.05)
(37.9412 35.6366 0)
(37.9412 35.6366 0.05)
(38.4224 37.7688 0)
(38.4224 37.7688 0.05)
(38.9301 40.0182 0)
(38.9301 40.0182 0.05)
(39.4657 42.3914 0)
(39.4657 42.3914 0.05)
(40.0307 44.8951 0)
(40.0307 44.8951 0.05)
(40.6268 47.5365 0)
(40.6268 47.5365 0.05)
(41.2558 50.3232 0)
(41.2558 50.3232 0.05)
(41.9193 53.2631 0)
(41.9193 53.2631 0.05)
(42.6193 56.3648 0)
(42.6193 56.3648 0.05)
(43.3578 59.637 0)
(43.3578 59.637 0.05)
(44.1369 63.0892 0)
(44.1369 63.0892 0.05)
(44.9589 66.7313 0)
(44.9589 66.7313 0.05)
(45.826 70.5737 0)
(45.826 70.5737 0.05)
(46.7409 74.6274 0)
(46.7409 74.6274 0.05)
(47.7061 78.9041 0)
(47.7061 78.9041 0.05)
(48.7244 83.416 0)
(48.7244 83.416 0.05)
(49.7987 88.176 0)
(49.7987 88.176 0.05)
(50.932 93.1979 0)
(50.932 93.1979 0.05)
(52.1277 98.4959 0)
(52.1277 98.4959 0.05)
(53.3892 104.085 0)
(53.3892 104.085 0.05)
(54.72 109.982 0)
(54.72 109.982 0.05)
(55.7941 114.611 0)
(55.7941 114.611 0.05)
(56.9756 119.702 0)
(56.9756 119.702 0.05)
(58.2753 125.302 0)
(58.2753 125.302 0.05)
(59.7049 131.463 0)
(59.7049 131.463 0.05)
(61.2775 138.239 0)
(61.2775 138.239 0.05)
(63.0074 145.693 0)
(63.0074 145.693 0.05)
(64.9102 153.892 0)
(64.9102 153.892 0.05)
(67.0033 162.912 0)
(67.0033 162.912 0.05)
(69.3057 172.833 0)
(69.3057 172.833 0.05)
(71.8384 183.747 0)
(71.8384 183.747 0.05)
(33.395 -5.0487e-06 0)
(33.395 -5.0487e-06 0.05)
(33.4338 0.172166 0)
(33.4338 0.172166 0.05)
(33.4748 0.353806 0)
(33.4748 0.353806 0.05)
(33.5181 0.545437 0)
(33.5181 0.545437 0.05)
(33.5637 0.747607 0)
(33.5637 0.747607 0.05)
(33.6118 0.960897 0)
(33.6118 0.960897 0.05)
(33.6626 1.18592 0)
(33.6626 1.18592 0.05)
(33.7162 1.42331 0)
(33.7162 1.42331 0.05)
(33.7727 1.67377 0)
(33.7727 1.67377 0.05)
(33.8323 1.938 0)
(33.8323 1.938 0.05)
(33.8953 2.21676 0)
(33.8953 2.21676 0.05)
(33.9616 2.51085 0)
(33.9616 2.51085 0.05)
(34.0317 2.82112 0)
(34.0317 2.82112 0.05)
(34.1055 3.14845 0)
(34.1055 3.14845 0.05)
(34.1835 3.49378 0)
(34.1835 3.49378 0.05)
(34.2657 3.85811 0)
(34.2657 3.85811 0.05)
(34.3524 4.24248 0)
(34.3524 4.24248 0.05)
(34.444 4.64799 0)
(34.444 4.64799 0.05)
(34.5405 5.0758 0)
(34.5405 5.0758 0.05)
(34.6424 5.52714 0)
(34.6424 5.52714 0.05)
(34.7498 6.0033 0)
(34.7498 6.0033 0.05)
(34.8632 6.50566 0)
(34.8632 6.50566 0.05)
(34.9828 7.03564 0)
(34.9828 7.03564 0.05)
(35.109 7.59477 0)
(35.109 7.59477 0.05)
(35.2421 8.18465 0)
(35.2421 8.18465 0.05)
(35.3826 8.80698 0)
(35.3826 8.80698 0.05)
(35.5308 9.46353 0)
(35.5308 9.46353 0.05)
(35.6871 10.1562 0)
(35.6871 10.1562 0.05)
(35.852 10.887 0)
(35.852 10.887 0.05)
(36.026 11.6579 0)
(36.026 11.6579 0.05)
(36.2096 12.4713 0)
(36.2096 12.4713 0.05)
(36.4032 13.3294 0)
(36.4032 13.3294 0.05)
(36.6075 14.2346 0)
(36.6075 14.2346 0.05)
(36.8231 15.1897 0)
(36.8231 15.1897 0.05)
(37.0505 16.1973 0)
(37.0505 16.1973 0.05)
(37.2904 17.2603 0)
(37.2904 17.2603 0.05)
(37.5435 18.3818 0)
(37.5435 18.3818 0.05)
(37.8105 19.565 0)
(37.8105 19.565 0.05)
(38.0922 20.8133 0)
(38.0922 20.8133 0.05)
(38.3895 22.1302 0)
(38.3895 22.1302 0.05)
(38.703 23.5195 0)
(38.703 23.5195 0.05)
(39.0338 24.9852 0)
(39.0338 24.9852 0.05)
(39.3828 26.5316 0)
(39.3828 26.5316 0.05)
(39.751 28.163 0)
(39.751 28.163 0.05)
(40.1394 29.8841 0)
(40.1394 29.8841 0.05)
(40.5492 31.6999 0)
(40.5492 31.6999 0.05)
(40.9816 33.6156 0)
(40.9816 33.6156 0.05)
(41.4377 35.6366 0)
(41.4377 35.6366 0.05)
(41.9189 37.7688 0)
(41.9189 37.7688 0.05)
(42.4266 40.0182 0)
(42.4266 40.0182 0.05)
(42.9622 42.3914 0)
(42.9622 42.3914 0.05)
(43.5272 44.8951 0)
(43.5272 44.8951 0.05)
(44.1233 47.5365 0)
(44.1233 47.5365 0.05)
(44.7523 50.3232 0)
(44.7523 50.3232 0.05)
(45.4158 53.2631 0)
(45.4158 53.2631 0.05)
(46.1158 56.3648 0)
(46.1158 56.3648 0.05)
(46.8543 59.637 0)
(46.8543 59.637 0.05)
(47.6334 63.0892 0)
(47.6334 63.0892 0.05)
(48.4554 66.7313 0)
(48.4554 66.7313 0.05)
(49.3225 70.5737 0)
(49.3225 70.5737 0.05)
(50.2374 74.6274 0)
(50.2374 74.6274 0.05)
(51.2026 78.9041 0)
(51.2026 78.9041 0.05)
(52.2209 83.416 0)
(52.2209 83.416 0.05)
(53.2952 88.176 0)
(53.2952 88.176 0.05)
(54.4285 93.1979 0)
(54.4285 93.1979 0.05)
(55.6242 98.4959 0)
(55.6242 98.4959 0.05)
(56.8857 104.085 0)
(56.8857 104.085 0.05)
(58.2166 109.982 0)
(58.2166 109.982 0.05)
(59.2906 114.611 0)
(59.2906 114.611 0.05)
(60.4722 119.702 0)
(60.4722 119.702 0.05)
(61.7718 125.302 0)
(61.7718 125.302 0.05)
(63.2014 131.463 0)
(63.2014 131.463 0.05)
(64.774 138.239 0)
(64.774 138.239 0.05)
(66.5039 145.693 0)
(66.5039 145.693 0.05)
(68.4067 153.892 0)
(68.4067 153.892 0.05)
(70.4998 162.912 0)
(70.4998 162.912 0.05)
(72.8022 172.833 0)
(72.8022 172.833 0.05)
(37.0663 -5.0487e-06 0)
(37.0663 -5.0487e-06 0.05)
(37.1051 0.172166 0)
(37.1051 0.172166 0.05)
(37.1461 0.353806 0)
(37.1461 0.353806 0.05)
(37.1894 0.545437 0)
(37.1894 0.545437 0.05)
(37.235 0.747607 0)
(37.235 0.747607 0.05)
(37.2832 0.960897 0)
(37.2832 0.960897 0.05)
(37.3339 1.18592 0)
(37.3339 1.18592 0.05)
(37.3875 1.42331 0)
(37.3875 1.42331 0.05)
(37.444 1.67377 0)
(37.444 1.67377 0.05)
(37.5037 1.938 0)
(37.5037 1.938 0.05)
(37.5666 2.21676 0)
(37.5666 2.21676 0.05)
(37.633 2.51085 0)
(37.633 2.51085 0.05)
(37.703 2.82112 0)
(37.703 2.82112 0.05)
(37.7769 3.14845 0)
(37.7769 3.14845 0.05)
(37.8548 3.49378 0)
(37.8548 3.49378 0.05)
(37.937 3.85811 0)
(37.937 3.85811 0.05)
(38.0238 4.24248 0)
(38.0238 4.24248 0.05)
(38.1153 4.64799 0)
(38.1153 4.64799 0.05)
(38.2118 5.0758 0)
(38.2118 5.0758 0.05)
(38.3137 5.52714 0)
(38.3137 5.52714 0.05)
(38.4212 6.0033 0)
(38.4212 6.0033 0.05)
(38.5345 6.50566 0)
(38.5345 6.50566 0.05)
(38.6541 7.03564 0)
(38.6541 7.03564 0.05)
(38.7803 7.59477 0)
(38.7803 7.59477 0.05)
(38.9135 8.18465 0)
(38.9135 8.18465 0.05)
(39.0539 8.80698 0)
(39.0539 8.80698 0.05)
(39.2021 9.46353 0)
(39.2021 9.46353 0.05)
(39.3584 10.1562 0)
(39.3584 10.1562 0.05)
(39.5233 10.887 0)
(39.5233 10.887 0.05)
(39.6973 11.6579 0)
(39.6973 11.6579 0.05)
(39.8809 12.4713 0)
(39.8809 12.4713 0.05)
(40.0746 13.3294 0)
(40.0746 13.3294 0.05)
(40.2789 14.2346 0)
(40.2789 14.2346 0.05)
(40.4944 15.1897 0)
(40.4944 15.1897 0.05)
(40.7218 16.1973 0)
(40.7218 16.1973 0.05)
(40.9617 17.2603 0)
(40.9617 17.2603 0.05)
(41.2148 18.3818 0)
(41.2148 18.3818 0.05)
(41.4819 19.565 0)
(41.4819 19.565 0.05)
(41.7636 20.8133 0)
(41.7636 20.8133 0.05)
(42.0608 22.1302 0)
(42.0608 22.1302 0.05)
(42.3743 23.5195 0)
(42.3743 23.5195 0.05)
(42.7051 24.9852 0)
(42.7051 24.9852 0.05)
(43.0541 26.5316 0)
(43.0541 26.5316 0.05)
(43.4223 28.163 0)
(43.4223 28.163 0.05)
(43.8108 29.8841 0)
(43.8108 29.8841 0.05)
(44.2206 31.6999 0)
(44.2206 31.6999 0.05)
(44.6529 33.6156 0)
(44.6529 33.6156 0.05)
(45.109 35.6366 0)
(45.109 35.6366 0.05)
(45.5902 37.7688 0)
(45.5902 37.7688 0.05)
(46.0979 40.0182 0)
(46.0979 40.0182 0.05)
(46.6335 42.3914 0)
(46.6335 42.3914 0.05)
(47.1986 44.8951 0)
(47.1986 44.8951 0.05)
(47.7947 47.5365 0)
(47.7947 47.5365 0.05)
(48.4236 50.3232 0)
(48.4236 50.3232 0.05)
(49.0871 53.2631 0)
(49.0871 53.2631 0.05)
(49.7871 56.3648 0)
(49.7871 56.3648 0.05)
(50.5256 59.637 0)
(50.5256 59.637 0.05)
(51.3047 63.0892 0)
(51.3047 63.0892 0.05)
(52.1267 66.7313 0)
(52.1267 66.7313 0.05)
(52.9939 70.5737 0)
(52.9939 70.5737 0.05)
(53.9088 74.6274 0)
(53.9088 74.6274 0.05)
(54.8739 78.9041 0)
(54.8739 78.9041 0.05)
(55.8922 83.416 0)
(55.8922 83.416 0.05)
(56.9665 88.176 0)
(56.9665 88.176 0.05)
(58.0999 93.1979 0)
(58.0999 93.1979 0.05)
(59.2956 98.4959 0)
(59.2956 98.4959 0.05)
(60.557 104.085 0)
(60.557 104.085 0.05)
(61.8879 109.982 0)
(61.8879 109.982 0.05)
(62.962 114.611 0)
(62.962 114.611 0.05)
(64.1435 119.702 0)
(64.1435 119.702 0.05)
(65.4431 125.302 0)
(65.4431 125.302 0.05)
(66.8728 131.463 0)
(66.8728 131.463 0.05)
(68.4454 138.239 0)
(68.4454 138.239 0.05)
(70.1752 145.693 0)
(70.1752 145.693 0.05)
(72.078 153.892 0)
(72.078 153.892 0.05)
(40.9212 -5.0487e-06 0)
(40.9212 -5.0487e-06 0.05)
(40.96 0.172166 0)
(40.96 0.172166 0.05)
(41.001 0.353806 0)
(41.001 0.353806 0.05)
(41.0443 0.545437 0)
(41.0443 0.545437 0.05)
(41.0899 0.747607 0)
(41.0899 0.747607 0.05)
(41.1381 0.960897 0)
(41.1381 0.960897 0.05)
(41.1888 1.18592 0)
(41.1888 1.18592 0.05)
(41.2424 1.42331 0)
(41.2424 1.42331 0.05)
(41.2989 1.67377 0)
(41.2989 1.67377 0.05)
(41.3586 1.938 0)
(41.3586 1.938 0.05)
(41.4215 2.21676 0)
(41.4215 2.21676 0.05)
(41.4879 2.51085 0)
(41.4879 2.51085 0.05)
(41.5579 2.82112 0)
(41.5579 2.82112 0.05)
(41.6318 3.14845 0)
(41.6318 3.14845 0.05)
(41.7097 3.49378 0)
(41.7097 3.49378 0.05)
(41.7919 3.85811 0)
(41.7919 3.85811 0.05)
(41.8787 4.24248 0)
(41.8787 4.24248 0.05)
(41.9702 4.64799 0)
(41.9702 4.64799 0.05)
(42.0667 5.0758 0)
(42.0667 5.0758 0.05)
(42.1686 5.52714 0)
(42.1686 5.52714 0.05)
(42.2761 6.0033 0)
(42.2761 6.0033 0.05)
(42.3894 6.50566 0)
(42.3894 6.50566 0.05)
(42.509 7.03564 0)
(42.509 7.03564 0.05)
(42.6352 7.59477 0)
(42.6352 7.59477 0.05)
(42.7684 8.18465 0)
(42.7684 8.18465 0.05)
(42.9088 8.80698 0)
(42.9088 8.80698 0.05)
(43.057 9.46353 0)
(43.057 9.46353 0.05)
(43.2133 10.1562 0)
(43.2133 10.1562 0.05)
(43.3782 10.887 0)
(43.3782 10.887 0.05)
(43.5522 11.6579 0)
(43.5522 11.6579 0.05)
(43.7358 12.4713 0)
(43.7358 12.4713 0.05)
(43.9295 13.3294 0)
(43.9295 13.3294 0.05)
(44.1338 14.2346 0)
(44.1338 14.2346 0.05)
(44.3493 15.1897 0)
(44.3493 15.1897 0.05)
(44.5767 16.1973 0)
(44.5767 16.1973 0.05)
(44.8166 17.2603 0)
(44.8166 17.2603 0.05)
(45.0697 18.3818 0)
(45.0697 18.3818 0.05)
(45.3368 19.565 0)
(45.3368 19.565 0.05)
(45.6185 20.8133 0)
(45.6185 20.8133 0.05)
(45.9157 22.1302 0)
(45.9157 22.1302 0.05)
(46.2292 23.5195 0)
(46.2292 23.5195 0.05)
(46.56 24.9852 0)
(46.56 24.9852 0.05)
(46.909 26.5316 0)
(46.909 26.5316 0.05)
(47.2772 28.163 0)
(47.2772 28.163 0.05)
(47.6657 29.8841 0)
(47.6657 29.8841 0.05)
(48.0755 31.6999 0)
(48.0755 31.6999 0.05)
(48.5078 33.6156 0)
(48.5078 33.6156 0.05)
(48.9639 35.6366 0)
(48.9639 35.6366 0.05)
(49.4451 37.7688 0)
(49.4451 37.7688 0.05)
(49.9528 40.0182 0)
(49.9528 40.0182 0.05)
(50.4884 42.3914 0)
(50.4884 42.3914 0.05)
(51.0535 44.8951 0)
(51.0535 44.8951 0.05)
(51.6496 47.5365 0)
(51.6496 47.5365 0.05)
(52.2785 50.3232 0)
(52.2785 50.3232 0.05)
(52.942 53.2631 0)
(52.942 53.2631 0.05)
(53.642 56.3648 0)
(53.642 56.3648 0.05)
(54.3805 59.637 0)
(54.3805 59.637 0.05)
(55.1596 63.0892 0)
(55.1596 63.0892 0.05)
(55.9816 66.7313 0)
(55.9816 66.7313 0.05)
(56.8488 70.5737 0)
(56.8488 70.5737 0.05)
(57.7637 74.6274 0)
(57.7637 74.6274 0.05)
(58.7288 78.9041 0)
(58.7288 78.9041 0.05)
(59.7471 83.416 0)
(59.7471 83.416 0.05)
(60.8214 88.176 0)
(60.8214 88.176 0.05)
(61.9548 93.1979 0)
(61.9548 93.1979 0.05)
(63.1505 98.4959 0)
(63.1505 98.4959 0.05)
(64.4119 104.085 0)
(64.4119 104.085 0.05)
(65.7428 109.982 0)
(65.7428 109.982 0.05)
(66.8169 114.611 0)
(66.8169 114.611 0.05)
(67.9984 119.702 0)
(67.9984 119.702 0.05)
(69.2981 125.302 0)
(69.2981 125.302 0.05)
(70.7277 131.463 0)
(70.7277 131.463 0.05)
(72.3003 138.239 0)
(72.3003 138.239 0.05)
(44.9688 -5.0487e-06 0)
(44.9688 -5.0487e-06 0.05)
(45.0077 0.172166 0)
(45.0077 0.172166 0.05)
(45.0487 0.353806 0)
(45.0487 0.353806 0.05)
(45.0919 0.545437 0)
(45.0919 0.545437 0.05)
(45.1376 0.747607 0)
(45.1376 0.747607 0.05)
(45.1857 0.960897 0)
(45.1857 0.960897 0.05)
(45.2365 1.18592 0)
(45.2365 1.18592 0.05)
(45.2901 1.42331 0)
(45.2901 1.42331 0.05)
(45.3466 1.67377 0)
(45.3466 1.67377 0.05)
(45.4062 1.938 0)
(45.4062 1.938 0.05)
(45.4691 2.21676 0)
(45.4691 2.21676 0.05)
(45.5355 2.51085 0)
(45.5355 2.51085 0.05)
(45.6055 2.82112 0)
(45.6055 2.82112 0.05)
(45.6794 3.14845 0)
(45.6794 3.14845 0.05)
(45.7573 3.49378 0)
(45.7573 3.49378 0.05)
(45.8396 3.85811 0)
(45.8396 3.85811 0.05)
(45.9263 4.24248 0)
(45.9263 4.24248 0.05)
(46.0178 4.64799 0)
(46.0178 4.64799 0.05)
(46.1144 5.0758 0)
(46.1144 5.0758 0.05)
(46.2162 5.52714 0)
(46.2162 5.52714 0.05)
(46.3237 6.0033 0)
(46.3237 6.0033 0.05)
(46.4371 6.50566 0)
(46.4371 6.50566 0.05)
(46.5567 7.03564 0)
(46.5567 7.03564 0.05)
(46.6829 7.59477 0)
(46.6829 7.59477 0.05)
(46.816 8.18465 0)
(46.816 8.18465 0.05)
(46.9565 8.80698 0)
(46.9565 8.80698 0.05)
(47.1046 9.46353 0)
(47.1046 9.46353 0.05)
(47.261 10.1562 0)
(47.261 10.1562 0.05)
(47.4259 10.887 0)
(47.4259 10.887 0.05)
(47.5999 11.6579 0)
(47.5999 11.6579 0.05)
(47.7834 12.4713 0)
(47.7834 12.4713 0.05)
(47.9771 13.3294 0)
(47.9771 13.3294 0.05)
(48.1814 14.2346 0)
(48.1814 14.2346 0.05)
(48.397 15.1897 0)
(48.397 15.1897 0.05)
(48.6244 16.1973 0)
(48.6244 16.1973 0.05)
(48.8643 17.2603 0)
(48.8643 17.2603 0.05)
(49.1174 18.3818 0)
(49.1174 18.3818 0.05)
(49.3844 19.565 0)
(49.3844 19.565 0.05)
(49.6661 20.8133 0)
(49.6661 20.8133 0.05)
(49.9633 22.1302 0)
(49.9633 22.1302 0.05)
(50.2769 23.5195 0)
(50.2769 23.5195 0.05)
(50.6077 24.9852 0)
(50.6077 24.9852 0.05)
(50.9567 26.5316 0)
(50.9567 26.5316 0.05)
(51.3249 28.163 0)
(51.3249 28.163 0.05)
(51.7133 29.8841 0)
(51.7133 29.8841 0.05)
(52.1231 31.6999 0)
(52.1231 31.6999 0.05)
(52.5555 33.6156 0)
(52.5555 33.6156 0.05)
(53.0116 35.6366 0)
(53.0116 35.6366 0.05)
(53.4928 37.7688 0)
(53.4928 37.7688 0.05)
(54.0005 40.0182 0)
(54.0005 40.0182 0.05)
(54.536 42.3914 0)
(54.536 42.3914 0.05)
(55.1011 44.8951 0)
(55.1011 44.8951 0.05)
(55.6972 47.5365 0)
(55.6972 47.5365 0.05)
(56.3261 50.3232 0)
(56.3261 50.3232 0.05)
(56.9897 53.2631 0)
(56.9897 53.2631 0.05)
(57.6897 56.3648 0)
(57.6897 56.3648 0.05)
(58.4282 59.637 0)
(58.4282 59.637 0.05)
(59.2073 63.0892 0)
(59.2073 63.0892 0.05)
(60.0292 66.7313 0)
(60.0292 66.7313 0.05)
(60.8964 70.5737 0)
(60.8964 70.5737 0.05)
(61.8113 74.6274 0)
(61.8113 74.6274 0.05)
(62.7765 78.9041 0)
(62.7765 78.9041 0.05)
(63.7948 83.416 0)
(63.7948 83.416 0.05)
(64.869 88.176 0)
(64.869 88.176 0.05)
(66.0024 93.1979 0)
(66.0024 93.1979 0.05)
(67.1981 98.4959 0)
(67.1981 98.4959 0.05)
(68.4596 104.085 0)
(68.4596 104.085 0.05)
(69.7904 109.982 0)
(69.7904 109.982 0.05)
(70.8645 114.611 0)
(70.8645 114.611 0.05)
(72.046 119.702 0)
(72.046 119.702 0.05)
(49.2189 -5.0487e-06 0)
(49.2189 -5.0487e-06 0.05)
(49.2577 0.172166 0)
(49.2577 0.172166 0.05)
(49.2987 0.353806 0)
(49.2987 0.353806 0.05)
(49.342 0.545437 0)
(49.342 0.545437 0.05)
(49.3876 0.747607 0)
(49.3876 0.747607 0.05)
(49.4357 0.960897 0)
(49.4357 0.960897 0.05)
(49.4865 1.18592 0)
(49.4865 1.18592 0.05)
(49.5401 1.42331 0)
(49.5401 1.42331 0.05)
(49.5966 1.67377 0)
(49.5966 1.67377 0.05)
(49.6562 1.938 0)
(49.6562 1.938 0.05)
(49.7192 2.21676 0)
(49.7192 2.21676 0.05)
(49.7855 2.51085 0)
(49.7855 2.51085 0.05)
(49.8556 2.82112 0)
(49.8556 2.82112 0.05)
(49.9294 3.14845 0)
(49.9294 3.14845 0.05)
(50.0074 3.49378 0)
(50.0074 3.49378 0.05)
(50.0896 3.85811 0)
(50.0896 3.85811 0.05)
(50.1763 4.24248 0)
(50.1763 4.24248 0.05)
(50.2679 4.64799 0)
(50.2679 4.64799 0.05)
(50.3644 5.0758 0)
(50.3644 5.0758 0.05)
(50.4663 5.52714 0)
(50.4663 5.52714 0.05)
(50.5737 6.0033 0)
(50.5737 6.0033 0.05)
(50.6871 6.50566 0)
(50.6871 6.50566 0.05)
(50.8067 7.03564 0)
(50.8067 7.03564 0.05)
(50.9329 7.59477 0)
(50.9329 7.59477 0.05)
(51.066 8.18465 0)
(51.066 8.18465 0.05)
(51.2065 8.80698 0)
(51.2065 8.80698 0.05)
(51.3547 9.46353 0)
(51.3547 9.46353 0.05)
(51.511 10.1562 0)
(51.511 10.1562 0.05)
(51.6759 10.887 0)
(51.6759 10.887 0.05)
(51.8499 11.6579 0)
(51.8499 11.6579 0.05)
(52.0335 12.4713 0)
(52.0335 12.4713 0.05)
(52.2271 13.3294 0)
(52.2271 13.3294 0.05)
(52.4315 14.2346 0)
(52.4315 14.2346 0.05)
(52.647 15.1897 0)
(52.647 15.1897 0.05)
(52.8744 16.1973 0)
(52.8744 16.1973 0.05)
(53.1143 17.2603 0)
(53.1143 17.2603 0.05)
(53.3674 18.3818 0)
(53.3674 18.3818 0.05)
(53.6344 19.565 0)
(53.6344 19.565 0.05)
(53.9162 20.8133 0)
(53.9162 20.8133 0.05)
(54.2134 22.1302 0)
(54.2134 22.1302 0.05)
(54.5269 23.5195 0)
(54.5269 23.5195 0.05)
(54.8577 24.9852 0)
(54.8577 24.9852 0.05)
(55.2067 26.5316 0)
(55.2067 26.5316 0.05)
(55.5749 28.163 0)
(55.5749 28.163 0.05)
(55.9633 29.8841 0)
(55.9633 29.8841 0.05)
(56.3731 31.6999 0)
(56.3731 31.6999 0.05)
(56.8055 33.6156 0)
(56.8055 33.6156 0.05)
(57.2616 35.6366 0)
(57.2616 35.6366 0.05)
(57.7428 37.7688 0)
(57.7428 37.7688 0.05)
(58.2505 40.0182 0)
(58.2505 40.0182 0.05)
(58.7861 42.3914 0)
(58.7861 42.3914 0.05)
(59.3511 44.8951 0)
(59.3511 44.8951 0.05)
(59.9473 47.5365 0)
(59.9473 47.5365 0.05)
(60.5762 50.3232 0)
(60.5762 50.3232 0.05)
(61.2397 53.2631 0)
(61.2397 53.2631 0.05)
(61.9397 56.3648 0)
(61.9397 56.3648 0.05)
(62.6782 59.637 0)
(62.6782 59.637 0.05)
(63.4573 63.0892 0)
(63.4573 63.0892 0.05)
(64.2793 66.7313 0)
(64.2793 66.7313 0.05)
(65.1465 70.5737 0)
(65.1465 70.5737 0.05)
(66.0613 74.6274 0)
(66.0613 74.6274 0.05)
(67.0265 78.9041 0)
(67.0265 78.9041 0.05)
(68.0448 83.416 0)
(68.0448 83.416 0.05)
(69.1191 88.176 0)
(69.1191 88.176 0.05)
(70.2524 93.1979 0)
(70.2524 93.1979 0.05)
(71.4481 98.4959 0)
(71.4481 98.4959 0.05)
(72.7096 104.085 0)
(72.7096 104.085 0.05)
(53.6814 -5.0487e-06 0)
(53.6814 -5.0487e-06 0.05)
(53.7203 0.172166 0)
(53.7203 0.172166 0.05)
(53.7612 0.353806 0)
(53.7612 0.353806 0.05)
(53.8045 0.545437 0)
(53.8045 0.545437 0.05)
(53.8501 0.747607 0)
(53.8501 0.747607 0.05)
(53.8983 0.960897 0)
(53.8983 0.960897 0.05)
(53.949 1.18592 0)
(53.949 1.18592 0.05)
(54.0026 1.42331 0)
(54.0026 1.42331 0.05)
(54.0591 1.67377 0)
(54.0591 1.67377 0.05)
(54.1188 1.938 0)
(54.1188 1.938 0.05)
(54.1817 2.21676 0)
(54.1817 2.21676 0.05)
(54.2481 2.51085 0)
(54.2481 2.51085 0.05)
(54.3181 2.82112 0)
(54.3181 2.82112 0.05)
(54.392 3.14845 0)
(54.392 3.14845 0.05)
(54.4699 3.49378 0)
(54.4699 3.49378 0.05)
(54.5521 3.85811 0)
(54.5521 3.85811 0.05)
(54.6389 4.24248 0)
(54.6389 4.24248 0.05)
(54.7304 4.64799 0)
(54.7304 4.64799 0.05)
(54.8269 5.0758 0)
(54.8269 5.0758 0.05)
(54.9288 5.52714 0)
(54.9288 5.52714 0.05)
(55.0363 6.0033 0)
(55.0363 6.0033 0.05)
(55.1496 6.50566 0)
(55.1496 6.50566 0.05)
(55.2693 7.03564 0)
(55.2693 7.03564 0.05)
(55.3954 7.59477 0)
(55.3954 7.59477 0.05)
(55.5286 8.18465 0)
(55.5286 8.18465 0.05)
(55.669 8.80698 0)
(55.669 8.80698 0.05)
(55.8172 9.46353 0)
(55.8172 9.46353 0.05)
(55.9735 10.1562 0)
(55.9735 10.1562 0.05)
(56.1384 10.887 0)
(56.1384 10.887 0.05)
(56.3124 11.6579 0)
(56.3124 11.6579 0.05)
(56.496 12.4713 0)
(56.496 12.4713 0.05)
(56.6897 13.3294 0)
(56.6897 13.3294 0.05)
(56.894 14.2346 0)
(56.894 14.2346 0.05)
(57.1095 15.1897 0)
(57.1095 15.1897 0.05)
(57.3369 16.1973 0)
(57.3369 16.1973 0.05)
(57.5768 17.2603 0)
(57.5768 17.2603 0.05)
(57.8299 18.3818 0)
(57.8299 18.3818 0.05)
(58.097 19.565 0)
(58.097 19.565 0.05)
(58.3787 20.8133 0)
(58.3787 20.8133 0.05)
(58.6759 22.1302 0)
(58.6759 22.1302 0.05)
(58.9894 23.5195 0)
(58.9894 23.5195 0.05)
(59.3202 24.9852 0)
(59.3202 24.9852 0.05)
(59.6692 26.5316 0)
(59.6692 26.5316 0.05)
(60.0374 28.163 0)
(60.0374 28.163 0.05)
(60.4259 29.8841 0)
(60.4259 29.8841 0.05)
(60.8357 31.6999 0)
(60.8357 31.6999 0.05)
(61.268 33.6156 0)
(61.268 33.6156 0.05)
(61.7241 35.6366 0)
(61.7241 35.6366 0.05)
(62.2053 37.7688 0)
(62.2053 37.7688 0.05)
(62.713 40.0182 0)
(62.713 40.0182 0.05)
(63.2486 42.3914 0)
(63.2486 42.3914 0.05)
(63.8137 44.8951 0)
(63.8137 44.8951 0.05)
(64.4098 47.5365 0)
(64.4098 47.5365 0.05)
(65.0387 50.3232 0)
(65.0387 50.3232 0.05)
(65.7022 53.2631 0)
(65.7022 53.2631 0.05)
(66.4022 56.3648 0)
(66.4022 56.3648 0.05)
(67.1407 59.637 0)
(67.1407 59.637 0.05)
(67.9198 63.0892 0)
(67.9198 63.0892 0.05)
(68.7418 66.7313 0)
(68.7418 66.7313 0.05)
(69.609 70.5737 0)
(69.609 70.5737 0.05)
(70.5239 74.6274 0)
(70.5239 74.6274 0.05)
(71.489 78.9041 0)
(71.489 78.9041 0.05)
(72.5073 83.416 0)
(72.5073 83.416 0.05)
(58.3671 -5.0487e-06 0)
(58.3671 -5.0487e-06 0.05)
(58.4059 0.172166 0)
(58.4059 0.172166 0.05)
(58.4469 0.353806 0)
(58.4469 0.353806 0.05)
(58.4902 0.545437 0)
(58.4902 0.545437 0.05)
(58.5358 0.747607 0)
(58.5358 0.747607 0.05)
(58.5839 0.960897 0)
(58.5839 0.960897 0.05)
(58.6347 1.18592 0)
(58.6347 1.18592 0.05)
(58.6883 1.42331 0)
(58.6883 1.42331 0.05)
(58.7448 1.67377 0)
(58.7448 1.67377 0.05)
(58.8044 1.938 0)
(58.8044 1.938 0.05)
(58.8673 2.21676 0)
(58.8673 2.21676 0.05)
(58.9337 2.51085 0)
(58.9337 2.51085 0.05)
(59.0037 2.82112 0)
(59.0037 2.82112 0.05)
(59.0776 3.14845 0)
(59.0776 3.14845 0.05)
(59.1556 3.49378 0)
(59.1556 3.49378 0.05)
(59.2378 3.85811 0)
(59.2378 3.85811 0.05)
(59.3245 4.24248 0)
(59.3245 4.24248 0.05)
(59.416 4.64799 0)
(59.416 4.64799 0.05)
(59.5126 5.0758 0)
(59.5126 5.0758 0.05)
(59.6145 5.52714 0)
(59.6145 5.52714 0.05)
(59.7219 6.0033 0)
(59.7219 6.0033 0.05)
(59.8353 6.50566 0)
(59.8353 6.50566 0.05)
(59.9549 7.03564 0)
(59.9549 7.03564 0.05)
(60.0811 7.59477 0)
(60.0811 7.59477 0.05)
(60.2142 8.18465 0)
(60.2142 8.18465 0.05)
(60.3547 8.80698 0)
(60.3547 8.80698 0.05)
(60.5029 9.46353 0)
(60.5029 9.46353 0.05)
(60.6592 10.1562 0)
(60.6592 10.1562 0.05)
(60.8241 10.887 0)
(60.8241 10.887 0.05)
(60.9981 11.6579 0)
(60.9981 11.6579 0.05)
(61.1817 12.4713 0)
(61.1817 12.4713 0.05)
(61.3753 13.3294 0)
(61.3753 13.3294 0.05)
(61.5796 14.2346 0)
(61.5796 14.2346 0.05)
(61.7952 15.1897 0)
(61.7952 15.1897 0.05)
(62.0226 16.1973 0)
(62.0226 16.1973 0.05)
(62.2625 17.2603 0)
(62.2625 17.2603 0.05)
(62.5156 18.3818 0)
(62.5156 18.3818 0.05)
(62.7826 19.565 0)
(62.7826 19.565 0.05)
(63.0643 20.8133 0)
(63.0643 20.8133 0.05)
(63.3615 22.1302 0)
(63.3615 22.1302 0.05)
(63.6751 23.5195 0)
(63.6751 23.5195 0.05)
(64.0059 24.9852 0)
(64.0059 24.9852 0.05)
(64.3549 26.5316 0)
(64.3549 26.5316 0.05)
(64.7231 28.163 0)
(64.7231 28.163 0.05)
(65.1115 29.8841 0)
(65.1115 29.8841 0.05)
(65.5213 31.6999 0)
(65.5213 31.6999 0.05)
(65.9537 33.6156 0)
(65.9537 33.6156 0.05)
(66.4098 35.6366 0)
(66.4098 35.6366 0.05)
(66.891 37.7688 0)
(66.891 37.7688 0.05)
(67.3987 40.0182 0)
(67.3987 40.0182 0.05)
(67.9343 42.3914 0)
(67.9343 42.3914 0.05)
(68.4993 44.8951 0)
(68.4993 44.8951 0.05)
(69.0954 47.5365 0)
(69.0954 47.5365 0.05)
(69.7244 50.3232 0)
(69.7244 50.3232 0.05)
(70.3879 53.2631 0)
(70.3879 53.2631 0.05)
(71.0879 56.3648 0)
(71.0879 56.3648 0.05)
(71.8264 59.637 0)
(71.8264 59.637 0.05)
(72.6055 63.0892 0)
(72.6055 63.0892 0.05)
(63.287 -5.0487e-06 0)
(63.287 -5.0487e-06 0.05)
(63.3258 0.172166 0)
(63.3258 0.172166 0.05)
(63.3668 0.353806 0)
(63.3668 0.353806 0.05)
(63.4101 0.545437 0)
(63.4101 0.545437 0.05)
(63.4557 0.747607 0)
(63.4557 0.747607 0.05)
(63.5039 0.960897 0)
(63.5039 0.960897 0.05)
(63.5546 1.18592 0)
(63.5546 1.18592 0.05)
(63.6082 1.42331 0)
(63.6082 1.42331 0.05)
(63.6647 1.67377 0)
(63.6647 1.67377 0.05)
(63.7244 1.938 0)
(63.7244 1.938 0.05)
(63.7873 2.21676 0)
(63.7873 2.21676 0.05)
(63.8537 2.51085 0)
(63.8537 2.51085 0.05)
(63.9237 2.82112 0)
(63.9237 2.82112 0.05)
(63.9976 3.14845 0)
(63.9976 3.14845 0.05)
(64.0755 3.49378 0)
(64.0755 3.49378 0.05)
(64.1577 3.85811 0)
(64.1577 3.85811 0.05)
(64.2445 4.24248 0)
(64.2445 4.24248 0.05)
(64.336 4.64799 0)
(64.336 4.64799 0.05)
(64.4325 5.0758 0)
(64.4325 5.0758 0.05)
(64.5344 5.52714 0)
(64.5344 5.52714 0.05)
(64.6419 6.0033 0)
(64.6419 6.0033 0.05)
(64.7552 6.50566 0)
(64.7552 6.50566 0.05)
(64.8748 7.03564 0)
(64.8748 7.03564 0.05)
(65.001 7.59477 0)
(65.001 7.59477 0.05)
(65.1342 8.18465 0)
(65.1342 8.18465 0.05)
(65.2746 8.80698 0)
(65.2746 8.80698 0.05)
(65.4228 9.46353 0)
(65.4228 9.46353 0.05)
(65.5791 10.1562 0)
(65.5791 10.1562 0.05)
(65.744 10.887 0)
(65.744 10.887 0.05)
(65.918 11.6579 0)
(65.918 11.6579 0.05)
(66.1016 12.4713 0)
(66.1016 12.4713 0.05)
(66.2953 13.3294 0)
(66.2953 13.3294 0.05)
(66.4996 14.2346 0)
(66.4996 14.2346 0.05)
(66.7151 15.1897 0)
(66.7151 15.1897 0.05)
(66.9425 16.1973 0)
(66.9425 16.1973 0.05)
(67.1824 17.2603 0)
(67.1824 17.2603 0.05)
(67.4355 18.3818 0)
(67.4355 18.3818 0.05)
(67.7026 19.565 0)
(67.7026 19.565 0.05)
(67.9843 20.8133 0)
(67.9843 20.8133 0.05)
(68.2815 22.1302 0)
(68.2815 22.1302 0.05)
(68.595 23.5195 0)
(68.595 23.5195 0.05)
(68.9258 24.9852 0)
(68.9258 24.9852 0.05)
(69.2748 26.5316 0)
(69.2748 26.5316 0.05)
(69.643 28.163 0)
(69.643 28.163 0.05)
(70.0315 29.8841 0)
(70.0315 29.8841 0.05)
(70.4413 31.6999 0)
(70.4413 31.6999 0.05)
(70.8736 33.6156 0)
(70.8736 33.6156 0.05)
(71.3297 35.6366 0)
(71.3297 35.6366 0.05)
(71.8109 37.7688 0)
(71.8109 37.7688 0.05)
(72.3186 40.0182 0)
(72.3186 40.0182 0.05)
(72.8542 42.3914 0)
(72.8542 42.3914 0.05)
(68.4529 -5.0487e-06 0)
(68.4529 -5.0487e-06 0.05)
(68.4918 0.172166 0)
(68.4918 0.172166 0.05)
(68.5328 0.353806 0)
(68.5328 0.353806 0.05)
(68.576 0.545437 0)
(68.576 0.545437 0.05)
(68.6217 0.747607 0)
(68.6217 0.747607 0.05)
(68.6698 0.960897 0)
(68.6698 0.960897 0.05)
(68.7206 1.18592 0)
(68.7206 1.18592 0.05)
(68.7742 1.42331 0)
(68.7742 1.42331 0.05)
(68.8307 1.67377 0)
(68.8307 1.67377 0.05)
(68.8903 1.938 0)
(68.8903 1.938 0.05)
(68.9532 2.21676 0)
(68.9532 2.21676 0.05)
(69.0196 2.51085 0)
(69.0196 2.51085 0.05)
(69.0896 2.82112 0)
(69.0896 2.82112 0.05)
(69.1635 3.14845 0)
(69.1635 3.14845 0.05)
(69.2414 3.49378 0)
(69.2414 3.49378 0.05)
(69.3237 3.85811 0)
(69.3237 3.85811 0.05)
(69.4104 4.24248 0)
(69.4104 4.24248 0.05)
(69.5019 4.64799 0)
(69.5019 4.64799 0.05)
(69.5985 5.0758 0)
(69.5985 5.0758 0.05)
(69.7003 5.52714 0)
(69.7003 5.52714 0.05)
(69.8078 6.0033 0)
(69.8078 6.0033 0.05)
(69.9212 6.50566 0)
(69.9212 6.50566 0.05)
(70.0408 7.03564 0)
(70.0408 7.03564 0.05)
(70.167 7.59477 0)
(70.167 7.59477 0.05)
(70.3001 8.18465 0)
(70.3001 8.18465 0.05)
(70.4406 8.80698 0)
(70.4406 8.80698 0.05)
(70.5887 9.46353 0)
(70.5887 9.46353 0.05)
(70.7451 10.1562 0)
(70.7451 10.1562 0.05)
(70.91 10.887 0)
(70.91 10.887 0.05)
(71.084 11.6579 0)
(71.084 11.6579 0.05)
(71.2675 12.4713 0)
(71.2675 12.4713 0.05)
(71.4612 13.3294 0)
(71.4612 13.3294 0.05)
(71.6655 14.2346 0)
(71.6655 14.2346 0.05)
(71.8811 15.1897 0)
(71.8811 15.1897 0.05)
(72.1085 16.1973 0)
(72.1085 16.1973 0.05)
(72.3484 17.2603 0)
(72.3484 17.2603 0.05)
(72.6015 18.3818 0)
(72.6015 18.3818 0.05)
(72.8685 19.565 0)
(72.8685 19.565 0.05)
(73.1502 20.8133 0)
(73.1502 20.8133 0.05)
)


// ************************************************************************* //
