/*--------------------------------*- C++ -*----------------------------------*\
| =========                 |                                                 |
| \\      /  F ield         | OpenFOAM: The Open Source CFD Toolbox           |
|  \\    /   O peration     | Version:  2212                                  |
|   \\  /    A nd           | Website:  www.openfoam.com                      |
|    \\/     M anipulation  |                                                 |
\*---------------------------------------------------------------------------*/
FoamFile
{
    version     2.0;
    format      ascii;
    arch        "LSB;label=32;scalar=64";
    class       labelList;
    location    "constant/polyMesh";
    object      pointProcAddressing;
}
// * * * * * * * * * * * * * * * * * * * * * * * * * * * * * * * * * * * * * //


2888
(
35
36
37
38
39
113
114
115
116
117
191
192
193
194
195
270
271
272
273
274
349
350
351
352
353
428
429
430
431
432
507
508
509
510
511
586
587
588
589
590
665
666
667
668
669
744
745
746
747
748
823
824
825
826
827
902
903
904
905
906
981
982
983
984
985
1060
1061
1062
1063
1064
1139
1140
1141
1142
1143
1218
1219
1220
1221
1222
1297
1298
1299
1300
1301
1376
1377
1378
1379
1380
1455
1456
1457
1458
1459
1534
1535
1536
1537
1538
1613
1614
1615
1616
1617
1692
1693
1694
1695
1696
1771
1772
1773
1774
1775
1850
1851
1852
1853
1854
1929
1930
1931
1932
1933
2008
2009
2010
2011
2012
2087
2088
2089
2090
2091
2166
2167
2168
2169
2170
2245
2246
2247
2248
2249
2324
2325
2326
2327
2328
2403
2404
2405
2406
2407
2482
2483
2484
2485
2486
2561
2562
2563
2564
2565
2640
2641
2642
2643
2644
2719
2720
2721
2722
2723
2798
2799
2800
2801
2802
2877
2878
2879
2880
2881
2956
2957
2958
2959
2960
3035
3036
3037
3038
3039
3114
3115
3116
3117
3118
3193
3194
3195
3196
3197
3272
3273
3274
3275
3276
3351
3352
3353
3354
3355
3430
3431
3432
3433
3434
3509
3510
3511
3512
3513
3588
3589
3590
3591
3592
3667
3668
3669
3670
3671
3746
3747
3748
3749
3750
3825
3826
3827
3828
3829
3904
3905
3906
3907
3908
3983
3984
3985
3986
3987
4062
4063
4064
4065
4066
4141
4142
4143
4144
4145
4220
4221
4222
4223
4224
4299
4300
4301
4302
4303
4378
4379
4380
4381
4382
4457
4458
4459
4460
4461
4536
4537
4538
4539
4540
4615
4616
4617
4618
4619
4694
4695
4696
4697
4698
4773
4774
4775
4776
4777
4852
4853
4854
4855
4856
4931
4932
4933
4934
4935
5010
5011
5012
5013
5014
5089
5090
5091
5092
5093
5168
5169
5170
5171
5172
5246
5247
5248
5249
5250
5251
5325
5326
5327
5328
5329
5330
5404
5405
5406
5407
5408
5409
5483
5484
5485
5486
5487
5488
5562
5563
5564
5565
5566
5567
5641
5642
5643
5644
5645
5646
5720
5721
5722
5723
5724
5725
5799
5800
5801
5802
5803
5804
5878
5879
5880
5881
5882
5883
5957
5958
5959
5960
5961
5962
6036
6037
6038
6039
6040
6041
6115
6116
6117
6118
6119
6120
6194
6195
6196
6197
6198
6199
6273
6274
6275
6276
6277
6278
6352
6353
6354
6355
6356
6357
6431
6432
6433
6434
6435
6436
6510
6511
6512
6513
6514
6515
6589
6590
6591
6592
6593
6594
6668
6669
6670
6671
6672
6673
6747
6748
6749
6750
6751
6752
6826
6827
6828
6829
6830
6831
6905
6906
6907
6908
6909
6910
6984
6985
6986
6987
6988
6989
7063
7064
7065
7066
7067
7068
7141
7142
7143
7144
7145
7146
7147
7220
7221
7222
7223
7224
7225
7226
7299
7300
7301
7302
7303
7304
7305
7378
7379
7380
7381
7382
7383
7384
7457
7458
7459
7460
7461
7462
7463
7536
7537
7538
7539
7540
7541
7542
7615
7616
7617
7618
7619
7620
7621
7694
7695
7696
7697
7698
7699
7700
7773
7774
7775
7776
7777
7778
7779
7852
7853
7854
7855
7856
7857
7858
7931
7932
7933
7934
7935
7936
7937
8010
8011
8012
8013
8014
8015
8016
8089
8090
8091
8092
8093
8094
8095
8168
8169
8170
8171
8172
8173
8174
8247
8248
8249
8250
8251
8252
8253
8326
8327
8328
8329
8330
8331
8332
8405
8406
8407
8408
8409
8410
8411
8484
8485
8486
8487
8488
8489
8490
8562
8563
8564
8565
8566
8567
8568
8569
8641
8642
8643
8644
8645
8646
8647
8648
8720
8721
8722
8723
8724
8725
8726
8727
8799
8800
8801
8802
8803
8804
8805
8806
8878
8879
8880
8881
8882
8883
8884
8885
8957
8958
8959
8960
8961
8962
8963
8964
9036
9037
9038
9039
9040
9041
9042
9043
9115
9116
9117
9118
9119
9120
9121
9122
9194
9195
9196
9197
9198
9199
9200
9201
9273
9274
9275
9276
9277
9278
9279
9280
9352
9353
9354
9355
9356
9357
9358
9359
9431
9432
9433
9434
9435
9436
9437
9438
9510
9511
9512
9513
9514
9515
9516
9517
9589
9590
9591
9592
9593
9594
9595
9596
9667
9668
9669
9670
9671
9672
9673
9674
9675
9746
9747
9748
9749
9750
9751
9752
9753
9754
9825
9826
9827
9828
9829
9830
9831
9832
9833
9904
9905
9906
9907
9908
9909
9910
9911
9912
9983
9984
9985
9986
9987
9988
9989
9990
9991
10062
10063
10064
10065
10066
10067
10068
10069
10070
10141
10142
10143
10144
10145
10146
10147
10148
10149
10220
10221
10222
10223
10224
10225
10226
10227
10228
10299
10300
10301
10302
10303
10304
10305
10306
10307
10378
10379
10380
10381
10382
10383
10384
10385
10386
10457
10458
10459
10460
10461
10462
10463
10464
10465
10536
10537
10538
10539
10540
10541
10542
10543
10544
10615
10616
10617
10618
10619
10620
10621
10622
10623
10694
10695
10696
10697
10698
10699
10700
10701
10702
10772
10773
10774
10775
10776
10777
10778
10779
10780
10781
10851
10852
10853
10854
10855
10856
10857
10858
10859
10860
10930
10931
10932
10933
10934
10935
10936
10937
10938
10939
11009
11010
11011
11012
11013
11014
11015
11016
11017
11018
11088
11089
11090
11091
11092
11093
11094
11095
11096
11097
11167
11168
11169
11170
11171
11172
11173
11174
11175
11176
11246
11247
11248
11249
11250
11251
11252
11253
11254
11255
11325
11326
11327
11328
11329
11330
11331
11332
11333
11334
11404
11405
11406
11407
11408
11409
11410
11411
11412
11413
11483
11484
11485
11486
11487
11488
11489
11490
11491
11492
11562
11563
11564
11565
11566
11567
11568
11569
11570
11571
11641
11642
11643
11644
11645
11646
11647
11648
11649
11650
11720
11721
11722
11723
11724
11725
11726
11727
11728
11729
11799
11800
11801
11802
11803
11804
11805
11806
11807
11808
11878
11879
11880
11881
11882
11883
11884
11885
11886
11887
11957
11958
11959
11960
11961
11962
11963
11964
11965
11966
12036
12037
12038
12039
12040
12041
12042
12043
12044
12045
12115
12116
12117
12118
12119
12120
12121
12122
12123
12124
12193
12194
12195
12196
12197
12198
12199
12200
12201
12202
12203
12272
12273
12274
12275
12276
12277
12278
12279
12280
12281
12282
12351
12352
12353
12354
12355
12356
12357
12358
12359
12360
12361
12430
12431
12432
12433
12434
12435
12436
12437
12438
12439
12440
12509
12510
12511
12512
12513
12514
12515
12516
12517
12518
12519
12588
12589
12590
12591
12592
12593
12594
12595
12596
12597
12598
12667
12668
12669
12670
12671
12672
12673
12674
12675
12676
12677
12746
12747
12748
12749
12750
12751
12752
12753
12754
12755
12756
12796
12797
12798
12800
12802
12804
12806
12808
12810
12812
12814
12816
12818
12820
12822
12824
12826
12828
12830
12832
12834
12836
12838
12840
12842
12844
12846
12848
12850
12852
12854
12856
12858
12860
12862
12864
12866
12868
12870
12872
12874
12876
12878
12880
12882
12884
12886
12888
12890
12892
12894
12896
12898
12900
12902
12904
12906
12908
12910
12912
12914
12916
12918
12920
12922
12924
12926
12928
12930
12932
12934
12936
12938
12940
12942
12944
12946
12948
12950
12952
12954
12956
12958
12960
12962
12964
12966
12968
12970
12972
12974
12976
12978
12980
12982
12984
12986
12988
12990
12992
12994
12996
12998
13000
13002
13004
13006
13008
13010
13012
13014
13016
13018
13020
13022
13024
13026
13028
13030
13032
13034
13036
13038
13040
13042
13044
13046
13048
13050
13052
13054
13056
13058
13060
13062
13064
13066
13068
13070
13072
13074
13076
13078
13080
13082
13084
13086
13088
13090
13092
13094
13096
13098
13100
13102
13104
13106
13108
13110
13112
13114
13116
13118
13119
13120
13122
13124
13126
13128
13130
13132
13134
13136
13138
13140
13142
13144
13146
13148
13150
13152
13154
13156
13158
13160
13162
13164
13166
13168
13170
13172
13174
13176
13178
13180
13182
13184
13186
13188
13190
13192
13194
13196
13198
13200
13202
13204
13206
13208
13210
13212
13214
13216
13218
13220
13222
13224
13226
13228
13230
13232
13234
13236
13238
13240
13242
13244
13246
13248
13250
13252
13254
13256
13258
13260
13262
13264
13266
13268
13270
13272
13274
13276
13278
13280
13282
13284
13286
13288
13290
13292
13294
13296
13298
13300
13302
13304
13306
13308
13310
13312
13314
13316
13318
13320
13322
13324
13326
13328
13330
13332
13334
13336
13338
13340
13342
13344
13346
13348
13350
13352
13354
13356
13358
13360
13362
13364
13366
13368
13370
13372
13374
13376
13378
13380
13382
13384
13386
13388
13390
13392
13394
13396
13398
13400
13402
13404
13406
13408
13410
13412
13414
13416
13418
13420
13422
13424
13426
13428
13430
13432
13434
13440
13441
13442
13444
13446
13448
13450
13452
13454
13456
13458
13460
13462
13464
13466
13468
13470
13472
13474
13476
13478
13480
13482
13484
13486
13488
13490
13492
13494
13496
13498
13500
13502
13504
13506
13508
13510
13512
13514
13516
13518
13520
13522
13524
13526
13528
13530
13532
13534
13536
13538
13540
13542
13544
13546
13548
13550
13552
13554
13556
13558
13560
13562
13564
13566
13568
13570
13572
13574
13576
13578
13580
13582
13584
13586
13588
13590
13592
13594
13596
13598
13600
13602
13604
13606
13608
13610
13612
13614
13616
13618
13620
13622
13624
13626
13628
13630
13632
13634
13636
13638
13640
13642
13644
13646
13648
13650
13652
13654
13656
13658
13660
13662
13664
13666
13668
13670
13672
13674
13676
13678
13680
13682
13684
13686
13688
13690
13692
13694
13696
13698
13700
13702
13704
13706
13708
13710
13712
13714
13716
13718
13720
13722
13724
13726
13728
13730
13732
13734
13736
13738
13740
13742
13744
13746
13748
13750
13752
13762
13763
13764
13766
13768
13770
13772
13774
13776
13778
13780
13782
13784
13786
13788
13790
13792
13794
13796
13798
13800
13802
13804
13806
13808
13810
13812
13814
13816
13818
13820
13822
13824
13826
13828
13830
13832
13834
13836
13838
13840
13842
13844
13846
13848
13850
13852
13854
13856
13858
13860
13862
13864
13866
13868
13870
13872
13874
13876
13878
13880
13882
13884
13886
13888
13890
13892
13894
13896
13898
13900
13902
13904
13906
13908
13910
13912
13914
13916
13918
13920
13922
13924
13926
13928
13930
13932
13934
13936
13938
13940
13942
13944
13946
13948
13950
13952
13954
13956
13958
13960
13962
13964
13966
13968
13970
13972
13974
13976
13978
13980
13982
13984
13986
13988
13990
13992
13994
13996
13998
14000
14002
14004
14006
14008
14010
14012
14014
14016
14018
14020
14022
14024
14026
14028
14030
14032
14034
14036
14038
14040
14042
14044
14046
14048
14050
14052
14054
14056
14058
14060
14062
14064
14066
14068
14070
14084
14085
14086
14088
14090
14092
14094
14096
14098
14100
14102
14104
14106
14108
14110
14112
14114
14116
14118
14120
14122
14124
14126
14128
14130
14132
14134
14136
14138
14140
14142
14144
14146
14148
14150
14152
14154
14156
14158
14160
14162
14164
14166
14168
14170
14172
14174
14176
14178
14180
14182
14184
14186
14188
14190
14192
14194
14196
14198
14200
14202
14204
14206
14208
14210
14212
14214
14216
14218
14220
14222
14224
14226
14228
14230
14232
14234
14236
14238
14240
14242
14244
14246
14248
14250
14252
14254
14256
14258
14260
14262
14264
14266
14268
14270
14272
14274
14276
14278
14280
14282
14284
14286
14288
14290
14292
14294
14296
14298
14300
14302
14304
14306
14308
14310
14312
14314
14316
14318
14320
14322
14324
14326
14328
14330
14332
14334
14336
14338
14340
14342
14344
14346
14348
14350
14352
14354
14356
14358
14360
14362
14364
14366
14368
14370
14372
14374
14376
14378
14380
14382
14384
14386
14388
14406
14407
14408
14410
14412
14414
14416
14418
14420
14422
14424
14426
14428
14430
14432
14434
14436
14438
14440
14442
14444
14446
14448
14450
14452
14454
14456
14458
14460
14462
14464
14466
14468
14470
14472
14474
14476
14478
14480
14482
14484
14486
14488
14490
14492
14494
14496
14498
14500
14502
14504
14506
14508
14510
14512
14514
14516
14518
14520
14522
14524
14526
14528
14530
14532
14534
14536
14538
14540
14542
14544
14546
14548
14550
14552
14554
14556
14558
14560
14562
14564
14566
14568
14570
14572
14574
14576
14578
14580
14582
14584
14586
14588
14590
14592
14594
14596
14598
14600
14602
14604
14606
14608
14610
14612
14614
14616
14618
14620
14622
14624
14626
14628
14630
14632
14634
14636
14638
14640
14642
14644
14646
14648
14650
14652
14654
14656
14658
14660
14662
14664
14666
14668
14670
14672
14674
14676
14678
14680
14682
14684
14686
14688
14690
14692
14694
14696
14698
14700
14702
14728
14729
14730
14732
14734
14736
14738
14740
14742
14744
14746
14748
14750
14752
14754
14756
14758
14760
14762
14764
14766
14768
14770
14772
14774
14776
14778
14780
14782
14784
14786
14788
14790
14792
14794
14796
14798
14800
14802
14804
14806
14808
14810
14812
14814
14816
14818
14820
14822
14824
14826
14828
14830
14832
14834
14836
14838
14840
14842
14844
14846
14848
14850
14852
14854
14856
14858
14860
14862
14864
14866
14868
14870
14872
14874
14876
14878
14880
14882
14884
14886
14888
14890
14892
14894
14896
14898
14900
14902
14904
14906
14908
14910
14912
14914
14916
14918
14920
14922
14924
14926
14928
14930
14932
14934
14936
14938
14940
14942
14944
14946
14948
14950
14952
14954
14956
14958
14960
14962
14964
14966
14968
14970
14972
14974
14976
14978
14980
14982
14984
14986
14988
14990
14992
14994
14996
14998
15000
15002
15004
15006
15008
15010
15012
15014
15016
15050
15051
15052
15054
15056
15058
15060
15062
15064
15066
15068
15070
15072
15074
15076
15078
15080
15082
15084
15086
15088
15090
15092
15094
15096
15098
15100
15102
15104
15106
15108
15110
15112
15114
15116
15118
15120
15122
15124
15126
15128
15130
15132
15134
15136
15138
15140
15142
15144
15146
15148
15150
15152
15154
15156
15158
15160
15162
15164
15166
15168
15170
15172
15174
15176
15178
15180
15182
15184
15186
15188
15190
15192
15194
15196
15198
15200
15202
15204
15206
15208
15210
15212
15214
15216
15218
15220
15222
15224
15226
15228
15230
15232
15234
15236
15238
15240
15242
15244
15246
15248
15250
15252
15254
15256
15258
15260
15262
15264
15266
15268
15270
15272
15274
15276
15278
15280
15282
15284
15286
15288
15290
15292
15294
15296
15298
15300
15302
15304
15306
15308
15310
15312
15314
15316
15318
15320
15322
15324
15326
15372
15373
15374
15376
15378
15380
15382
15384
15386
15388
15390
15392
15394
15396
15398
15400
15402
15404
15406
15408
15410
15412
15414
15416
15418
15420
15422
15424
15426
15428
15430
15432
15434
15436
15438
15440
15442
15444
15446
15448
15450
15452
15454
15456
15458
15460
15462
15464
15466
15468
15470
15472
15474
15476
15478
15480
15482
15484
15486
15488
15490
15492
15494
15496
15498
15500
15502
15504
15506
15508
15510
15512
15514
15516
15518
15520
15522
15524
15526
15528
15530
15532
15534
15536
15538
15540
15542
15544
15546
15548
15550
15552
15554
15556
15558
15560
15562
15564
15566
15568
15570
15572
15574
15576
15578
15580
15582
15584
15586
15588
15590
15592
15594
15596
15598
15600
15602
15604
15606
15608
15610
15612
15614
15616
15618
15620
15622
15624
15626
15628
15630
15632
15634
15636
15694
15695
15696
15698
15700
15702
15704
15706
15708
15710
15712
15714
15716
15718
15720
15722
15724
15726
15728
15730
15732
15734
15736
15738
15740
15742
15744
15746
15748
15750
15752
15754
15756
15758
15760
15762
15764
15766
15768
15770
15772
15774
15776
15778
15780
15782
15784
15786
15788
15790
15792
15794
15796
15798
15800
15802
15804
15806
15808
15810
15812
15814
15816
15818
15820
15822
15824
15826
15828
15830
15832
15834
15836
15838
15840
15842
15844
15846
15848
15850
15852
15854
15856
15858
15860
15862
15864
15866
15868
15870
15872
15874
15876
15878
15880
15882
15884
15886
15888
15890
15892
15894
15896
15898
15900
15902
15904
15906
15908
15910
15912
15914
15916
15918
15920
15922
15924
15926
15928
15930
15932
15934
15936
15938
15940
15942
16016
16017
16018
16020
16022
16024
16026
16028
16030
16032
16034
16036
16038
16040
16042
16044
16046
16048
16050
16052
16054
16056
16058
16060
16062
16064
16066
16068
16070
16072
16074
16076
16078
16080
16082
16084
16086
16088
16090
16092
16094
16096
16098
16100
16102
16104
16106
16108
16110
16112
16114
16116
16118
16120
16122
16124
16126
16128
16130
16132
16134
16136
16138
16140
16142
16144
16146
16148
16150
16152
16154
16156
16158
16160
16162
16164
16166
16168
16170
16172
16174
16176
16178
16180
16182
16184
16186
16188
16190
16192
16194
16196
16198
16200
16202
16204
16206
16208
16210
16212
16214
16216
16218
16220
16222
16224
16226
16228
16230
16232
16234
16236
16238
16240
16242
16244
16338
16339
16340
16342
16344
16346
16348
16350
16352
16354
16356
16358
16360
16362
16364
16366
16368
16370
16372
16374
16376
16378
16380
16382
16384
16386
16388
16390
16392
16394
16396
16398
16400
16402
16404
16406
16408
16410
16412
16414
16416
16418
16420
16422
16424
16426
16428
16430
16432
16434
16436
16438
16440
16442
16444
16446
16448
16450
16452
16454
16456
16458
16460
16462
16464
16466
16468
16470
16472
16474
16476
16478
16480
16482
16484
16486
16488
16490
16492
16494
16496
16498
16500
16502
16504
16506
16508
16510
16512
16514
16516
16518
16520
16522
16524
16526
16528
16530
16532
16534
16536
16538
16660
16661
16662
16664
16666
16668
16670
16672
16674
16676
16678
16680
16682
16684
16686
16688
16690
16692
16694
16696
16698
16700
16702
16704
16706
16708
16710
16712
16714
16716
16718
16720
16722
16724
16726
16728
16730
16732
16734
16736
16738
16740
16742
16744
16746
16748
16750
16752
16754
16756
16758
16760
16762
16764
16766
16768
16770
16772
16774
16776
16778
16780
16782
16784
16786
16788
16790
16792
16794
16796
16798
16800
16802
16804
16806
16808
16810
16812
)


// ************************************************************************* //
