/*--------------------------------*- C++ -*----------------------------------*\
| =========                 |                                                 |
| \\      /  F ield         | OpenFOAM: The Open Source CFD Toolbox           |
|  \\    /   O peration     | Version:  2212                                  |
|   \\  /    A nd           | Website:  www.openfoam.com                      |
|    \\/     M anipulation  |                                                 |
\*---------------------------------------------------------------------------*/
FoamFile
{
    version     2.0;
    format      ascii;
    arch        "LSB;label=32;scalar=64";
    note        "nPoints:2874  nCells:1340  nFaces:5456  nInternalFaces:2584";
    class       labelList;
    location    "constant/polyMesh";
    object      neighbour;
}
// * * * * * * * * * * * * * * * * * * * * * * * * * * * * * * * * * * * * * //


2584
(
1
3
2
4
5
4
8
5
9
6
10
7
11
12
9
15
10
16
11
17
12
18
13
19
14
20
21
16
23
17
24
18
25
19
26
20
27
21
28
22
29
30
24
32
25
33
26
34
27
35
28
36
29
37
30
38
31
39
40
33
41
34
42
35
43
36
44
37
45
38
46
39
47
40
48
49
42
51
43
52
44
53
45
54
46
55
47
56
48
57
49
58
50
59
60
52
62
53
63
54
64
55
65
56
66
57
67
58
68
59
69
60
70
61
71
72
63
73
64
74
65
75
66
76
67
77
68
78
69
79
70
80
71
81
72
82
83
74
85
75
86
76
87
77
88
78
89
79
90
80
91
81
92
82
93
83
94
84
95
96
86
97
87
98
88
99
89
100
90
101
91
102
92
103
93
104
94
105
95
106
96
107
108
98
110
99
111
100
112
101
113
102
114
103
115
104
116
105
117
106
118
107
119
108
120
109
121
122
111
123
112
124
113
125
114
126
115
127
116
128
117
129
118
130
119
131
120
132
121
133
122
134
135
124
137
125
138
126
139
127
140
128
141
129
142
130
143
131
144
132
145
133
146
134
147
135
148
136
149
150
138
151
139
152
140
153
141
154
142
155
143
156
144
157
145
158
146
159
147
160
148
161
149
162
150
163
164
152
165
153
166
154
167
155
168
156
169
157
170
158
171
159
172
160
173
161
174
162
175
163
176
164
177
178
166
180
167
181
168
182
169
183
170
184
171
185
172
186
173
187
174
188
175
189
176
190
177
191
178
192
179
193
194
181
195
182
196
183
197
184
198
185
199
186
200
187
201
188
202
189
203
190
204
191
205
192
206
193
207
194
208
209
196
210
197
211
198
212
199
213
200
214
201
215
202
216
203
217
204
218
205
219
206
220
207
221
208
222
209
223
224
211
226
212
227
213
228
214
229
215
230
216
231
217
232
218
233
219
234
220
235
221
236
222
237
223
238
224
239
225
240
241
227
242
228
243
229
244
230
245
231
246
232
247
233
248
234
249
235
250
236
251
237
252
238
253
239
254
240
255
241
256
257
243
259
244
260
245
261
246
262
247
263
248
264
249
265
250
266
251
267
252
268
253
269
254
270
255
271
256
272
257
273
274
259
276
260
277
261
278
262
279
263
280
264
281
265
282
266
283
267
284
268
285
269
286
270
287
271
288
272
289
273
290
274
291
275
292
293
277
294
278
295
279
296
280
297
281
298
282
299
283
300
284
301
285
302
286
303
287
304
288
305
289
306
290
307
291
308
292
309
293
310
311
295
312
296
313
297
314
298
315
299
316
300
317
301
318
302
319
303
320
304
321
305
322
306
323
307
324
308
325
309
326
310
327
311
328
329
313
331
314
332
315
333
316
334
317
335
318
336
319
337
320
338
321
339
322
340
323
341
324
342
325
343
326
344
327
345
328
346
329
347
330
348
349
332
350
333
351
334
352
335
353
336
354
337
355
338
356
339
357
340
358
341
359
342
360
343
361
344
362
345
363
346
364
347
365
348
366
349
367
368
351
369
352
370
353
371
354
372
355
373
356
374
357
375
358
376
359
377
360
378
361
379
362
380
363
381
364
382
365
383
366
384
367
385
368
386
387
370
388
371
389
372
390
373
391
374
392
375
393
376
394
377
395
378
396
379
397
380
398
381
399
382
400
383
401
384
402
385
403
386
404
387
405
406
389
407
390
408
391
409
392
410
393
411
394
412
395
413
396
414
397
415
398
416
399
417
400
418
401
419
402
420
403
421
404
422
405
423
406
424
425
408
427
409
428
410
429
411
430
412
431
413
432
414
433
415
434
416
435
417
436
418
437
419
438
420
439
421
440
422
441
423
442
424
443
425
444
426
445
446
428
447
429
448
430
449
431
450
432
451
433
452
434
453
435
454
436
455
437
456
438
457
439
458
440
459
441
460
442
461
443
462
444
463
445
464
446
465
466
448
467
449
468
450
469
451
470
452
471
453
472
454
473
455
474
456
475
457
476
458
477
459
478
460
479
461
480
462
481
463
482
464
483
465
484
466
485
486
468
487
469
488
470
489
471
490
472
491
473
492
474
493
475
494
476
495
477
496
478
497
479
498
480
499
481
500
482
501
483
502
484
503
485
504
486
505
506
488
507
489
508
490
509
491
510
492
511
493
512
494
513
495
514
496
515
497
516
498
517
499
518
500
519
501
520
502
521
503
522
504
523
505
524
506
525
526
508
528
509
529
510
530
511
531
512
532
513
533
514
534
515
535
516
536
517
537
518
538
519
539
520
540
521
541
522
542
523
543
524
544
525
545
526
546
527
547
548
529
549
530
550
531
551
532
552
533
553
534
554
535
555
536
556
537
557
538
558
539
559
540
560
541
561
542
562
543
563
544
564
545
565
546
566
547
567
548
568
569
550
570
551
571
552
572
553
573
554
574
555
575
556
576
557
577
558
578
559
579
560
580
561
581
562
582
563
583
564
584
565
585
566
586
567
587
568
588
569
589
590
571
591
572
592
573
593
574
594
575
595
576
596
577
597
578
598
579
599
580
600
581
601
582
602
583
603
584
604
585
605
586
606
587
607
588
608
589
609
590
610
611
592
612
593
613
594
614
595
615
596
616
597
617
598
618
599
619
600
620
601
621
602
622
603
623
604
624
605
625
606
626
607
627
608
628
609
629
610
630
611
631
632
613
634
614
635
615
636
616
637
617
638
618
639
619
640
620
641
621
642
622
643
623
644
624
645
625
646
626
647
627
648
628
649
629
650
630
651
631
652
632
653
633
654
655
635
656
636
657
637
658
638
659
639
660
640
661
641
662
642
663
643
664
644
665
645
666
646
667
647
668
648
669
649
670
650
671
651
672
652
673
653
674
654
675
655
676
677
657
678
658
679
659
680
660
681
661
682
662
683
663
684
664
685
665
686
666
687
667
688
668
689
669
690
670
691
671
692
672
693
673
694
674
695
675
696
676
697
677
698
699
679
700
680
701
681
702
682
703
683
704
684
705
685
706
686
707
687
708
688
709
689
710
690
711
691
712
692
713
693
714
694
715
695
716
696
717
697
718
698
719
699
720
721
701
722
702
723
703
724
704
725
705
726
706
727
707
728
708
729
709
730
710
731
711
732
712
733
713
734
714
735
715
736
716
737
717
738
718
739
719
740
720
741
721
742
743
723
744
724
745
725
746
726
747
727
748
728
749
729
750
730
751
731
752
732
753
733
754
734
755
735
756
736
757
737
758
738
759
739
760
740
761
741
762
742
763
743
764
765
745
766
746
767
747
768
748
769
749
770
750
771
751
772
752
773
753
774
754
775
755
776
756
777
757
778
758
779
759
780
760
781
761
782
762
783
763
784
764
785
765
786
787
767
789
768
790
769
791
770
792
771
793
772
794
773
795
774
796
775
797
776
798
777
799
778
800
779
801
780
802
781
803
782
804
783
805
784
806
785
807
786
808
787
809
788
810
811
790
812
791
813
792
814
793
815
794
816
795
817
796
818
797
819
798
820
799
821
800
822
801
823
802
824
803
825
804
826
805
827
806
828
807
829
808
830
809
831
810
832
811
833
834
813
835
814
836
815
837
816
838
817
839
818
840
819
841
820
842
821
843
822
844
823
845
824
846
825
847
826
848
827
849
828
850
829
851
830
852
831
853
832
854
833
855
834
856
857
836
858
837
859
838
860
839
861
840
862
841
863
842
864
843
865
844
866
845
867
846
868
847
869
848
870
849
871
850
872
851
873
852
874
853
875
854
876
855
877
856
878
857
879
880
859
881
860
882
861
883
862
884
863
885
864
886
865
887
866
888
867
889
868
890
869
891
870
892
871
893
872
894
873
895
874
896
875
897
876
898
877
899
878
900
879
901
880
902
903
882
904
883
905
884
906
885
907
886
908
887
909
888
910
889
911
890
912
891
913
892
914
893
915
894
916
895
917
896
918
897
919
898
920
899
921
900
922
901
923
902
924
903
925
926
905
927
906
928
907
929
908
930
909
931
910
932
911
933
912
934
913
935
914
936
915
937
916
938
917
939
918
940
919
941
920
942
921
943
922
944
923
945
924
946
925
947
926
948
949
928
950
929
951
930
952
931
953
932
954
933
955
934
956
935
957
936
958
937
959
938
960
939
961
940
962
941
963
942
964
943
965
944
966
945
967
946
968
947
969
948
970
949
971
972
951
974
952
975
953
976
954
977
955
978
956
979
957
980
958
981
959
982
960
983
961
984
962
985
963
986
964
987
965
988
966
989
967
990
968
991
969
992
970
993
971
994
972
995
973
996
997
975
998
976
999
977
1000
978
1001
979
1002
980
1003
981
1004
982
1005
983
1006
984
1007
985
1008
986
1009
987
1010
988
1011
989
1012
990
1013
991
1014
992
1015
993
1016
994
1017
995
1018
996
1019
997
1020
1021
999
1022
1000
1023
1001
1024
1002
1025
1003
1026
1004
1027
1005
1028
1006
1029
1007
1030
1008
1031
1009
1032
1010
1033
1011
1034
1012
1035
1013
1036
1014
1037
1015
1038
1016
1039
1017
1040
1018
1041
1019
1042
1020
1043
1021
1044
1045
1023
1046
1024
1047
1025
1048
1026
1049
1027
1050
1028
1051
1029
1052
1030
1053
1031
1054
1032
1055
1033
1056
1034
1057
1035
1058
1036
1059
1037
1060
1038
1061
1039
1062
1040
1063
1041
1064
1042
1065
1043
1066
1044
1067
1045
1068
1069
1047
1070
1048
1071
1049
1072
1050
1073
1051
1074
1052
1075
1053
1076
1054
1077
1055
1078
1056
1079
1057
1080
1058
1081
1059
1082
1060
1083
1061
1084
1062
1085
1063
1086
1064
1087
1065
1088
1066
1089
1067
1090
1068
1091
1069
1092
1093
1071
1094
1072
1095
1073
1096
1074
1097
1075
1098
1076
1099
1077
1100
1078
1101
1079
1102
1080
1103
1081
1104
1082
1105
1083
1106
1084
1107
1085
1108
1086
1109
1087
1110
1088
1111
1089
1112
1090
1113
1091
1114
1092
1115
1093
1116
1117
1095
1118
1096
1119
1097
1120
1098
1121
1099
1122
1100
1123
1101
1124
1102
1125
1103
1126
1104
1127
1105
1128
1106
1129
1107
1130
1108
1131
1109
1132
1110
1133
1111
1134
1112
1135
1113
1136
1114
1137
1115
1138
1116
1139
1117
1140
1141
1119
1142
1120
1143
1121
1144
1122
1145
1123
1146
1124
1147
1125
1148
1126
1149
1127
1150
1128
1151
1129
1152
1130
1153
1131
1154
1132
1155
1133
1156
1134
1157
1135
1158
1136
1159
1137
1160
1138
1161
1139
1162
1140
1163
1141
1164
1165
1143
1166
1144
1167
1145
1168
1146
1169
1147
1170
1148
1171
1149
1172
1150
1173
1151
1174
1152
1175
1153
1176
1154
1177
1155
1178
1156
1179
1157
1180
1158
1181
1159
1182
1160
1183
1161
1184
1162
1185
1163
1186
1164
1187
1165
1188
1189
1167
1190
1168
1191
1169
1192
1170
1193
1171
1194
1172
1195
1173
1196
1174
1197
1175
1198
1176
1199
1177
1200
1178
1201
1179
1202
1180
1203
1181
1204
1182
1205
1183
1206
1184
1207
1185
1208
1186
1209
1187
1210
1188
1211
1189
1212
1213
1191
1215
1192
1216
1193
1217
1194
1218
1195
1219
1196
1220
1197
1221
1198
1222
1199
1223
1200
1224
1201
1225
1202
1226
1203
1227
1204
1228
1205
1229
1206
1230
1207
1231
1208
1232
1209
1233
1210
1234
1211
1235
1212
1236
1213
1237
1214
1238
1239
1216
1240
1217
1241
1218
1242
1219
1243
1220
1244
1221
1245
1222
1246
1223
1247
1224
1248
1225
1249
1226
1250
1227
1251
1228
1252
1229
1253
1230
1254
1231
1255
1232
1256
1233
1257
1234
1258
1235
1259
1236
1260
1237
1261
1238
1262
1239
1263
1264
1241
1265
1242
1266
1243
1267
1244
1268
1245
1269
1246
1270
1247
1271
1248
1272
1249
1273
1250
1274
1251
1275
1252
1276
1253
1277
1254
1278
1255
1279
1256
1280
1257
1281
1258
1282
1259
1283
1260
1284
1261
1285
1262
1286
1263
1287
1264
1288
1289
1266
1290
1267
1291
1268
1292
1269
1293
1270
1294
1271
1295
1272
1296
1273
1297
1274
1298
1275
1299
1276
1300
1277
1301
1278
1302
1279
1303
1280
1304
1281
1305
1282
1306
1283
1307
1284
1308
1285
1309
1286
1310
1287
1311
1288
1312
1289
1313
1314
1291
1315
1292
1316
1293
1317
1294
1318
1295
1319
1296
1320
1297
1321
1298
1322
1299
1323
1300
1324
1301
1325
1302
1326
1303
1327
1304
1328
1305
1329
1306
1330
1307
1331
1308
1332
1309
1333
1310
1334
1311
1335
1312
1336
1313
1337
1314
1338
1339
1316
1317
1318
1319
1320
1321
1322
1323
1324
1325
1326
1327
1328
1329
1330
1331
1332
1333
1334
1335
1336
1337
1338
1339
)


// ************************************************************************* //
