/*--------------------------------*- C++ -*----------------------------------*\
| =========                 |                                                 |
| \\      /  F ield         | OpenFOAM: The Open Source CFD Toolbox           |
|  \\    /   O peration     | Version:  2212                                  |
|   \\  /    A nd           | Website:  www.openfoam.com                      |
|    \\/     M anipulation  |                                                 |
\*---------------------------------------------------------------------------*/
FoamFile
{
    version     2.0;
    format      ascii;
    arch        "LSB;label=32;scalar=64";
    class       vectorField;
    location    "constant/polyMesh";
    object      points;
}
// * * * * * * * * * * * * * * * * * * * * * * * * * * * * * * * * * * * * * //


2874
(
(-19.5313 0.499891 0)
(-19.5084 0.760581 0)
(-19.4539 1.05648 0)
(-19.3765 1.33452 0)
(-19.5313 0.499891 0.05)
(-19.5084 0.760581 0.05)
(-19.4539 1.05648 0.05)
(-19.3765 1.33452 0.05)
(-19.8167 0.514568 0)
(-19.7917 0.798386 0)
(-19.7323 1.12124 0)
(-19.6484 1.42244 0)
(-19.5351 1.72884 0)
(-19.3884 2.03911 0)
(-19.8167 0.514568 0.05)
(-19.7917 0.798386 0.05)
(-19.7323 1.12124 0.05)
(-19.6484 1.42244 0.05)
(-19.5351 1.72884 0.05)
(-19.3884 2.03911 0.05)
(-20.1178 0.530053 0)
(-20.0905 0.838271 0)
(-20.0259 1.18957 0)
(-19.9353 1.51518 0)
(-19.8131 1.84561 0)
(-19.6553 2.17943 0)
(-19.4711 2.49751 0)
(-19.258 2.8073 0)
(-20.1178 0.530053 0.05)
(-20.0905 0.838271 0.05)
(-20.0259 1.18957 0.05)
(-19.9353 1.51518 0.05)
(-19.8131 1.84561 0.05)
(-19.6553 2.17943 0.05)
(-19.4711 2.49751 0.05)
(-19.258 2.8073 0.05)
(-20.4355 0.546389 0)
(-20.4058 0.880349 0)
(-20.3357 1.26165 0)
(-20.2379 1.61303 0)
(-20.1063 1.9688 0)
(-19.9368 2.32746 0)
(-19.7399 2.66757 0)
(-19.5129 2.99753 0)
(-19.2562 3.31584 0)
(-20.4355 0.546389 0.05)
(-20.4058 0.880349 0.05)
(-20.3357 1.26165 0.05)
(-20.2379 1.61303 0.05)
(-20.1063 1.9688 0.05)
(-19.9368 2.32746 0.05)
(-19.7399 2.66757 0.05)
(-19.5129 2.99753 0.05)
(-19.2562 3.31584 0.05)
(-20.7706 0.563623 0)
(-20.7384 0.924742 0)
(-20.6625 1.33769 0)
(-20.5572 1.71626 0)
(-20.4157 2.09877 0)
(-20.2338 2.48364 0)
(-20.0235 2.84698 0)
(-19.7819 3.19822 0)
(-19.5096 3.53581 0)
(-19.2117 3.85581 0)
(-20.7706 0.563623 0.05)
(-20.7384 0.924742 0.05)
(-20.6625 1.33769 0.05)
(-20.5572 1.71626 0.05)
(-20.4157 2.09877 0.05)
(-20.2338 2.48364 0.05)
(-20.0235 2.84698 0.05)
(-19.7819 3.19822 0.05)
(-19.5096 3.53581 0.05)
(-19.2117 3.85581 0.05)
(-21.1241 0.581806 0)
(-21.0893 0.971576 0)
(-21.0073 1.41792 0)
(-20.8941 1.82517 0)
(-20.7421 2.23588 0)
(-20.5471 2.6484 0)
(-20.3227 3.03625 0)
(-20.0656 3.40996 0)
(-19.7769 3.76788 0)
(-19.4624 4.10571 0)
(-21.1241 0.581806 0.05)
(-21.0893 0.971576 0.05)
(-21.0073 1.41792 0.05)
(-20.8941 1.82517 0.05)
(-20.7421 2.23588 0.05)
(-20.5471 2.6484 0.05)
(-20.3227 3.03625 0.05)
(-20.0656 3.40996 0.05)
(-19.7769 3.76788 0.05)
(-19.4624 4.10571 0.05)
(-21.4971 0.600989 0)
(-21.4595 1.02099 0)
(-21.3711 1.50256 0)
(-21.2495 1.94007 0)
(-21.0864 2.38054 0)
(-20.8777 2.82223 0)
(-20.6383 3.23594 0)
(-20.3649 3.63333 0)
(-20.059 4.01271 0)
(-19.727 4.36936 0)
(-19.365 4.70927 0)
(-21.4971 0.600989 0.05)
(-21.4595 1.02099 0.05)
(-21.3711 1.50256 0.05)
(-21.2495 1.94007 0.05)
(-21.0864 2.38054 0.05)
(-20.8777 2.82223 0.05)
(-20.6383 3.23594 0.05)
(-20.3649 3.63333 0.05)
(-20.059 4.01271 0.05)
(-19.727 4.36936 0.05)
(-19.365 4.70927 0.05)
(-21.8907 0.621226 0)
(-21.8501 1.07311 0)
(-21.7549 1.59186 0)
(-21.6244 2.06128 0)
(-21.4497 2.53315 0)
(-21.2265 3.00562 0)
(-20.9713 3.4466 0)
(-20.6807 3.869 0)
(-20.3566 4.27101 0)
(-20.0061 4.6475 0)
(-19.6252 5.00514 0)
(-19.2144 5.34397 0)
(-21.8907 0.621226 0.05)
(-21.8501 1.07311 0.05)
(-21.7549 1.59186 0.05)
(-21.6244 2.06128 0.05)
(-21.4497 2.53315 0.05)
(-21.2265 3.00562 0.05)
(-20.9713 3.4466 0.05)
(-20.6807 3.869 0.05)
(-20.3566 4.27101 0.05)
(-20.0061 4.6475 0.05)
(-19.6252 5.00514 0.05)
(-19.2144 5.34397 0.05)
(-22.3058 0.642577 0)
(-22.2621 1.12811 0)
(-22.1598 1.68607 0)
(-22.0199 2.18917 0)
(-21.833 2.69415 0)
(-21.5944 3.1991 0)
(-21.3226 3.66886 0)
(-21.0139 4.11762 0)
(-20.6705 4.54352 0)
(-20.3005 4.94095 0)
(-19.8998 5.31729 0)
(-19.4689 5.67267 0)
(-22.3058 0.642577 0.05)
(-22.2621 1.12811 0.05)
(-22.1598 1.68607 0.05)
(-22.0199 2.18917 0.05)
(-21.833 2.69415 0.05)
(-21.5944 3.1991 0.05)
(-21.3226 3.66886 0.05)
(-21.0139 4.11762 0.05)
(-20.6705 4.54352 0.05)
(-20.3005 4.94095 0.05)
(-19.8998 5.31729 0.05)
(-19.4689 5.67267 0.05)
(-22.7438 0.665102 0)
(-22.6969 1.18613 0)
(-22.5869 1.78546 0)
(-22.4373 2.32409 0)
(-22.2373 2.86402 0)
(-21.9826 3.40322 0)
(-21.6932 3.90334 0)
(-21.3654 4.37992 0)
(-21.0017 4.83102 0)
(-20.6112 5.25053 0)
(-20.1894 5.6466 0)
(-19.7374 6.01945 0)
(-19.2551 6.37014 0)
(-22.7438 0.665102 0.05)
(-22.6969 1.18613 0.05)
(-22.5869 1.78546 0.05)
(-22.4373 2.32409 0.05)
(-22.2373 2.86402 0.05)
(-21.9826 3.40322 0.05)
(-21.6932 3.90334 0.05)
(-21.3654 4.37992 0.05)
(-21.0017 4.83102 0.05)
(-20.6112 5.25053 0.05)
(-20.1894 5.6466 0.05)
(-19.7374 6.01945 0.05)
(-19.2551 6.37014 0.05)
(-23.2059 0.688866 0)
(-23.1555 1.24734 0)
(-23.0376 1.89032 0)
(-22.8775 2.46642 0)
(-22.6639 3.04322 0)
(-22.3921 3.61856 0)
(-22.0843 4.15071 0)
(-21.7362 4.65665 0)
(-21.3511 5.13432 0)
(-20.9389 5.57714 0)
(-20.495 5.99403 0)
(-20.0206 6.38531 0)
(-19.5161 6.7522 0)
(-23.2059 0.688866 0.05)
(-23.1555 1.24734 0.05)
(-23.0376 1.89032 0.05)
(-22.8775 2.46642 0.05)
(-22.6639 3.04322 0.05)
(-22.3921 3.61856 0.05)
(-22.0843 4.15071 0.05)
(-21.7362 4.65665 0.05)
(-21.3511 5.13432 0.05)
(-20.9389 5.57714 0.05)
(-20.495 5.99403 0.05)
(-20.0206 6.38531 0.05)
(-19.5161 6.7522 0.05)
(-23.6934 0.713937 0)
(-23.6393 1.31192 0)
(-23.513 2.00094 0)
(-23.342 2.61659 0)
(-23.1139 3.23228 0)
(-22.8242 3.84575 0)
(-22.4968 4.41169 0)
(-22.1274 4.94859 0)
(-21.7197 5.45431 0)
(-21.2847 5.92172 0)
(-20.8174 6.36056 0)
(-20.3195 6.77129 0)
(-19.7915 7.15528 0)
(-19.2287 7.51628 0)
(-23.6934 0.713937 0.05)
(-23.6393 1.31192 0.05)
(-23.513 2.00094 0.05)
(-23.342 2.61659 0.05)
(-23.1139 3.23228 0.05)
(-22.8242 3.84575 0.05)
(-22.4968 4.41169 0.05)
(-22.1274 4.94859 0.05)
(-21.7197 5.45431 0.05)
(-21.2847 5.92172 0.05)
(-20.8174 6.36056 0.05)
(-20.3195 6.77129 0.05)
(-19.7915 7.15528 0.05)
(-19.2287 7.51628 0.05)
(-24.2077 0.740387 0)
(-24.1498 1.38004 0)
(-24.0146 2.11765 0)
(-23.832 2.77502 0)
(-23.5887 3.43174 0)
(-23.28 4.08543 0)
(-22.932 4.68703 0)
(-22.5401 5.2566 0)
(-22.1086 5.7919 0)
(-21.6494 6.28524 0)
(-21.1575 6.74725 0)
(-20.6347 7.17849 0)
(-20.0819 7.58053 0)
(-19.4943 7.95751 0)
(-24.2077 0.740387 0.05)
(-24.1498 1.38004 0.05)
(-24.0146 2.11765 0.05)
(-23.832 2.77502 0.05)
(-23.5887 3.43174 0.05)
(-23.28 4.08543 0.05)
(-22.932 4.68703 0.05)
(-22.5401 5.2566 0.05)
(-22.1086 5.7919 0.05)
(-21.6494 6.28524 0.05)
(-21.1575 6.74725 0.05)
(-20.6347 7.17849 0.05)
(-20.0819 7.58053 0.05)
(-19.4943 7.95751 0.05)
(-24.7503 0.768291 0)
(-24.6883 1.45192 0)
(-24.5438 2.24077 0)
(-24.349 2.94216 0)
(-24.0896 3.64216 0)
(-23.7609 4.33829 0)
(-23.3911 4.97751 0)
(-22.9756 5.58154 0)
(-22.5189 6.14805 0)
(-22.0343 6.66876 0)
(-21.5163 7.15522 0)
(-20.9673 7.6081 0)
(-20.3884 8.02916 0)
(-19.7744 8.423 0)
(-19.1245 8.78983 0)
(-24.7503 0.768291 0.05)
(-24.6883 1.45192 0.05)
(-24.5438 2.24077 0.05)
(-24.349 2.94216 0.05)
(-24.0896 3.64216 0.05)
(-23.7609 4.33829 0.05)
(-23.3911 4.97751 0.05)
(-22.9756 5.58154 0.05)
(-22.5189 6.14805 0.05)
(-22.0343 6.66876 0.05)
(-21.5163 7.15522 0.05)
(-20.9673 7.6081 0.05)
(-20.3884 8.02916 0.05)
(-19.7744 8.423 0.05)
(-19.1245 8.78983 0.05)
(-25.3227 0.79773 0)
(-25.2565 1.52775 0)
(-25.1021 2.37067 0)
(-24.8943 3.11849 0)
(-24.6181 3.86417 0)
(-24.2682 4.60507 0)
(-23.8755 5.28396 0)
(-23.4349 5.92435 0)
(-22.9518 6.5238 0)
(-22.4403 7.07338 0)
(-21.8949 7.58562 0)
(-21.3182 8.06133 0)
(-20.7117 8.50247 0)
(-20.07 8.91409 0)
(-19.3924 9.29655 0)
(-25.3227 0.79773 0.05)
(-25.2565 1.52775 0.05)
(-25.1021 2.37067 0.05)
(-24.8943 3.11849 0.05)
(-24.6181 3.86417 0.05)
(-24.2682 4.60507 0.05)
(-23.8755 5.28396 0.05)
(-23.4349 5.92435 0.05)
(-22.9518 6.5238 0.05)
(-22.4403 7.07338 0.05)
(-21.8949 7.58562 0.05)
(-21.3182 8.06133 0.05)
(-20.7117 8.50247 0.05)
(-20.07 8.91409 0.05)
(-19.3924 9.29655 0.05)
(-25.9266 0.828789 0)
(-25.8559 1.60775 0)
(-25.6911 2.50771 0)
(-25.4697 3.30452 0)
(-25.1756 4.09838 0)
(-24.8034 4.88651 0)
(-24.3865 5.60727 0)
(-23.9196 6.28602 0)
(-23.4084 6.92021 0)
(-22.8686 7.50024 0)
(-22.2942 8.03969 0)
(-21.6884 8.53949 0)
(-21.0528 9.00182 0)
(-20.3819 9.4322 0)
(-19.6751 9.83113 0)
(-25.9266 0.828789 0.05)
(-25.8559 1.60775 0.05)
(-25.6911 2.50771 0.05)
(-25.4697 3.30452 0.05)
(-25.1756 4.09838 0.05)
(-24.8034 4.88651 0.05)
(-24.3865 5.60727 0.05)
(-23.9196 6.28602 0.05)
(-23.4084 6.92021 0.05)
(-22.8686 7.50024 0.05)
(-22.2942 8.03969 0.05)
(-21.6884 8.53949 0.05)
(-21.0528 9.00182 0.05)
(-20.3819 9.4322 0.05)
(-19.6751 9.83113 0.05)
(-26.5638 0.861555 0)
(-26.4883 1.69215 0)
(-26.3125 2.65229 0)
(-26.0768 3.50078 0)
(-25.7638 4.34547 0)
(-25.3681 5.18344 0)
(-24.9257 5.94836 0)
(-24.4309 6.66758 0)
(-23.8902 7.33842 0)
(-23.3205 7.95059 0)
(-22.7156 8.51873 0)
(-22.079 9.04394 0)
(-21.4126 9.52862 0)
(-20.7109 9.9788 0)
(-19.9733 10.3951 0)
(-19.1965 10.7794 0)
(-26.5638 0.861555 0.05)
(-26.4883 1.69215 0.05)
(-26.3125 2.65229 0.05)
(-26.0768 3.50078 0.05)
(-25.7638 4.34547 0.05)
(-25.3681 5.18344 0.05)
(-24.9257 5.94836 0.05)
(-24.4309 6.66758 0.05)
(-23.8902 7.33842 0.05)
(-23.3205 7.95059 0.05)
(-22.7156 8.51873 0.05)
(-22.079 9.04394 0.05)
(-21.4126 9.52862 0.05)
(-20.7109 9.9788 0.05)
(-19.9733 10.3951 0.05)
(-19.1965 10.7794 0.05)
(-27.236 0.896124 0)
(-27.1554 1.78119 0)
(-26.968 2.80482 0)
(-26.7172 3.70783 0)
(-26.3843 4.60615 0)
(-25.9638 5.49669 0)
(-25.4945 6.30821 0)
(-24.9703 7.07013 0)
(-24.3985 7.77963 0)
(-23.7972 8.4257 0)
(-23.1601 9.02413 0)
(-22.4911 9.57614 0)
(-21.7923 10.0844 0)
(-21.058 10.5555 0)
(-20.288 10.9901 0)
(-19.4787 11.3905 0)
(-27.236 0.896124 0.05)
(-27.1554 1.78119 0.05)
(-26.968 2.80482 0.05)
(-26.7172 3.70783 0.05)
(-26.3843 4.60615 0.05)
(-25.9638 5.49669 0.05)
(-25.4945 6.30821 0.05)
(-24.9703 7.07013 0.05)
(-24.3985 7.77963 0.05)
(-23.7972 8.4257 0.05)
(-23.1601 9.02413 0.05)
(-22.4911 9.57614 0.05)
(-21.7923 10.0844 0.05)
(-21.058 10.5555 0.05)
(-20.288 10.9901 0.05)
(-19.4787 11.3905 0.05)
(-27.9451 0.932594 0)
(-27.8593 1.87513 0)
(-27.6596 2.96575 0)
(-27.3929 3.92628 0)
(-27.039 4.88118 0)
(-26.5923 5.82718 0)
(-26.0946 6.68786 0)
(-25.5394 7.49482 0)
(-24.9348 8.24512 0)
(-24.3002 8.92695 0)
(-23.6291 9.55732 0)
(-22.9258 10.1376 0)
(-22.1928 10.6708 0)
(-21.4242 11.1638 0)
(-20.6199 11.6179 0)
(-19.7764 12.0352 0)
(-27.9451 0.932594 0.05)
(-27.8593 1.87513 0.05)
(-27.6596 2.96575 0.05)
(-27.3929 3.92628 0.05)
(-27.039 4.88118 0.05)
(-26.5923 5.82718 0.05)
(-26.0946 6.68786 0.05)
(-25.5394 7.49482 0.05)
(-24.9348 8.24512 0.05)
(-24.3002 8.92695 0.05)
(-23.6291 9.55732 0.05)
(-22.9258 10.1376 0.05)
(-22.1928 10.6708 0.05)
(-21.4242 11.1638 0.05)
(-20.6199 11.6179 0.05)
(-19.7764 12.0352 0.05)
(-28.6933 0.97107 0)
(-28.6018 1.97423 0)
(-28.3893 3.13552 0)
(-28.1057 4.15674 0)
(-27.7297 5.17132 0)
(-27.2554 6.17584 0)
(-26.7276 7.08838 0)
(-26.1398 7.94286 0)
(-25.5005 8.7362 0)
(-24.8308 9.45576 0)
(-24.1238 10.1198 0)
(-23.3844 10.73 0)
(-22.6153 11.2893 0)
(-21.8105 11.8057 0)
(-20.9701 12.2801 0)
(-20.0905 12.7153 0)
(-19.1693 13.1116 0)
(-28.6933 0.97107 0.05)
(-28.6018 1.97423 0.05)
(-28.3893 3.13552 0.05)
(-28.1057 4.15674 0.05)
(-27.7297 5.17132 0.05)
(-27.2554 6.17584 0.05)
(-26.7276 7.08838 0.05)
(-26.1398 7.94286 0.05)
(-25.5005 8.7362 0.05)
(-24.8308 9.45576 0.05)
(-24.1238 10.1198 0.05)
(-23.3844 10.73 0.05)
(-22.6153 11.2893 0.05)
(-21.8105 11.8057 0.05)
(-20.9701 12.2801 0.05)
(-20.0905 12.7153 0.05)
(-19.1693 13.1116 0.05)
(-29.4826 1.01166 0)
(-29.3852 2.07879 0)
(-29.1591 3.31463 0)
(-28.8577 4.39987 0)
(-28.4583 5.47743 0)
(-27.9549 6.54368 0)
(-27.3955 7.51093 0)
(-26.7732 8.41555 0)
(-26.0973 9.25429 0)
(-25.3907 10.0137 0)
(-24.6458 10.7133 0)
(-23.8682 11.3549 0)
(-23.0611 11.942 0)
(-22.2181 12.4828 0)
(-21.3395 12.9788 0)
(-20.4218 13.4328 0)
(-19.4627 13.8454 0)
(-29.4826 1.01166 0.05)
(-29.3852 2.07879 0.05)
(-29.1591 3.31463 0.05)
(-28.8577 4.39987 0.05)
(-28.4583 5.47743 0.05)
(-27.9549 6.54368 0.05)
(-27.3955 7.51093 0.05)
(-26.7732 8.41555 0.05)
(-26.0973 9.25429 0.05)
(-25.3907 10.0137 0.05)
(-24.6458 10.7133 0.05)
(-23.8682 11.3549 0.05)
(-23.0611 11.942 0.05)
(-22.2181 12.4828 0.05)
(-21.3395 12.9788 0.05)
(-20.4218 13.4328 0.05)
(-19.4627 13.8454 0.05)
(-30.3153 1.05449 0)
(-30.2117 2.1891 0)
(-29.9712 3.50359 0)
(-29.6511 4.65638 0)
(-29.2271 5.80037 0)
(-28.6929 6.93175 0)
(-28.1002 7.95672 0)
(-27.4415 8.91424 0)
(-26.727 9.80088 0)
(-25.9813 10.6022 0)
(-25.1965 11.3394 0)
(-24.3787 12.0142 0)
(-23.5314 12.6305 0)
(-22.6481 13.1972 0)
(-21.7293 13.7159 0)
(-20.7714 14.1898 0)
(-19.7723 14.6197 0)
(-30.3153 1.05449 0.05)
(-30.2117 2.1891 0.05)
(-29.9712 3.50359 0.05)
(-29.6511 4.65638 0.05)
(-29.2271 5.80037 0.05)
(-28.6929 6.93175 0.05)
(-28.1002 7.95672 0.05)
(-27.4415 8.91424 0.05)
(-26.727 9.80088 0.05)
(-25.9813 10.6022 0.05)
(-25.1965 11.3394 0.05)
(-24.3787 12.0142 0.05)
(-23.5314 12.6305 0.05)
(-22.6481 13.1972 0.05)
(-21.7293 13.7159 0.05)
(-20.7714 14.1898 0.05)
(-19.7723 14.6197 0.05)
(-31.2084 -0.078749 0)
(-31.1938 1.09967 0)
(-31.0836 2.30547 0)
(-30.828 3.70294 0)
(-30.4881 4.92699 0)
(-30.0381 6.14107 0)
(-29.4715 7.34116 0)
(-28.8436 8.42703 0)
(-28.1465 9.44035 0)
(-27.3913 10.3775 0)
(-26.6044 11.2232 0)
(-25.7775 11.9999 0)
(-24.9172 12.7098 0)
(-24.0276 13.3569 0)
(-23.1018 13.9509 0)
(-22.1405 14.4936 0)
(-21.1402 14.9884 0)
(-20.0988 15.4365 0)
(-19.0147 15.8382 0)
(-31.2084 -0.078749 0.05)
(-31.1938 1.09967 0.05)
(-31.0836 2.30547 0.05)
(-30.828 3.70294 0.05)
(-30.4881 4.92699 0.05)
(-30.0381 6.14107 0.05)
(-29.4715 7.34116 0.05)
(-28.8436 8.42703 0.05)
(-28.1465 9.44035 0.05)
(-27.3913 10.3775 0.05)
(-26.6044 11.2232 0.05)
(-25.7775 11.9999 0.05)
(-24.9172 12.7098 0.05)
(-24.0276 13.3569 0.05)
(-23.1018 13.9509 0.05)
(-22.1405 14.4936 0.05)
(-21.1402 14.9884 0.05)
(-20.0988 15.4365 0.05)
(-19.0147 15.8382 0.05)
(-32.1361 -0.104913 0)
(-32.1206 1.14733 0)
(-32.0035 2.42824 0)
(-31.7319 3.91326 0)
(-31.3711 5.21249 0)
(-30.8937 6.50051 0)
(-30.2929 7.77309 0)
(-29.6278 8.92321 0)
(-28.8902 9.9954 0)
(-28.0921 10.9859 0)
(-27.2617 11.8783 0)
(-26.3904 12.6968 0)
(-25.4853 13.4436 0)
(-24.5511 14.1232 0)
(-23.5804 14.746 0)
(-22.5743 15.314 0)
(-21.5293 15.831 0)
(-20.4434 16.2982 0)
(-19.315 16.7163 0)
(-32.1361 -0.104913 0.05)
(-32.1206 1.14733 0.05)
(-32.0035 2.42824 0.05)
(-31.7319 3.91326 0.05)
(-31.3711 5.21249 0.05)
(-30.8937 6.50051 0.05)
(-30.2929 7.77309 0.05)
(-29.6278 8.92321 0.05)
(-28.8902 9.9954 0.05)
(-28.0921 10.9859 0.05)
(-27.2617 11.8783 0.05)
(-26.3904 12.6968 0.05)
(-25.4853 13.4436 0.05)
(-24.5511 14.1232 0.05)
(-23.5804 14.746 0.05)
(-22.5743 15.314 0.05)
(-21.5293 15.831 0.05)
(-20.4434 16.2982 0.05)
(-19.315 16.7163 0.05)
(-33.1148 -0.132515 0)
(-33.0984 1.19762 0)
(-32.974 2.55777 0)
(-32.6855 4.13514 0)
(-32.3027 5.51369 0)
(-31.7964 6.87972 0)
(-31.1595 8.22878 0)
(-30.4553 9.44668 0)
(-29.6749 10.581 0)
(-28.8315 11.6277 0)
(-27.9552 12.5694 0)
(-27.037 13.432 0)
(-26.0847 14.2178 0)
(-25.1033 14.9317 0)
(-24.0853 15.5849 0)
(-23.032 16.1795 0)
(-21.9398 16.7199 0)
(-20.8069 17.2073 0)
(-19.6318 17.6427 0)
(-33.1148 -0.132515 0.05)
(-33.0984 1.19762 0.05)
(-32.974 2.55777 0.05)
(-32.6855 4.13514 0.05)
(-32.3027 5.51369 0.05)
(-31.7964 6.87972 0.05)
(-31.1595 8.22878 0.05)
(-30.4553 9.44668 0.05)
(-29.6749 10.581 0.05)
(-28.8315 11.6277 0.05)
(-27.9552 12.5694 0.05)
(-27.037 13.432 0.05)
(-26.0847 14.2178 0.05)
(-25.1033 14.9317 0.05)
(-24.0853 15.5849 0.05)
(-23.032 16.1795 0.05)
(-21.9398 16.7199 0.05)
(-20.8069 17.2073 0.05)
(-19.6318 17.6427 0.05)
(-34.1473 -0.161636 0)
(-34.13 1.25067 0)
(-33.9979 2.69442 0)
(-33.6916 4.36923 0)
(-33.2856 5.83145 0)
(-32.7487 7.27979 0)
(-32.0738 8.70953 0)
(-31.3282 9.99894 0)
(-30.5028 11.1988 0)
(-29.6116 12.3048 0)
(-28.6869 13.2986 0)
(-27.7192 14.2076 0)
(-26.7171 15.0345 0)
(-25.686 15.7846 0)
(-24.618 16.4699 0)
(-23.5148 17.0927 0)
(-22.3729 17.6576 0)
(-21.1903 18.1664 0)
(-19.966 18.6201 0)
(-18.7003 19.018 0)
(-34.1473 -0.161636 0.05)
(-34.13 1.25067 0.05)
(-33.9979 2.69442 0.05)
(-33.6916 4.36923 0.05)
(-33.2856 5.83145 0.05)
(-32.7487 7.27979 0.05)
(-32.0738 8.70953 0.05)
(-31.3282 9.99894 0.05)
(-30.5028 11.1988 0.05)
(-29.6116 12.3048 0.05)
(-28.6869 13.2986 0.05)
(-27.7192 14.2076 0.05)
(-26.7171 15.0345 0.05)
(-25.686 15.7846 0.05)
(-24.618 16.4699 0.05)
(-23.5148 17.0927 0.05)
(-22.3729 17.6576 0.05)
(-21.1903 18.1664 0.05)
(-19.966 18.6201 0.05)
(-18.7003 19.018 0.05)
(-35.2367 -0.192358 0)
(-35.2183 1.30664 0)
(-35.0781 2.83859 0)
(-34.753 4.61619 0)
(-34.3225 6.1667 0)
(-33.7534 7.70186 0)
(-33.0383 9.21672 0)
(-32.2491 10.5816 0)
(-31.3761 11.8505 0)
(-30.4345 13.0192 0)
(-29.4588 14.0678 0)
(-28.4389 15.0259 0)
(-27.3842 15.8962 0)
(-26.3006 16.6845 0)
(-25.18 17.4035 0)
(-24.0242 18.056 0)
(-22.8298 18.647 0)
(-21.5949 19.1783 0)
(-20.3186 19.6512 0)
(-19.0016 20.0653 0)
(-35.2367 -0.192358 0.05)
(-35.2183 1.30664 0.05)
(-35.0781 2.83859 0.05)
(-34.753 4.61619 0.05)
(-34.3225 6.1667 0.05)
(-33.7534 7.70186 0.05)
(-33.0383 9.21672 0.05)
(-32.2491 10.5816 0.05)
(-31.3761 11.8505 0.05)
(-30.4345 13.0192 0.05)
(-29.4588 14.0678 0.05)
(-28.4389 15.0259 0.05)
(-27.3842 15.8962 0.05)
(-26.3006 16.6845 0.05)
(-25.18 17.4035 0.05)
(-24.0242 18.056 0.05)
(-22.8298 18.647 0.05)
(-21.5949 19.1783 0.05)
(-20.3186 19.6512 0.05)
(-19.0016 20.0653 0.05)
(-36.3859 -0.22477 0)
(-36.3665 1.36569 0)
(-36.2177 2.99068 0)
(-35.8728 4.87674 0)
(-35.4165 6.52038 0)
(-34.8134 8.14715 0)
(-34.0559 9.7518 0)
(-33.2207 11.1962 0)
(-32.2975 12.5381 0)
(-31.3028 13.7729 0)
(-30.2731 14.8794 0)
(-29.1982 15.8891 0)
(-28.0881 16.8053 0)
(-26.9491 17.6339 0)
(-25.7729 18.3886 0)
(-24.5616 19.0724 0)
(-23.3118 19.6908 0)
(-22.0217 20.2459 0)
(-20.6906 20.7391 0)
(-19.3195 21.1702 0)
(-36.3859 -0.22477 0.05)
(-36.3665 1.36569 0.05)
(-36.2177 2.99068 0.05)
(-35.8728 4.87674 0.05)
(-35.4165 6.52038 0.05)
(-34.8134 8.14715 0.05)
(-34.0559 9.7518 0.05)
(-33.2207 11.1962 0.05)
(-32.2975 12.5381 0.05)
(-31.3028 13.7729 0.05)
(-30.2731 14.8794 0.05)
(-29.1982 15.8891 0.05)
(-28.0881 16.8053 0.05)
(-26.9491 17.6339 0.05)
(-25.7729 18.3886 0.05)
(-24.5616 19.0724 0.05)
(-23.3118 19.6908 0.05)
(-22.0217 20.2459 0.05)
(-20.6906 20.7391 0.05)
(-19.3195 21.1702 0.05)
(-37.5983 -0.258965 0)
(-37.5778 1.42799 0)
(-37.4199 3.15115 0)
(-37.0541 5.15161 0)
(-36.5706 6.89351 0)
(-35.9316 8.61692 0)
(-35.1294 10.3163 0)
(-34.2457 11.8447 0)
(-33.2696 13.2636 0)
(-32.2187 14.568 0)
(-31.1323 15.7356 0)
(-29.9993 16.7999 0)
(-28.8306 17.7644 0)
(-27.6333 18.6354 0)
(-26.3984 19.4278 0)
(-25.1286 20.1446 0)
(-23.8203 20.792 0)
(-22.472 21.3721 0)
(-21.0831 21.8868 0)
(-19.6548 22.3358 0)
(-37.5983 -0.258965 0.05)
(-37.5778 1.42799 0.05)
(-37.4199 3.15115 0.05)
(-37.0541 5.15161 0.05)
(-36.5706 6.89351 0.05)
(-35.9316 8.61692 0.05)
(-35.1294 10.3163 0.05)
(-34.2457 11.8447 0.05)
(-33.2696 13.2636 0.05)
(-32.2187 14.568 0.05)
(-31.1323 15.7356 0.05)
(-29.9993 16.7999 0.05)
(-28.8306 17.7644 0.05)
(-27.6333 18.6354 0.05)
(-26.3984 19.4278 0.05)
(-25.1286 20.1446 0.05)
(-23.8203 20.792 0.05)
(-22.472 21.3721 0.05)
(-21.0831 21.8868 0.05)
(-19.6548 22.3358 0.05)
(-38.8775 -0.29504 0)
(-38.8558 1.49371 0)
(-38.6883 3.32043 0)
(-38.3005 5.44161 0)
(-37.7882 7.28717 0)
(-37.1114 9.11253 0)
(-36.262 10.9119 0)
(-35.3271 12.5289 0)
(-34.2952 14.0289 0)
(-33.1851 15.4068 0)
(-32.0387 16.6389 0)
(-30.8444 17.7608 0)
(-29.614 18.7762 0)
(-28.3551 19.6921 0)
(-27.0583 20.5241 0)
(-25.7268 21.2759 0)
(-24.3568 21.9537 0)
(-22.9471 22.5603 0)
(-21.4971 23.0976 0)
(-20.0087 23.5656 0)
(-38.8775 -0.29504 0.05)
(-38.8558 1.49371 0.05)
(-38.6883 3.32043 0.05)
(-38.3005 5.44161 0.05)
(-37.7882 7.28717 0.05)
(-37.1114 9.11253 0.05)
(-36.262 10.9119 0.05)
(-35.3271 12.5289 0.05)
(-34.2952 14.0289 0.05)
(-33.1851 15.4068 0.05)
(-32.0387 16.6389 0.05)
(-30.8444 17.7608 0.05)
(-29.614 18.7762 0.05)
(-28.3551 19.6921 0.05)
(-27.0583 20.5241 0.05)
(-25.7268 21.2759 0.05)
(-24.3568 21.9537 0.05)
(-22.9471 22.5603 0.05)
(-21.4971 23.0976 0.05)
(-20.0087 23.5656 0.05)
(-40.227 -0.333099 0)
(-40.204 1.56305 0)
(-40.0265 3.49903 0)
(-39.6154 5.74755 0)
(-39.0727 7.70248 0)
(-38.3561 9.63541 0)
(-37.4569 11.5402 0)
(-36.468 13.2507 0)
(-35.3771 14.8363 0)
(-34.2046 16.2918 0)
(-32.9949 17.5919 0)
(-31.736 18.7745 0)
(-30.4405 19.8437 0)
(-29.1165 20.8068 0)
(-27.7545 21.6808 0)
(-26.3578 22.4693 0)
(-24.9228 23.1793 0)
(-23.4483 23.8138 0)
(-21.9339 24.375 0)
(-20.3819 24.863 0)
(-18.7969 25.2782 0)
(-40.227 -0.333099 0.05)
(-40.204 1.56305 0.05)
(-40.0265 3.49903 0.05)
(-39.6154 5.74755 0.05)
(-39.0727 7.70248 0.05)
(-38.3561 9.63541 0.05)
(-37.4569 11.5402 0.05)
(-36.468 13.2507 0.05)
(-35.3771 14.8363 0.05)
(-34.2046 16.2918 0.05)
(-32.9949 17.5919 0.05)
(-31.736 18.7745 0.05)
(-30.4405 19.8437 0.05)
(-29.1165 20.8068 0.05)
(-27.7545 21.6808 0.05)
(-26.3578 22.4693 0.05)
(-24.9228 23.1793 0.05)
(-23.4483 23.8138 0.05)
(-21.9339 24.375 0.05)
(-20.3819 24.863 0.05)
(-18.7969 25.2782 0.05)
(-41.6507 -0.373252 0)
(-41.6264 1.6362 0)
(-41.4382 3.68745 0)
(-41.0026 6.07032 0)
(-40.4279 8.14062 0)
(-39.6692 10.187 0)
(-38.7175 12.2031 0)
(-37.6716 14.0121 0)
(-36.5186 15.6881 0)
(-35.2801 17.2254 0)
(-34.0038 18.5972 0)
(-32.6767 19.8439 0)
(-31.3124 20.9699 0)
(-29.9199 21.9829 0)
(-28.489 22.901 0)
(-27.0236 23.7284 0)
(-25.5199 24.4724 0)
(-23.977 25.1363 0)
(-22.3948 25.7226 0)
(-20.7757 26.2317 0)
(-19.1251 26.6642 0)
(-41.6507 -0.373252 0.05)
(-41.6264 1.6362 0.05)
(-41.4382 3.68745 0.05)
(-41.0026 6.07032 0.05)
(-40.4279 8.14062 0.05)
(-39.6692 10.187 0.05)
(-38.7175 12.2031 0.05)
(-37.6716 14.0121 0.05)
(-36.5186 15.6881 0.05)
(-35.2801 17.2254 0.05)
(-34.0038 18.5972 0.05)
(-32.6767 19.8439 0.05)
(-31.3124 20.9699 0.05)
(-29.9199 21.9829 0.05)
(-28.489 22.901 0.05)
(-27.0236 23.7284 0.05)
(-25.5199 24.4724 0.05)
(-23.977 25.1363 0.05)
(-22.3948 25.7226 0.05)
(-20.7757 26.2317 0.05)
(-19.1251 26.6642 0.05)
(-43.1527 -0.415613 0)
(-43.127 1.71337 0)
(-42.9276 3.88623 0)
(-42.4661 6.41085 0)
(-41.8576 8.60287 0)
(-41.0545 10.769 0)
(-40.0475 12.9024 0)
(-38.9414 14.8155 0)
(-37.7229 16.5868 0)
(-36.4149 18.2104 0)
(-35.0681 19.6579 0)
(-33.669 20.9722 0)
(-32.2323 22.158 0)
(-30.7674 23.2237 0)
(-29.2639 24.1884 0)
(-27.726 25.0567 0)
(-26.1499 25.8366 0)
(-24.5348 26.5316 0)
(-22.881 27.1444 0)
(-21.1912 27.6758 0)
(-19.4713 28.1263 0)
(-43.1527 -0.415613 0.05)
(-43.127 1.71337 0.05)
(-42.9276 3.88623 0.05)
(-42.4661 6.41085 0.05)
(-41.8576 8.60287 0.05)
(-41.0545 10.769 0.05)
(-40.0475 12.9024 0.05)
(-38.9414 14.8155 0.05)
(-37.7229 16.5868 0.05)
(-36.4149 18.2104 0.05)
(-35.0681 19.6579 0.05)
(-33.669 20.9722 0.05)
(-32.2323 22.158 0.05)
(-30.7674 23.2237 0.05)
(-29.2639 24.1884 0.05)
(-27.726 25.0567 0.05)
(-26.1499 25.8366 0.05)
(-24.5348 26.5316 0.05)
(-22.881 27.1444 0.05)
(-21.1912 27.6758 0.05)
(-19.4713 28.1263 0.05)
(-44.7373 -0.460304 0)
(-44.7102 1.79479 0)
(-44.4989 4.09595 0)
(-44.0101 6.7701 0)
(-43.366 9.09054 0)
(-42.516 11.383 0)
(-41.4506 13.6402 0)
(-40.2811 15.663 0)
(-38.9933 17.5349 0)
(-37.612 19.2496 0)
(-36.1909 20.7769 0)
(-34.716 22.1625 0)
(-33.2027 23.4115 0)
(-31.6616 24.5327 0)
(-30.0814 25.5466 0)
(-28.467 26.4581 0)
(-26.8145 27.2758 0)
(-25.1234 28.0035 0)
(-23.3939 28.6444 0)
(-21.6295 29.1992 0)
(-19.8366 29.6689 0)
(-44.7373 -0.460304 0.05)
(-44.7102 1.79479 0.05)
(-44.4989 4.09595 0.05)
(-44.0101 6.7701 0.05)
(-43.366 9.09054 0.05)
(-42.516 11.383 0.05)
(-41.4506 13.6402 0.05)
(-40.2811 15.663 0.05)
(-38.9933 17.5349 0.05)
(-37.612 19.2496 0.05)
(-36.1909 20.7769 0.05)
(-34.716 22.1625 0.05)
(-33.2027 23.4115 0.05)
(-31.6616 24.5327 0.05)
(-30.0814 25.5466 0.05)
(-28.467 26.4581 0.05)
(-26.8145 27.2758 0.05)
(-25.1234 28.0035 0.05)
(-23.3939 28.6444 0.05)
(-21.6295 29.1992 0.05)
(-19.8366 29.6689 0.05)
(-46.4091 -0.507453 0)
(-46.3804 1.88069 0)
(-46.1567 4.3172 0)
(-45.639 7.14911 0)
(-44.9574 9.60504 0)
(-44.0579 12.0307 0)
(-42.9308 14.4186 0)
(-41.6944 16.5572 0)
(-40.3337 18.5352 0)
(-38.875 20.3459 0)
(-37.3756 21.9575 0)
(-35.8205 23.4183 0)
(-34.2266 24.7339 0)
(-32.6049 25.9137 0)
(-30.9439 26.9795 0)
(-29.2488 27.9366 0)
(-27.5157 28.7941 0)
(-25.7442 29.5564 0)
(-23.9351 30.2268 0)
(-22.0919 30.8064 0)
(-20.222 31.2964 0)
(-46.4091 -0.507453 0.05)
(-46.3804 1.88069 0.05)
(-46.1567 4.3172 0.05)
(-45.639 7.14911 0.05)
(-44.9574 9.60504 0.05)
(-44.0579 12.0307 0.05)
(-42.9308 14.4186 0.05)
(-41.6944 16.5572 0.05)
(-40.3337 18.5352 0.05)
(-38.875 20.3459 0.05)
(-37.3756 21.9575 0.05)
(-35.8205 23.4183 0.05)
(-34.2266 24.7339 0.05)
(-32.6049 25.9137 0.05)
(-30.9439 26.9795 0.05)
(-29.2488 27.9366 0.05)
(-27.5157 28.7941 0.05)
(-25.7442 29.5564 0.05)
(-23.9351 30.2268 0.05)
(-22.0919 30.8064 0.05)
(-20.222 31.2964 0.05)
(-48.1728 -0.557196 0)
(-48.1425 1.97131 0)
(-47.9056 4.55062 0)
(-47.3575 7.54897 0)
(-46.6362 10.1478 0)
(-45.6846 12.7141 0)
(-44.4925 15.2398 0)
(-43.1855 17.5005 0)
(-41.7478 19.5904 0)
(-40.2074 21.5026 0)
(-38.6253 23.203 0)
(-36.9858 24.7432 0)
(-35.3067 26.129 0)
(-33.6001 27.3707 0)
(-31.8538 28.4912 0)
(-30.0736 29.4964 0)
(-28.2555 30.396 0)
(-26.3993 31.1948 0)
(-24.506 31.8963 0)
(-22.5798 32.5021 0)
(-20.6286 33.0133 0)
(-18.6681 33.4303 0)
(-48.1728 -0.557196 0.05)
(-48.1425 1.97131 0.05)
(-47.9056 4.55062 0.05)
(-47.3575 7.54897 0.05)
(-46.6362 10.1478 0.05)
(-45.6846 12.7141 0.05)
(-44.4925 15.2398 0.05)
(-43.1855 17.5005 0.05)
(-41.7478 19.5904 0.05)
(-40.2074 21.5026 0.05)
(-38.6253 23.203 0.05)
(-36.9858 24.7432 0.05)
(-35.3067 26.129 0.05)
(-33.6001 27.3707 0.05)
(-31.8538 28.4912 0.05)
(-30.0736 29.4964 0.05)
(-28.2555 30.396 0.05)
(-26.3993 31.1948 0.05)
(-24.506 31.8963 0.05)
(-22.5798 32.5021 0.05)
(-20.6286 33.0133 0.05)
(-18.6681 33.4303 0.05)
(-50.0335 -0.609674 0)
(-50.0015 2.06691 0)
(-49.7507 4.79687 0)
(-49.1706 7.97082 0)
(-48.4074 10.7205 0)
(-47.4008 13.4351 0)
(-46.1401 16.1061 0)
(-44.7586 18.4958 0)
(-43.2396 20.7037 0)
(-41.6131 22.7228 0)
(-39.9438 24.517 0)
(-38.2152 26.1409 0)
(-36.4463 27.6009 0)
(-34.6501 28.9078 0)
(-32.8137 30.0861 0)
(-30.9437 31.142 0)
(-29.0359 32.0859 0)
(-27.0903 32.9232 0)
(-25.1083 33.6577 0)
(-23.0945 34.291 0)
(-21.0575 34.8247 0)
(-19.0144 35.2593 0)
(-50.0335 -0.609674 0.05)
(-50.0015 2.06691 0.05)
(-49.7507 4.79687 0.05)
(-49.1706 7.97082 0.05)
(-48.4074 10.7205 0.05)
(-47.4008 13.4351 0.05)
(-46.1401 16.1061 0.05)
(-44.7586 18.4958 0.05)
(-43.2396 20.7037 0.05)
(-41.6131 22.7228 0.05)
(-39.9438 24.517 0.05)
(-38.2152 26.1409 0.05)
(-36.4463 27.6009 0.05)
(-34.6501 28.9078 0.05)
(-32.8137 30.0861 0.05)
(-30.9437 31.142 0.05)
(-29.0359 32.0859 0.05)
(-27.0903 32.9232 0.05)
(-25.1083 33.6577 0.05)
(-23.0945 34.291 0.05)
(-21.0575 34.8247 0.05)
(-19.0144 35.2593 0.05)
(-51.9966 -0.665038 0)
(-51.9628 2.16777 0)
(-51.6973 5.05668 0)
(-51.0833 8.41587 0)
(-50.276 11.3246 0)
(-49.2114 14.1957 0)
(-47.8783 17.0201 0)
(-46.4182 19.5457 0)
(-44.8135 21.8782 0)
(-43.0962 24.0102 0)
(-41.3349 25.9033 0)
(-39.5122 27.6156 0)
(-37.6486 29.1538 0)
(-35.7578 30.5294 0)
(-33.8265 31.7686 0)
(-31.8617 32.8781 0)
(-29.8592 33.8689 0)
(-27.8194 34.7467 0)
(-25.7437 35.5159 0)
(-23.6375 36.1783 0)
(-21.5101 36.7357 0)
(-19.3798 37.1888 0)
(-51.9966 -0.665038 0.05)
(-51.9628 2.16777 0.05)
(-51.6973 5.05668 0.05)
(-51.0833 8.41587 0.05)
(-50.276 11.3246 0.05)
(-49.2114 14.1957 0.05)
(-47.8783 17.0201 0.05)
(-46.4182 19.5457 0.05)
(-44.8135 21.8782 0.05)
(-43.0962 24.0102 0.05)
(-41.3349 25.9033 0.05)
(-39.5122 27.6156 0.05)
(-37.6486 29.1538 0.05)
(-35.7578 30.5294 0.05)
(-33.8265 31.7686 0.05)
(-31.8617 32.8781 0.05)
(-29.8592 33.8689 0.05)
(-27.8194 34.7467 0.05)
(-25.7437 35.5159 0.05)
(-23.6375 36.1783 0.05)
(-21.5101 36.7357 0.05)
(-19.3798 37.1888 0.05)
(-54.0676 -0.723447 0)
(-54.0319 2.27419 0)
(-53.7509 5.33077 0)
(-53.1013 8.88539 0)
(-52.2474 11.962 0)
(-51.1215 14.9981 0)
(-49.7121 17.9844 0)
(-48.1691 20.6534 0)
(-46.474 23.1174 0)
(-44.6608 25.3683 0)
(-42.8024 27.3658 0)
(-40.8806 29.1713 0)
(-38.9169 30.792 0)
(-36.9264 32.2402 0)
(-34.895 33.5437 0)
(-32.8302 34.7096 0)
(-30.7279 35.7498 0)
(-28.5886 36.6705 0)
(-26.4141 37.4763 0)
(-24.2103 38.1693 0)
(-21.9875 38.7518 0)
(-19.7652 39.2245 0)
(-54.0676 -0.723447 0.05)
(-54.0319 2.27419 0.05)
(-53.7509 5.33077 0.05)
(-53.1013 8.88539 0.05)
(-52.2474 11.962 0.05)
(-51.1215 14.9981 0.05)
(-49.7121 17.9844 0.05)
(-48.1691 20.6534 0.05)
(-46.474 23.1174 0.05)
(-44.6608 25.3683 0.05)
(-42.8024 27.3658 0.05)
(-40.8806 29.1713 0.05)
(-38.9169 30.792 0.05)
(-36.9264 32.2402 0.05)
(-34.895 33.5437 0.05)
(-32.8302 34.7096 0.05)
(-30.7279 35.7498 0.05)
(-28.5886 36.6705 0.05)
(-26.4141 37.4763 0.05)
(-24.2103 38.1693 0.05)
(-21.9875 38.7518 0.05)
(-19.7652 39.2245 0.05)
(-56.2525 -0.785069 0)
(-56.2148 2.38645 0)
(-55.9175 5.61993 0)
(-55.2302 9.38075 0)
(-54.3272 12.6344 0)
(-53.1367 15.8447 0)
(-51.6467 19.0017 0)
(-50.0162 21.8221 0)
(-48.2258 24.4247 0)
(-46.3115 26.8012 0)
(-44.3507 28.9087 0)
(-42.3241 30.8126 0)
(-40.2551 32.5203 0)
(-38.1593 34.0451 0)
(-36.0222 35.4165 0)
(-33.8519 36.6419 0)
(-31.6443 37.7343 0)
(-29.4 38.7001 0)
(-27.1213 39.5445 0)
(-24.8147 40.2699 0)
(-22.4912 40.8788 0)
(-20.1719 41.3722 0)
(-56.2525 -0.785069 0.05)
(-56.2148 2.38645 0.05)
(-55.9175 5.61993 0.05)
(-55.2302 9.38075 0.05)
(-54.3272 12.6344 0.05)
(-53.1367 15.8447 0.05)
(-51.6467 19.0017 0.05)
(-50.0162 21.8221 0.05)
(-48.2258 24.4247 0.05)
(-46.3115 26.8012 0.05)
(-44.3507 28.9087 0.05)
(-42.3241 30.8126 0.05)
(-40.2551 32.5203 0.05)
(-38.1593 34.0451 0.05)
(-36.0222 35.4165 0.05)
(-33.8519 36.6419 0.05)
(-31.6443 37.7343 0.05)
(-29.4 38.7001 0.05)
(-27.1213 39.5445 0.05)
(-24.8147 40.2699 0.05)
(-22.4912 40.8788 0.05)
(-20.1719 41.3722 0.05)
(-58.5577 -0.85008 0)
(-58.5178 2.50489 0)
(-58.2033 5.925 0)
(-57.4763 9.90334 0)
(-56.5214 13.3438 0)
(-55.2628 16.7378 0)
(-53.6877 20.075 0)
(-51.965 23.055 0)
(-50.0739 25.8039 0)
(-48.0529 28.3128 0)
(-45.9841 30.5365 0)
(-43.8471 32.5441 0)
(-41.6668 34.3438 0)
(-39.46 35.9493 0)
(-37.2114 37.3922 0)
(-34.9299 38.6805 0)
(-32.6111 39.8278 0)
(-30.2561 40.8413 0)
(-27.8675 41.7265 0)
(-25.4523 42.4861 0)
(-23.0226 43.1227 0)
(-20.6009 43.6379 0)
(-18.2271 44.0352 0)
(-58.5577 -0.85008 0.05)
(-58.5178 2.50489 0.05)
(-58.2033 5.925 0.05)
(-57.4763 9.90334 0.05)
(-56.5214 13.3438 0.05)
(-55.2628 16.7378 0.05)
(-53.6877 20.075 0.05)
(-51.965 23.055 0.05)
(-50.0739 25.8039 0.05)
(-48.0529 28.3128 0.05)
(-45.9841 30.5365 0.05)
(-43.8471 32.5441 0.05)
(-41.6668 34.3438 0.05)
(-39.46 35.9493 0.05)
(-37.2114 37.3922 0.05)
(-34.9299 38.6805 0.05)
(-32.6111 39.8278 0.05)
(-30.2561 40.8413 0.05)
(-27.8675 41.7265 0.05)
(-25.4523 42.4861 0.05)
(-23.0226 43.1227 0.05)
(-20.6009 43.6379 0.05)
(-18.2271 44.0352 0.05)
(-60.9896 -0.918667 0)
(-60.9475 2.62984 0)
(-60.6148 6.24685 0)
(-59.8458 10.4547 0)
(-58.8363 14.0922 0)
(-57.5058 17.6801 0)
(-55.8411 21.2073 0)
(-54.021 24.3557 0)
(-52.0237 27.2589 0)
(-49.8901 29.9076 0)
(-47.7073 32.2539 0)
(-45.4539 34.3709 0)
(-43.1562 36.2674 0)
(-40.8323 37.9582 0)
(-38.466 39.4766 0)
(-36.0671 40.8312 0)
(-33.6311 42.0365 0)
(-31.1593 43.1003 0)
(-28.6547 44.0285 0)
(-26.125 44.8241 0)
(-23.5832 45.4901 0)
(-21.0535 46.0283 0)
(-18.5784 46.4426 0)
(-60.9896 -0.918667 0.05)
(-60.9475 2.62984 0.05)
(-60.6148 6.24685 0.05)
(-59.8458 10.4547 0.05)
(-58.8363 14.0922 0.05)
(-57.5058 17.6801 0.05)
(-55.8411 21.2073 0.05)
(-54.021 24.3557 0.05)
(-52.0237 27.2589 0.05)
(-49.8901 29.9076 0.05)
(-47.7073 32.2539 0.05)
(-45.4539 34.3709 0.05)
(-43.1562 36.2674 0.05)
(-40.8323 37.9582 0.05)
(-38.466 39.4766 0.05)
(-36.0671 40.8312 0.05)
(-33.6311 42.0365 0.05)
(-31.1593 43.1003 0.05)
(-28.6547 44.0285 0.05)
(-26.125 44.8241 0.05)
(-23.5832 45.4901 0.05)
(-21.0535 46.0283 0.05)
(-18.5784 46.4426 0.05)
(-63.5552 -0.991026 0)
(-63.5107 2.76166 0)
(-63.1589 6.5864 0)
(-62.3457 11.0363 0)
(-61.2785 14.8818 0)
(-59.8721 18.6742 0)
(-58.1128 22.4018 0)
(-56.19 25.7279 0)
(-54.0807 28.794 0)
(-51.8284 31.5902 0)
(-49.5253 34.0657 0)
(-47.149 36.2982 0)
(-44.7274 38.2969 0)
(-42.28 40.0776 0)
(-39.7897 41.6756 0)
(-37.2669 43.1002 0)
(-34.7072 44.3667 0)
(-32.1122 45.4836 0)
(-29.4851 46.4571 0)
(-26.8346 47.2907 0)
(-24.1746 47.9877 0)
(-21.531 48.5502 0)
(-18.9491 48.9823 0)
(-63.5552 -0.991026 0.05)
(-63.5107 2.76166 0.05)
(-63.1589 6.5864 0.05)
(-62.3457 11.0363 0.05)
(-61.2785 14.8818 0.05)
(-59.8721 18.6742 0.05)
(-58.1128 22.4018 0.05)
(-56.19 25.7279 0.05)
(-54.0807 28.794 0.05)
(-51.8284 31.5902 0.05)
(-49.5253 34.0657 0.05)
(-47.149 36.2982 0.05)
(-44.7274 38.2969 0.05)
(-42.28 40.0776 0.05)
(-39.7897 41.6756 0.05)
(-37.2669 43.1002 0.05)
(-34.7072 44.3667 0.05)
(-32.1122 45.4836 0.05)
(-29.4851 46.4571 0.05)
(-26.8346 47.2907 0.05)
(-24.1746 47.9877 0.05)
(-21.531 48.5502 0.05)
(-18.9491 48.9823 0.05)
(-66.262 -1.06736 0)
(-66.215 2.90074 0)
(-65.8429 6.94462 0)
(-64.9831 11.65 0)
(-63.855 15.7148 0)
(-62.3686 19.7229 0)
(-60.5095 23.6621 0)
(-58.4783 27.1756 0)
(-56.2509 30.4135 0)
(-53.8733 33.3652 0)
(-51.4433 35.9771 0)
(-48.9374 38.3314 0)
(-46.3851 40.438 0)
(-43.8073 42.3136 0)
(-41.1861 43.9956 0)
(-38.5327 45.494 0)
(-35.8425 46.8251 0)
(-33.1174 47.9979 0)
(-30.3613 49.0192 0)
(-27.5833 49.893 0)
(-24.7986 50.6227 0)
(-22.0348 51.2107 0)
(-19.3402 51.6618 0)
(-66.262 -1.06736 0.05)
(-66.215 2.90074 0.05)
(-65.8429 6.94462 0.05)
(-64.9831 11.65 0.05)
(-63.855 15.7148 0.05)
(-62.3686 19.7229 0.05)
(-60.5095 23.6621 0.05)
(-58.4783 27.1756 0.05)
(-56.2509 30.4135 0.05)
(-53.8733 33.3652 0.05)
(-51.4433 35.9771 0.05)
(-48.9374 38.3314 0.05)
(-46.3851 40.438 0.05)
(-43.8073 42.3136 0.05)
(-41.1861 43.9956 0.05)
(-38.5327 45.494 0.05)
(-35.8425 46.8251 0.05)
(-33.1174 47.9979 0.05)
(-30.3613 49.0192 0.05)
(-27.5833 49.893 0.05)
(-24.7986 50.6227 0.05)
(-22.0348 51.2107 0.05)
(-19.3402 51.6618 0.05)
(-69.1176 -1.1479 0)
(-69.068 3.04746 0)
(-68.6746 7.32255 0)
(-67.7655 12.2974 0)
(-66.5732 16.5936 0)
(-65.0024 20.8294 0)
(-63.038 24.9917 0)
(-60.8925 28.703 0)
(-58.5404 32.122 0)
(-56.0306 35.2379 0)
(-53.4668 37.9937 0)
(-50.8241 40.4765 0)
(-48.134 42.6969 0)
(-45.4187 44.6726 0)
(-42.6593 46.4432 0)
(-39.868 48.0194 0)
(-37.0402 49.4187 0)
(-34.178 50.6505 0)
(-31.2856 51.7223 0)
(-28.3732 52.6384 0)
(-25.4569 53.4026 0)
(-22.5663 54.0176 0)
(-19.7528 54.4886 0)
(-69.1176 -1.1479 0.05)
(-69.068 3.04746 0.05)
(-68.6746 7.32255 0.05)
(-67.7655 12.2974 0.05)
(-66.5732 16.5936 0.05)
(-65.0024 20.8294 0.05)
(-63.038 24.9917 0.05)
(-60.8925 28.703 0.05)
(-58.5404 32.122 0.05)
(-56.0306 35.2379 0.05)
(-53.4668 37.9937 0.05)
(-50.8241 40.4765 0.05)
(-48.134 42.6969 0.05)
(-45.4187 44.6726 0.05)
(-42.6593 46.4432 0.05)
(-39.868 48.0194 0.05)
(-37.0402 49.4187 0.05)
(-34.178 50.6505 0.05)
(-31.2856 51.7223 0.05)
(-28.3732 52.6384 0.05)
(-25.4569 53.4026 0.05)
(-22.5663 54.0176 0.05)
(-19.7528 54.4886 0.05)
(-72.1303 -1.23287 0)
(-72.0779 3.20225 0)
(-71.662 7.72126 0)
(-70.701 12.9804 0)
(-69.441 17.5208 0)
(-67.7811 21.9967 0)
(-65.7055 26.3944 0)
(-63.4395 30.3144 0)
(-60.9558 33.9246 0)
(-58.3066 37.2136 0)
(-55.6016 40.1211 0)
(-52.8146 42.7396 0)
(-49.9791 45.08 0)
(-47.1186 47.1613 0)
(-44.2136 49.0254 0)
(-41.2769 50.6838 0)
(-38.3038 52.1549 0)
(-35.2969 53.449 0)
(-32.2608 54.5741 0)
(-29.2065 55.5348 0)
(-26.1514 56.3353 0)
(-23.127 56.9789 0)
(-20.188 57.4709 0)
(-72.1303 -1.23287 0.05)
(-72.0779 3.20225 0.05)
(-71.662 7.72126 0.05)
(-70.701 12.9804 0.05)
(-69.441 17.5208 0.05)
(-67.7811 21.9967 0.05)
(-65.7055 26.3944 0.05)
(-63.4395 30.3144 0.05)
(-60.9558 33.9246 0.05)
(-58.3066 37.2136 0.05)
(-55.6016 40.1211 0.05)
(-52.8146 42.7396 0.05)
(-49.9791 45.08 0.05)
(-47.1186 47.1613 0.05)
(-44.2136 49.0254 0.05)
(-41.2769 50.6838 0.05)
(-38.3038 52.1549 0.05)
(-35.2969 53.449 0.05)
(-32.2608 54.5741 0.05)
(-29.2065 55.5348 0.05)
(-26.1514 56.3353 0.05)
(-23.127 56.9789 0.05)
(-20.188 57.4709 0.05)
(-75.3087 -1.32251 0)
(-75.2534 3.36556 0)
(-74.8137 8.14191 0)
(-73.7979 13.701 0)
(-72.4664 18.499 0)
(-70.7125 23.2282 0)
(-68.5198 27.8742 0)
(-66.1265 32.0143 0)
(-63.5041 35.8262 0)
(-60.7078 39.2979 0)
(-57.8538 42.3656 0)
(-54.9145 45.1271 0)
(-51.9256 47.5942 0)
(-48.9121 49.7868 0)
(-45.8534 51.7496 0)
(-42.7632 53.4946 0)
(-39.6368 55.0416 0)
(-36.4773 56.4014 0)
(-33.2896 57.5827 0)
(-30.0857 58.5904 0)
(-26.8841 59.4294 0)
(-23.7186 60.103 0)
(-20.6472 60.6172 0)
(-75.3087 -1.32251 0.05)
(-75.2534 3.36556 0.05)
(-74.8137 8.14191 0.05)
(-73.7979 13.701 0.05)
(-72.4664 18.499 0.05)
(-70.7125 23.2282 0.05)
(-68.5198 27.8742 0.05)
(-66.1265 32.0143 0.05)
(-63.5041 35.8262 0.05)
(-60.7078 39.2979 0.05)
(-57.8538 42.3656 0.05)
(-54.9145 45.1271 0.05)
(-51.9256 47.5942 0.05)
(-48.9121 49.7868 0.05)
(-45.8534 51.7496 0.05)
(-42.7632 53.4946 0.05)
(-39.6368 55.0416 0.05)
(-36.4773 56.4014 0.05)
(-33.2896 57.5827 0.05)
(-30.0857 58.5904 0.05)
(-26.8841 59.4294 0.05)
(-23.7186 60.103 0.05)
(-20.6472 60.6172 0.05)
(-78.6619 -1.41708 0)
(-78.6035 3.53785 0)
(-78.1387 8.58568 0)
(-77.0652 14.4612 0)
(-75.6583 19.5309 0)
(-73.8052 24.5274 0)
(-71.4889 29.4355 0)
(-68.9614 33.8078 0)
(-66.1926 37.8325 0)
(-63.2411 41.4969 0)
(-60.2299 44.7336 0)
(-57.13 47.646 0)
(-53.9792 50.2467 0)
(-50.8042 52.5568 0)
(-47.5833 54.6237 0)
(-44.3312 56.4601 0)
(-41.0433 58.087 0)
(-37.7226 59.5162 0)
(-34.3751 60.7568 0)
(-31.0132 61.8142 0)
(-27.6571 62.6937 0)
(-24.3427 63.399 0)
(-21.1317 63.9365 0)
(-18.0828 64.3214 0)
(-78.6619 -1.41708 0.05)
(-78.6035 3.53785 0.05)
(-78.1387 8.58568 0.05)
(-77.0652 14.4612 0.05)
(-75.6583 19.5309 0.05)
(-73.8052 24.5274 0.05)
(-71.4889 29.4355 0.05)
(-68.9614 33.8078 0.05)
(-66.1926 37.8325 0.05)
(-63.2411 41.4969 0.05)
(-60.2299 44.7336 0.05)
(-57.13 47.646 0.05)
(-53.9792 50.2467 0.05)
(-50.8042 52.5568 0.05)
(-47.5833 54.6237 0.05)
(-44.3312 56.4601 0.05)
(-41.0433 58.087 0.05)
(-37.7226 59.5162 0.05)
(-34.3751 60.7568 0.05)
(-31.0132 61.8142 0.05)
(-27.6571 62.6937 0.05)
(-24.3427 63.399 0.05)
(-21.1317 63.9365 0.05)
(-18.0828 64.3214 0.05)
(-82.1995 -1.51685 0)
(-82.1378 3.71962 0)
(-81.6466 9.05387 0)
(-80.5122 15.2632 0)
(-79.0257 20.6196 0)
(-77.0681 25.8981 0)
(-74.6213 31.0826 0)
(-71.9521 35.6999 0)
(-69.0289 39.9491 0)
(-65.9136 43.8169 0)
(-62.7367 47.2318 0)
(-59.4673 50.3034 0)
(-56.1458 53.045 0)
(-52.8004 55.4792 0)
(-49.4084 57.6558 0)
(-45.9856 59.5887 0)
(-42.527 61.3 0)
(-39.0365 62.8023 0)
(-35.5202 64.1054 0)
(-31.9917 65.2153 0)
(-28.4726 66.1375 0)
(-25.0011 66.8762 0)
(-21.6428 67.4385 0)
(-18.4601 67.8403 0)
(-82.1995 -1.51685 0.05)
(-82.1378 3.71962 0.05)
(-81.6466 9.05387 0.05)
(-80.5122 15.2632 0.05)
(-79.0257 20.6196 0.05)
(-77.0681 25.8981 0.05)
(-74.6213 31.0826 0.05)
(-71.9521 35.6999 0.05)
(-69.0289 39.9491 0.05)
(-65.9136 43.8169 0.05)
(-62.7367 47.2318 0.05)
(-59.4673 50.3034 0.05)
(-56.1458 53.045 0.05)
(-52.8004 55.4792 0.05)
(-49.4084 57.6558 0.05)
(-45.9856 59.5887 0.05)
(-42.527 61.3 0.05)
(-39.0365 62.8023 0.05)
(-35.5202 64.1054 0.05)
(-31.9917 65.2153 0.05)
(-28.4726 66.1375 0.05)
(-25.0011 66.8762 0.05)
(-21.6428 67.4385 0.05)
(-18.4601 67.8403 0.05)
(-85.9317 -1.62211 0)
(-85.8666 3.91138 0)
(-85.3475 9.54781 0)
(-84.1487 16.1094 0)
(-82.5783 21.7682 0)
(-80.5103 27.3442 0)
(-77.9259 32.8203 0)
(-75.1074 37.6961 0)
(-72.0212 42.1822 0)
(-68.7332 46.2644 0)
(-65.3813 49.8673 0)
(-61.9332 53.1069 0)
(-58.4315 55.9973 0)
(-54.9064 58.5622 0)
(-51.3338 60.8547 0)
(-47.7308 62.8893 0)
(-44.0924 64.6897 0)
(-40.4226 66.2692 0)
(-36.7282 67.6382 0)
(-33.0241 68.8034 0)
(-29.3329 69.7707 0)
(-25.6957 70.5447 0)
(-22.1821 71.133 0)
(-18.8581 71.5527 0)
(-85.9317 -1.62211 0.05)
(-85.8666 3.91138 0.05)
(-85.3475 9.54781 0.05)
(-84.1487 16.1094 0.05)
(-82.5783 21.7682 0.05)
(-80.5103 27.3442 0.05)
(-77.9259 32.8203 0.05)
(-75.1074 37.6961 0.05)
(-72.0212 42.1822 0.05)
(-68.7332 46.2644 0.05)
(-65.3813 49.8673 0.05)
(-61.9332 53.1069 0.05)
(-58.4315 55.9973 0.05)
(-54.9064 58.5622 0.05)
(-51.3338 60.8547 0.05)
(-47.7308 62.8893 0.05)
(-44.0924 64.6897 0.05)
(-40.4226 66.2692 0.05)
(-36.7282 67.6382 0.05)
(-33.0241 68.8034 0.05)
(-29.3329 69.7707 0.05)
(-25.6957 70.5447 0.05)
(-22.1821 71.133 0.05)
(-18.8581 71.5527 0.05)
(-89.8691 -1.73316 0)
(-89.8004 4.11369 0)
(-89.2519 10.0689 0)
(-87.9852 17.002 0)
(-86.3263 22.98 0)
(-84.1419 28.8698 0)
(-81.4123 34.6536 0)
(-78.4362 39.8021 0)
(-75.1781 44.538 0)
(-71.7079 48.8465 0)
(-68.1714 52.6479 0)
(-64.5346 56.0646 0)
(-60.843 59.1119 0)
(-57.1281 61.8148 0)
(-53.3652 64.2296 0)
(-49.5721 66.3715 0)
(-45.7438 68.2658 0)
(-41.8849 69.9267 0)
(-38.0028 71.3654 0)
(-34.1132 72.5889 0)
(-30.2406 73.6037 0)
(-26.4286 74.415 0)
(-22.7509 75.0307 0)
(-19.278 75.4693 0)
(-89.8691 -1.73316 0.05)
(-89.8004 4.11369 0.05)
(-89.2519 10.0689 0.05)
(-87.9852 17.002 0.05)
(-86.3263 22.98 0.05)
(-84.1419 28.8698 0.05)
(-81.4123 34.6536 0.05)
(-78.4362 39.8021 0.05)
(-75.1781 44.538 0.05)
(-71.7079 48.8465 0.05)
(-68.1714 52.6479 0.05)
(-64.5346 56.0646 0.05)
(-60.843 59.1119 0.05)
(-57.1281 61.8148 0.05)
(-53.3652 64.2296 0.05)
(-49.5721 66.3715 0.05)
(-45.7438 68.2658 0.05)
(-41.8849 69.9267 0.05)
(-38.0028 71.3654 0.05)
(-34.1132 72.5889 0.05)
(-30.2406 73.6037 0.05)
(-26.4286 74.415 0.05)
(-22.7509 75.0307 0.05)
(-19.278 75.4693 0.05)
(-94.0232 -1.85031 0)
(-93.9506 4.32712 0)
(-93.3711 10.6187 0)
(-92.0328 17.9438 0)
(-90.2805 24.2584 0)
(-87.9733 30.4793 0)
(-85.0905 36.5877 0)
(-81.948 42.0239 0)
(-78.5086 47.0234 0)
(-74.8461 51.5707 0)
(-71.1149 55.5813 0)
(-67.2792 59.1851 0)
(-63.387 62.3979 0)
(-59.4721 65.2464 0)
(-55.5083 67.79 0)
(-51.5147 70.0452 0)
(-47.4861 72.0386 0)
(-43.4277 73.7854 0)
(-39.3474 75.2975 0)
(-35.2622 76.5825 0)
(-31.1982 77.6475 0)
(-27.2017 78.4981 0)
(-23.3511 79.1428 0)
(-19.7211 79.6012 0)
(-94.0232 -1.85031 0.05)
(-93.9506 4.32712 0.05)
(-93.3711 10.6187 0.05)
(-92.0328 17.9438 0.05)
(-90.2805 24.2584 0.05)
(-87.9733 30.4793 0.05)
(-85.0905 36.5877 0.05)
(-81.948 42.0239 0.05)
(-78.5086 47.0234 0.05)
(-74.8461 51.5707 0.05)
(-71.1149 55.5813 0.05)
(-67.2792 59.1851 0.05)
(-63.387 62.3979 0.05)
(-59.4721 65.2464 0.05)
(-55.5083 67.79 0.05)
(-51.5147 70.0452 0.05)
(-47.4861 72.0386 0.05)
(-43.4277 73.7854 0.05)
(-39.3474 75.2975 0.05)
(-35.2622 76.5825 0.05)
(-31.1982 77.6475 0.05)
(-27.2017 78.4981 0.05)
(-23.3511 79.1428 0.05)
(-19.7211 79.6012 0.05)
(-98.4057 -1.97391 0)
(-98.329 4.5523 0)
(-97.7168 11.1987 0)
(-96.303 18.9374 0)
(-94.4521 25.6071 0)
(-92.0153 32.1774 0)
(-88.9709 38.6282 0)
(-85.6531 44.3679 0)
(-82.0223 49.6456 0)
(-78.157 54.4447 0)
(-74.2204 58.6761 0)
(-70.1747 62.4771 0)
(-66.071 65.8645 0)
(-61.9451 68.8666 0)
(-57.7692 71.5463 0)
(-53.5641 73.921 0)
(-49.3242 76.0189 0)
(-45.0553 77.8563 0)
(-40.766 79.4459 0)
(-36.4744 80.7958 0)
(-32.2085 81.9138 0)
(-28.0174 82.8058 0)
(-23.9843 83.4811 0)
(-20.1885 83.9605 0)
(-98.4057 -1.97391 0.05)
(-98.329 4.5523 0.05)
(-97.7168 11.1987 0.05)
(-96.303 18.9374 0.05)
(-94.4521 25.6071 0.05)
(-92.0153 32.1774 0.05)
(-88.9709 38.6282 0.05)
(-85.6531 44.3679 0.05)
(-82.0223 49.6456 0.05)
(-78.157 54.4447 0.05)
(-74.2204 58.6761 0.05)
(-70.1747 62.4771 0.05)
(-66.071 65.8645 0.05)
(-61.9451 68.8666 0.05)
(-57.7692 71.5463 0.05)
(-53.5641 73.921 0.05)
(-49.3242 76.0189 0.05)
(-45.0553 77.8563 0.05)
(-40.766 79.4459 0.05)
(-36.4744 80.7958 0.05)
(-32.2085 81.9138 0.05)
(-28.0174 82.8058 0.05)
(-23.9843 83.4811 0.05)
(-20.1885 83.9605 0.05)
(-103.029 -2.10431 0)
(-102.948 4.78986 0)
(-102.301 11.8106 0)
(-100.808 19.9856 0)
(-98.8532 27.03 0)
(-96.2797 33.9688 0)
(-93.0648 40.7809 0)
(-89.5618 46.8408 0)
(-85.7292 52.4119 0)
(-81.6499 57.4767 0)
(-77.4966 61.9411 0)
(-73.2295 65.9502 0)
(-68.9026 69.5219 0)
(-64.554 72.686 0)
(-60.1545 75.5092 0)
(-55.7262 78.0099 0)
(-51.2635 80.2182 0)
(-46.7725 82.1511 0)
(-42.2626 83.8225 0)
(-37.7533 85.2409 0)
(-33.2743 86.4147 0)
(-28.8779 87.3504 0)
(-24.6523 88.058 0)
(-20.6816 88.5595 0)
(-103.029 -2.10431 0.05)
(-102.948 4.78986 0.05)
(-102.301 11.8106 0.05)
(-100.808 19.9856 0.05)
(-98.8532 27.03 0.05)
(-96.2797 33.9688 0.05)
(-93.0648 40.7809 0.05)
(-89.5618 46.8408 0.05)
(-85.7292 52.4119 0.05)
(-81.6499 57.4767 0.05)
(-77.4966 61.9411 0.05)
(-73.2295 65.9502 0.05)
(-68.9026 69.5219 0.05)
(-64.554 72.686 0.05)
(-60.1545 75.5092 0.05)
(-55.7262 78.0099 0.05)
(-51.2635 80.2182 0.05)
(-46.7725 82.1511 0.05)
(-42.2626 83.8225 0.05)
(-37.7533 85.2409 0.05)
(-33.2743 86.4147 0.05)
(-28.8779 87.3504 0.05)
(-24.6523 88.058 0.05)
(-20.6816 88.5595 0.05)
(-107.907 -2.24188 0)
(-107.822 5.04048 0)
(-107.138 12.4561 0)
(-105.561 21.0914 0)
(-103.496 28.5312 0)
(-100.779 35.8588 0)
(-97.3839 43.052 0)
(-93.6856 49.4498 0)
(-89.6401 55.3304 0)
(-85.335 60.6755 0)
(-80.953 65.3857 0)
(-76.4523 69.6143 0)
(-71.8899 73.3804 0)
(-67.3064 76.7154 0)
(-62.671 79.69 0)
(-58.0072 82.3237 0)
(-53.3093 84.6483 0)
(-48.584 86.6822 0)
(-43.8415 88.4397 0)
(-39.1026 89.9304 0)
(-34.3988 91.1631 0)
(-29.7857 92.145 0)
(-25.357 92.8866 0)
(-21.2018 93.4115 0)
(-107.907 -2.24188 0.05)
(-107.822 5.04048 0.05)
(-107.138 12.4561 0.05)
(-105.561 21.0914 0.05)
(-103.496 28.5312 0.05)
(-100.779 35.8588 0.05)
(-97.3839 43.052 0.05)
(-93.6856 49.4498 0.05)
(-89.6401 55.3304 0.05)
(-85.335 60.6755 0.05)
(-80.953 65.3857 0.05)
(-76.4523 69.6143 0.05)
(-71.8899 73.3804 0.05)
(-67.3064 76.7154 0.05)
(-62.671 79.69 0.05)
(-58.0072 82.3237 0.05)
(-53.3093 84.6483 0.05)
(-48.584 86.6822 0.05)
(-43.8415 88.4397 0.05)
(-39.1026 89.9304 0.05)
(-34.3988 91.1631 0.05)
(-29.7857 92.145 0.05)
(-25.357 92.8866 0.05)
(-21.2018 93.4115 0.05)
(-113.053 -2.38702 0)
(-112.963 5.30489 0)
(-112.241 13.1372 0)
(-110.575 22.2581 0)
(-108.395 30.1149 0)
(-105.525 37.8527 0)
(-101.94 45.4481 0)
(-98.0362 52.2022 0)
(-93.766 58.4094 0)
(-89.2227 64.0503 0)
(-84.5996 69.0198 0)
(-79.8523 73.48 0)
(-75.0416 77.4511 0)
(-70.2102 80.9665 0)
(-65.326 84.1008 0)
(-60.4137 86.8748 0)
(-55.4677 89.3222 0)
(-50.4953 91.4624 0)
(-45.5073 93.3109 0)
(-40.526 94.8779 0)
(-35.5851 96.1727 0)
(-30.7435 97.2033 0)
(-26.1005 97.9808 0)
(-21.7507 98.5303 0)
(-17.8289 98.8849 0)
(-113.053 -2.38702 0.05)
(-112.963 5.30489 0.05)
(-112.241 13.1372 0.05)
(-110.575 22.2581 0.05)
(-108.395 30.1149 0.05)
(-105.525 37.8527 0.05)
(-101.94 45.4481 0.05)
(-98.0362 52.2022 0.05)
(-93.766 58.4094 0.05)
(-89.2227 64.0503 0.05)
(-84.5996 69.0198 0.05)
(-79.8523 73.48 0.05)
(-75.0416 77.4511 0.05)
(-70.2102 80.9665 0.05)
(-65.326 84.1008 0.05)
(-60.4137 86.8748 0.05)
(-55.4677 89.3222 0.05)
(-50.4953 91.4624 0.05)
(-45.5073 93.3109 0.05)
(-40.526 94.8779 0.05)
(-35.5851 96.1727 0.05)
(-30.7435 97.2033 0.05)
(-26.1005 97.9808 0.05)
(-21.7507 98.5303 0.05)
(-17.8289 98.8849 0.05)
(-118.482 -2.54013 0)
(-118.387 5.58384 0)
(-117.625 13.8557 0)
(-115.865 23.489 0)
(-113.563 31.7858 0)
(-110.532 39.9562 0)
(-106.748 47.9759 0)
(-102.626 55.106 0)
(-98.1188 61.6577 0)
(-93.3243 67.6106 0)
(-88.4467 72.8537 0)
(-83.4393 77.5582 0)
(-78.3666 81.7456 0)
(-73.2737 85.4513 0)
(-68.1269 88.7541 0)
(-62.9526 91.6762 0)
(-57.7448 94.2531 0)
(-52.5116 96.5056 0)
(-47.2646 98.4501 0)
(-42.0277 100.097 0)
(-36.8366 101.458 0)
(-31.754 102.54 0)
(-26.8849 103.355 0)
(-22.3297 103.931 0)
(-18.2313 104.301 0)
(-118.482 -2.54013 0.05)
(-118.387 5.58384 0.05)
(-117.625 13.8557 0.05)
(-115.865 23.489 0.05)
(-113.563 31.7858 0.05)
(-110.532 39.9562 0.05)
(-106.748 47.9759 0.05)
(-102.626 55.106 0.05)
(-98.1188 61.6577 0.05)
(-93.3243 67.6106 0.05)
(-88.4467 72.8537 0.05)
(-83.4393 77.5582 0.05)
(-78.3666 81.7456 0.05)
(-73.2737 85.4513 0.05)
(-68.1269 88.7541 0.05)
(-62.9526 91.6762 0.05)
(-57.7448 94.2531 0.05)
(-52.5116 96.5056 0.05)
(-47.2646 98.4501 0.05)
(-42.0277 100.097 0.05)
(-36.8366 101.458 0.05)
(-31.754 102.54 0.05)
(-26.8849 103.355 0.05)
(-22.3297 103.931 0.05)
(-18.2313 104.301 0.05)
(-124.21 -2.70167 0)
(-124.11 5.87814 0)
(-123.304 14.6137 0)
(-121.446 24.7875 0)
(-119.015 33.5485 0)
(-115.815 42.1755 0)
(-111.819 50.6427 0)
(-107.468 58.1695 0)
(-102.711 65.0847 0)
(-97.6514 71.3668 0)
(-92.5053 76.8985 0)
(-87.2237 81.8608 0)
(-81.8744 86.2764 0)
(-76.5057 90.1829 0)
(-71.0819 93.6634 0)
(-65.631 96.7417 0)
(-60.1472 99.4552 0)
(-54.6388 101.826 0)
(-49.1187 103.872 0)
(-43.6121 105.604 0)
(-38.157 107.034 0)
(-32.82 108.17 0)
(-27.7125 109.025 0)
(-22.9406 109.628 0)
(-18.6558 110.016 0)
(-124.21 -2.70167 0.05)
(-124.11 5.87814 0.05)
(-123.304 14.6137 0.05)
(-121.446 24.7875 0.05)
(-119.015 33.5485 0.05)
(-115.815 42.1755 0.05)
(-111.819 50.6427 0.05)
(-107.468 58.1695 0.05)
(-102.711 65.0847 0.05)
(-97.6514 71.3668 0.05)
(-92.5053 76.8985 0.05)
(-87.2237 81.8608 0.05)
(-81.8744 86.2764 0.05)
(-76.5057 90.1829 0.05)
(-71.0819 93.6634 0.05)
(-65.631 96.7417 0.05)
(-60.1472 99.4552 0.05)
(-54.6388 101.826 0.05)
(-49.1187 103.872 0.05)
(-43.6121 105.604 0.05)
(-38.157 107.034 0.05)
(-32.82 108.17 0.05)
(-27.7125 109.025 0.05)
(-22.9406 109.628 0.05)
(-18.6558 110.016 0.05)
(-130.253 -2.8721 0)
(-130.147 6.18862 0)
(-129.297 15.4135 0)
(-127.334 26.1575 0)
(-124.767 35.4082 0)
(-121.388 44.5169 0)
(-117.17 53.4562 0)
(-112.577 61.4015 0)
(-107.556 68.7002 0)
(-102.217 75.3296 0)
(-96.7872 81.1657 0)
(-91.2161 86.4 0)
(-85.5752 91.0564 0)
(-79.9154 95.1746 0)
(-74.1994 98.8427 0)
(-68.4568 102.086 0)
(-62.6816 104.943 0)
(-56.8831 107.439 0)
(-51.0747 109.592 0)
(-45.2835 111.414 0)
(-39.55 112.916 0)
(-33.9447 114.109 0)
(-28.5855 115.007 0)
(-23.5851 115.639 0)
(-19.1036 116.044 0)
(-130.253 -2.8721 0.05)
(-130.147 6.18862 0.05)
(-129.297 15.4135 0.05)
(-127.334 26.1575 0.05)
(-124.767 35.4082 0.05)
(-121.388 44.5169 0.05)
(-117.17 53.4562 0.05)
(-112.577 61.4015 0.05)
(-107.556 68.7002 0.05)
(-102.217 75.3296 0.05)
(-96.7872 81.1657 0.05)
(-91.2161 86.4 0.05)
(-85.5752 91.0564 0.05)
(-79.9154 95.1746 0.05)
(-74.1994 98.8427 0.05)
(-68.4568 102.086 0.05)
(-62.6816 104.943 0.05)
(-56.8831 107.439 0.05)
(-51.0747 109.592 0.05)
(-45.2835 111.414 0.05)
(-39.55 112.916 0.05)
(-33.9447 114.109 0.05)
(-28.5855 115.007 0.05)
(-23.5851 115.639 0.05)
(-19.1036 116.044 0.05)
(-134.626 -2.99544 0)
(-134.524 6.41373 0)
(-133.709 16.0018 0)
(-131.826 27.1993 0)
(-129.364 36.885 0)
(-126.123 46.4853 0)
(-122.077 55.9966 0)
(-117.671 64.5568 0)
(-112.855 72.5474 0)
(-107.733 79.9564 0)
(-102.525 86.978 0)
(-96.3517 91.9989 0)
(-89.9302 96.4654 0)
(-83.6277 100.416 0)
(-77.3676 103.934 0)
(-71.1595 107.045 0)
(-64.9793 109.786 0)
(-58.8243 112.18 0)
(-52.699 114.245 0)
(-46.6241 115.992 0)
(-40.6352 117.434 0)
(-34.8006 118.578 0)
(-29.238 119.439 0)
(-24.0605 120.045 0)
(-19.4311 120.434 0)
(-134.626 -2.99544 0.05)
(-134.524 6.41373 0.05)
(-133.709 16.0018 0.05)
(-131.826 27.1993 0.05)
(-129.364 36.885 0.05)
(-126.123 46.4853 0.05)
(-122.077 55.9966 0.05)
(-117.671 64.5568 0.05)
(-112.855 72.5474 0.05)
(-107.733 79.9564 0.05)
(-102.525 86.978 0.05)
(-96.3517 91.9989 0.05)
(-89.9302 96.4654 0.05)
(-83.6277 100.416 0.05)
(-77.3676 103.934 0.05)
(-71.1595 107.045 0.05)
(-64.9793 109.786 0.05)
(-58.8243 112.18 0.05)
(-52.699 114.245 0.05)
(-46.6241 115.992 0.05)
(-40.6352 117.434 0.05)
(-34.8006 118.578 0.05)
(-29.238 119.439 0.05)
(-24.0605 120.045 0.05)
(-19.4311 120.434 0.05)
(-139.437 -3.13111 0)
(-139.34 6.66136 0)
(-138.563 16.6489 0)
(-136.768 28.3452 0)
(-134.421 38.5095 0)
(-131.332 48.6505 0)
(-127.474 58.791 0)
(-123.275 68.0276 0)
(-118.684 76.7792 0)
(-113.802 85.0459 0)
(-108.837 93.3716 0)
(-102.001 98.1577 0)
(-94.7208 102.415 0)
(-87.7112 106.181 0)
(-80.8528 109.535 0)
(-74.1324 112.5 0)
(-67.5067 115.113 0)
(-60.9597 117.395 0)
(-54.4858 119.363 0)
(-48.0987 121.029 0)
(-41.829 122.403 0)
(-35.742 123.494 0)
(-29.9558 124.315 0)
(-24.5834 124.893 0)
(-19.7913 125.263 0)
(-139.437 -3.13111 0.05)
(-139.34 6.66136 0.05)
(-138.563 16.6489 0.05)
(-136.768 28.3452 0.05)
(-134.421 38.5095 0.05)
(-131.332 48.6505 0.05)
(-127.474 58.791 0.05)
(-123.275 68.0276 0.05)
(-118.684 76.7792 0.05)
(-113.802 85.0459 0.05)
(-108.837 93.3716 0.05)
(-102.001 98.1577 0.05)
(-94.7208 102.415 0.05)
(-87.7112 106.181 0.05)
(-80.8528 109.535 0.05)
(-74.1324 112.5 0.05)
(-67.5067 115.113 0.05)
(-60.9597 117.395 0.05)
(-54.4858 119.363 0.05)
(-48.0987 121.029 0.05)
(-41.829 122.403 0.05)
(-35.742 123.494 0.05)
(-29.9558 124.315 0.05)
(-24.5834 124.893 0.05)
(-19.7913 125.263 0.05)
(-144.729 -3.28035 0)
(-144.637 6.93375 0)
(-143.901 17.3607 0)
(-142.204 29.6058 0)
(-139.983 40.2964 0)
(-137.061 51.0323 0)
(-133.412 61.8649 0)
(-129.439 71.8455 0)
(-125.095 81.4343 0)
(-120.477 90.6444 0)
(-115.78 100.405 0)
(-108.215 104.932 0)
(-99.9904 108.96 0)
(-92.203 112.523 0)
(-84.6864 115.696 0)
(-77.4027 118.501 0)
(-70.2869 120.973 0)
(-63.3086 123.132 0)
(-56.4513 124.994 0)
(-49.7208 126.57 0)
(-43.1421 127.869 0)
(-36.7776 128.902 0)
(-30.7453 129.678 0)
(-25.1586 130.224 0)
(-20.1875 130.575 0)
(-144.729 -3.28035 0.05)
(-144.637 6.93375 0.05)
(-143.901 17.3607 0.05)
(-142.204 29.6058 0.05)
(-139.983 40.2964 0.05)
(-137.061 51.0323 0.05)
(-133.412 61.8649 0.05)
(-129.439 71.8455 0.05)
(-125.095 81.4343 0.05)
(-120.477 90.6444 0.05)
(-115.78 100.405 0.05)
(-108.215 104.932 0.05)
(-99.9904 108.96 0.05)
(-92.203 112.523 0.05)
(-84.6864 115.696 0.05)
(-77.4027 118.501 0.05)
(-70.2869 120.973 0.05)
(-63.3086 123.132 0.05)
(-56.4513 124.994 0.05)
(-49.7208 126.57 0.05)
(-43.1421 127.869 0.05)
(-36.7776 128.902 0.05)
(-30.7453 129.678 0.05)
(-25.1586 130.224 0.05)
(-20.1875 130.575 0.05)
(-150.55 -3.44451 0)
(-150.464 7.23337 0)
(-149.774 18.1437 0)
(-148.183 30.9924 0)
(-146.102 42.262 0)
(-143.363 53.6523 0)
(-139.943 65.2462 0)
(-136.219 76.0452 0)
(-132.148 86.5549 0)
(-127.819 96.8027 0)
(-123.418 108.141 0)
(-115.05 112.384 0)
(-105.787 116.16 0)
(-97.144 119.498 0)
(-88.9034 122.472 0)
(-80.9999 125.102 0)
(-73.3451 127.418 0)
(-65.8924 129.442 0)
(-58.6133 131.187 0)
(-51.5051 132.664 0)
(-44.5865 133.882 0)
(-37.9167 134.85 0)
(-31.6138 135.577 0)
(-25.7914 136.09 0)
(-20.6234 136.418 0)
(-150.55 -3.44451 0.05)
(-150.464 7.23337 0.05)
(-149.774 18.1437 0.05)
(-148.183 30.9924 0.05)
(-146.102 42.262 0.05)
(-143.363 53.6523 0.05)
(-139.943 65.2462 0.05)
(-136.219 76.0452 0.05)
(-132.148 86.5549 0.05)
(-127.819 96.8027 0.05)
(-123.418 108.141 0.05)
(-115.05 112.384 0.05)
(-105.787 116.16 0.05)
(-97.144 119.498 0.05)
(-88.9034 122.472 0.05)
(-80.9999 125.102 0.05)
(-73.3451 127.418 0.05)
(-65.8924 129.442 0.05)
(-58.6133 131.187 0.05)
(-51.5051 132.664 0.05)
(-44.5865 133.882 0.05)
(-37.9167 134.85 0.05)
(-31.6138 135.577 0.05)
(-25.7914 136.09 0.05)
(-20.6234 136.418 0.05)
(-156.953 -3.62509 0)
(-156.873 7.56296 0)
(-156.235 19.0051 0)
(-154.76 32.5177 0)
(-152.833 44.4242 0)
(-150.295 56.5343 0)
(-147.127 68.9656 0)
(-143.677 80.6649 0)
(-139.906 92.1875 0)
(-135.896 103.577 0)
(-131.819 116.651 0)
(-122.57 120.582 0)
(-112.163 124.079 0)
(-102.579 127.172 0)
(-93.5421 129.927 0)
(-84.9569 132.362 0)
(-76.7091 134.509 0)
(-68.7346 136.383 0)
(-60.9916 138 0)
(-53.4678 139.368 0)
(-46.1754 140.497 0)
(-39.1698 141.393 0)
(-32.5691 142.067 0)
(-26.4874 142.541 0)
(-21.1028 142.846 0)
(-156.953 -3.62509 0.05)
(-156.873 7.56296 0.05)
(-156.235 19.0051 0.05)
(-154.76 32.5177 0.05)
(-152.833 44.4242 0.05)
(-150.295 56.5343 0.05)
(-147.127 68.9656 0.05)
(-143.677 80.6649 0.05)
(-139.906 92.1875 0.05)
(-135.896 103.577 0.05)
(-131.819 116.651 0.05)
(-122.57 120.582 0.05)
(-112.163 124.079 0.05)
(-102.579 127.172 0.05)
(-93.5421 129.927 0.05)
(-84.9569 132.362 0.05)
(-76.7091 134.509 0.05)
(-68.7346 136.383 0.05)
(-60.9916 138 0.05)
(-53.4678 139.368 0.05)
(-46.1754 140.497 0.05)
(-39.1698 141.393 0.05)
(-32.5691 142.067 0.05)
(-26.4874 142.541 0.05)
(-21.1028 142.846 0.05)
(-163.996 -3.82373 0)
(-163.923 7.92551 0)
(-163.341 19.9525 0)
(-161.996 34.1955 0)
(-160.236 46.8027 0)
(-157.921 59.7044 0)
(-155.029 73.0569 0)
(-151.882 85.7465 0)
(-148.44 98.3834 0)
(-144.781 111.028 0)
(-141.06 126.011 0)
(-130.84 129.599 0)
(-119.177 132.79 0)
(-108.558 135.613 0)
(-98.6446 138.127 0)
(-89.3096 140.349 0)
(-80.4095 142.308 0)
(-71.861 144.019 0)
(-63.6076 145.494 0)
(-55.6268 146.742 0)
(-47.9232 147.772 0)
(-40.5481 148.59 0)
(-33.6199 149.205 0)
(-27.253 149.638 0)
(-21.6302 149.916 0)
(-163.996 -3.82373 0.05)
(-163.923 7.92551 0.05)
(-163.341 19.9525 0.05)
(-161.996 34.1955 0.05)
(-160.236 46.8027 0.05)
(-157.921 59.7044 0.05)
(-155.029 73.0569 0.05)
(-151.882 85.7465 0.05)
(-148.44 98.3834 0.05)
(-144.781 111.028 0.05)
(-141.06 126.011 0.05)
(-130.84 129.599 0.05)
(-119.177 132.79 0.05)
(-108.558 135.613 0.05)
(-98.6446 138.127 0.05)
(-89.3096 140.349 0.05)
(-80.4095 142.308 0.05)
(-71.861 144.019 0.05)
(-63.6076 145.494 0.05)
(-55.6268 146.742 0.05)
(-47.9232 147.772 0.05)
(-40.5481 148.59 0.05)
(-33.6199 149.205 0.05)
(-27.253 149.638 0.05)
(-21.6302 149.916 0.05)
(-171.744 -4.04223 0)
(-171.679 8.32432 0)
(-171.158 20.9947 0)
(-169.954 36.0411 0)
(-168.38 49.4189 0)
(-166.309 63.1916 0)
(-163.722 77.5573 0)
(-160.906 91.3363 0)
(-157.828 105.199 0)
(-154.554 119.225 0)
(-151.225 136.308 0)
(-139.939 139.518 0)
(-126.892 142.373 0)
(-115.134 144.898 0)
(-104.257 147.147 0)
(-94.0975 149.135 0)
(-84.48 150.887 0)
(-75.3 152.417 0)
(-66.4853 153.737 0)
(-58.0017 154.854 0)
(-49.8457 155.775 0)
(-42.0643 156.507 0)
(-34.7759 157.057 0)
(-28.0952 157.445 0)
(-22.2103 157.693 0)
(-16.9314 157.843 0)
(-171.744 -4.04223 0.05)
(-171.679 8.32432 0.05)
(-171.158 20.9947 0.05)
(-169.954 36.0411 0.05)
(-168.38 49.4189 0.05)
(-166.309 63.1916 0.05)
(-163.722 77.5573 0.05)
(-160.906 91.3363 0.05)
(-157.828 105.199 0.05)
(-154.554 119.225 0.05)
(-151.225 136.308 0.05)
(-139.939 139.518 0.05)
(-126.892 142.373 0.05)
(-115.134 144.898 0.05)
(-104.257 147.147 0.05)
(-94.0975 149.135 0.05)
(-84.48 150.887 0.05)
(-75.3 152.417 0.05)
(-66.4853 153.737 0.05)
(-58.0017 154.854 0.05)
(-49.8457 155.775 0.05)
(-42.0643 156.507 0.05)
(-34.7759 157.057 0.05)
(-28.0952 157.445 0.05)
(-22.2103 157.693 0.05)
(-16.9314 157.843 0.05)
(-180.266 -4.28258 0)
(-180.21 8.763 0)
(-179.756 22.1411 0)
(-178.709 38.0713 0)
(-177.339 52.2968 0)
(-175.536 67.0275 0)
(-173.284 82.5079 0)
(-170.833 97.4851 0)
(-168.154 112.696 0)
(-165.304 128.241 0)
(-162.407 147.635 0)
(-149.946 150.428 0)
(-135.379 152.913 0)
(-122.368 155.111 0)
(-110.432 157.068 0)
(-99.3643 158.799 0)
(-88.9575 160.324 0)
(-79.0829 161.656 0)
(-69.6507 162.805 0)
(-60.6141 163.777 0)
(-51.9605 164.579 0)
(-43.7321 165.216 0)
(-36.0474 165.695 0)
(-29.0217 166.032 0)
(-22.8485 166.248 0)
(-17.324 166.379 0)
(-180.266 -4.28258 0.05)
(-180.21 8.763 0.05)
(-179.756 22.1411 0.05)
(-178.709 38.0713 0.05)
(-177.339 52.2968 0.05)
(-175.536 67.0275 0.05)
(-173.284 82.5079 0.05)
(-170.833 97.4851 0.05)
(-168.154 112.696 0.05)
(-165.304 128.241 0.05)
(-162.407 147.635 0.05)
(-149.946 150.428 0.05)
(-135.379 152.913 0.05)
(-122.368 155.111 0.05)
(-110.432 157.068 0.05)
(-99.3643 158.799 0.05)
(-88.9575 160.324 0.05)
(-79.0829 161.656 0.05)
(-69.6507 162.805 0.05)
(-60.6141 163.777 0.05)
(-51.9605 164.579 0.05)
(-43.7321 165.216 0.05)
(-36.0474 165.695 0.05)
(-29.0217 166.032 0.05)
(-22.8485 166.248 0.05)
(-17.324 166.379 0.05)
(-189.641 -4.54697 0)
(-189.594 9.24555 0)
(-189.214 23.4022 0)
(-188.338 40.3045 0)
(-187.193 55.4625 0)
(-185.685 71.247 0)
(-183.803 87.9534 0)
(-181.753 104.249 0)
(-179.513 120.943 0)
(-177.13 138.159 0)
(-174.707 160.094 0)
(-160.955 162.43 0)
(-144.714 164.508 0)
(-130.326 166.346 0)
(-117.223 167.983 0)
(-105.158 169.43 0)
(-93.8828 170.705 0)
(-83.2442 171.819 0)
(-73.1327 172.779 0)
(-63.4878 173.592 0)
(-54.2868 174.263 0)
(-45.5667 174.795 0)
(-37.4461 175.196 0)
(-30.0407 175.478 0)
(-23.5504 175.659 0)
(-17.7557 175.768 0)
(-189.641 -4.54697 0.05)
(-189.594 9.24555 0.05)
(-189.214 23.4022 0.05)
(-188.338 40.3045 0.05)
(-187.193 55.4625 0.05)
(-185.685 71.247 0.05)
(-183.803 87.9534 0.05)
(-181.753 104.249 0.05)
(-179.513 120.943 0.05)
(-177.13 138.159 0.05)
(-174.707 160.094 0.05)
(-160.955 162.43 0.05)
(-144.714 164.508 0.05)
(-130.326 166.346 0.05)
(-117.223 167.983 0.05)
(-105.158 169.43 0.05)
(-93.8828 170.705 0.05)
(-83.2442 171.819 0.05)
(-73.1327 172.779 0.05)
(-63.4878 173.592 0.05)
(-54.2868 174.263 0.05)
(-45.5667 174.795 0.05)
(-37.4461 175.196 0.05)
(-30.0407 175.478 0.05)
(-23.5504 175.659 0.05)
(-17.7557 175.768 0.05)
(-199.953 -4.8378 0)
(-199.916 9.77636 0)
(-199.618 24.7893 0)
(-198.931 42.7609 0)
(-198.033 58.9447 0)
(-196.85 75.8884 0)
(-195.373 93.9435 0)
(-193.765 111.689 0)
(-192.007 130.014 0)
(-190.138 149.069 0)
(-188.237 173.799 0)
(-173.064 175.632 0)
(-154.983 177.262 0)
(-139.079 178.704 0)
(-124.694 179.988 0)
(-111.53 181.123 0)
(-99.3006 182.124 0)
(-87.8215 182.998 0)
(-76.9628 183.751 0)
(-66.6488 184.389 0)
(-56.8457 184.915 0)
(-47.5848 185.333 0)
(-38.9846 185.647 0)
(-31.1617 185.868 0)
(-24.3226 186.01 0)
(-18.2307 186.096 0)
(-199.953 -4.8378 0.05)
(-199.916 9.77636 0.05)
(-199.618 24.7893 0.05)
(-198.931 42.7609 0.05)
(-198.033 58.9447 0.05)
(-196.85 75.8884 0.05)
(-195.373 93.9435 0.05)
(-193.765 111.689 0.05)
(-192.007 130.014 0.05)
(-190.138 149.069 0.05)
(-188.237 173.799 0.05)
(-173.064 175.632 0.05)
(-154.983 177.262 0.05)
(-139.079 178.704 0.05)
(-124.694 179.988 0.05)
(-111.53 181.123 0.05)
(-99.3006 182.124 0.05)
(-87.8215 182.998 0.05)
(-76.9628 183.751 0.05)
(-66.6488 184.389 0.05)
(-56.8457 184.915 0.05)
(-47.5848 185.333 0.05)
(-38.9846 185.647 0.05)
(-31.1617 185.868 0.05)
(-24.3226 186.01 0.05)
(-18.2307 186.096 0.05)
(-211.297 -5.1577 0)
(-211.271 10.3603 0)
(-211.063 26.3152 0)
(-210.583 45.4631 0)
(-209.956 62.7752 0)
(-209.131 80.994 0)
(-208.1 100.533 0)
(-206.978 119.873 0)
(-205.751 139.993 0)
(-204.447 161.07 0)
(-203.12 188.875 0)
(-186.385 190.154 0)
(-166.279 191.292 0)
(-148.708 192.298 0)
(-132.911 193.194 0)
(-118.54 193.986 0)
(-105.26 194.685 0)
(-92.8566 195.294 0)
(-81.176 195.82 0)
(-70.1259 196.265 0)
(-59.6605 196.633 0)
(-49.8046 196.924 0)
(-40.677 197.143 0)
(-32.3947 197.298 0)
(-25.1719 197.397 0)
(-18.7531 197.457 0)
(-211.297 -5.1577 0.05)
(-211.271 10.3603 0.05)
(-211.063 26.3152 0.05)
(-210.583 45.4631 0.05)
(-209.956 62.7752 0.05)
(-209.131 80.994 0.05)
(-208.1 100.533 0.05)
(-206.978 119.873 0.05)
(-205.751 139.993 0.05)
(-204.447 161.07 0.05)
(-203.12 188.875 0.05)
(-186.385 190.154 0.05)
(-166.279 191.292 0.05)
(-148.708 192.298 0.05)
(-132.911 193.194 0.05)
(-118.54 193.986 0.05)
(-105.26 194.685 0.05)
(-92.8566 195.294 0.05)
(-81.176 195.82 0.05)
(-70.1259 196.265 0.05)
(-59.6605 196.633 0.05)
(-49.8046 196.924 0.05)
(-40.677 197.143 0.05)
(-32.3947 197.298 0.05)
(-25.1719 197.397 0.05)
(-18.7531 197.457 0.05)
(-223.774 -5.5096 0)
(-223.761 11.0025 0)
(-223.652 27.9937 0)
(-223.401 48.4354 0)
(-223.072 66.9887 0)
(-222.64 86.6102 0)
(-222.1 107.781 0)
(-221.512 128.875 0)
(-220.87 150.969 0)
(-220.186 174.271 0)
(-219.492 205.458 0)
(-201.037 206.128 0)
(-178.705 206.724 0)
(-159.299 207.251 0)
(-141.951 207.721 0)
(-126.252 208.136 0)
(-111.816 208.501 0)
(-98.3952 208.821 0)
(-85.8105 209.096 0)
(-73.9507 209.33 0)
(-62.7568 209.522 0)
(-52.2465 209.675 0)
(-42.5387 209.789 0)
(-33.7511 209.87 0)
(-26.1062 209.922 0)
(-19.3278 209.953 0)
(-223.774 -5.5096 0.05)
(-223.761 11.0025 0.05)
(-223.652 27.9937 0.05)
(-223.401 48.4354 0.05)
(-223.072 66.9887 0.05)
(-222.64 86.6102 0.05)
(-222.1 107.781 0.05)
(-221.512 128.875 0.05)
(-220.87 150.969 0.05)
(-220.186 174.271 0.05)
(-219.492 205.458 0.05)
(-201.037 206.128 0.05)
(-178.705 206.724 0.05)
(-159.299 207.251 0.05)
(-141.951 207.721 0.05)
(-126.252 208.136 0.05)
(-111.816 208.501 0.05)
(-98.3952 208.821 0.05)
(-85.8105 209.096 0.05)
(-73.9507 209.33 0.05)
(-62.7568 209.522 0.05)
(-52.2465 209.675 0.05)
(-42.5387 209.789 0.05)
(-33.7511 209.87 0.05)
(-26.1062 209.922 0.05)
(-19.3278 209.953 0.05)
(-237.5 -5.89669 0)
(-237.5 11.709 0)
(-237.5 29.84 0)
(-237.5 51.705 0)
(-237.5 71.6236 0)
(-237.5 92.7879 0)
(-237.5 115.754 0)
(-237.5 138.778 0)
(-237.5 163.043 0)
(-237.5 188.792 0)
(-237.5 223.7 0)
(-217.155 223.7 0)
(-192.373 223.7 0)
(-170.95 223.7 0)
(-151.894 223.7 0)
(-134.734 223.7 0)
(-119.027 223.7 0)
(-104.488 223.7 0)
(-90.9085 223.7 0)
(-78.158 223.7 0)
(-66.1627 223.7 0)
(-54.9325 223.7 0)
(-44.5865 223.7 0)
(-35.2431 223.7 0)
(-27.1339 223.7 0)
(-19.96 223.7 0)
(-237.5 -5.89669 0.05)
(-237.5 11.709 0.05)
(-237.5 29.84 0.05)
(-237.5 51.705 0.05)
(-237.5 71.6236 0.05)
(-237.5 92.7879 0.05)
(-237.5 115.754 0.05)
(-237.5 138.778 0.05)
(-237.5 163.043 0.05)
(-237.5 188.792 0.05)
(-237.5 223.7 0.05)
(-217.155 223.7 0.05)
(-192.373 223.7 0.05)
(-170.95 223.7 0.05)
(-151.894 223.7 0.05)
(-134.734 223.7 0.05)
(-119.027 223.7 0.05)
(-104.488 223.7 0.05)
(-90.9085 223.7 0.05)
(-78.158 223.7 0.05)
(-66.1627 223.7 0.05)
(-54.9325 223.7 0.05)
(-44.5865 223.7 0.05)
(-35.2431 223.7 0.05)
(-27.1339 223.7 0.05)
(-19.96 223.7 0.05)
)


// ************************************************************************* //
